"Plot Title: site10kmWY2026"
"#","Date Time, GMT-06:00","Wind Speed, m/s (LGR S/N: 21623137, SEN S/N: 21534753)","Gust Speed, m/s (LGR S/N: 21623137, SEN S/N: 21534753)","Wind Direction, ø (LGR S/N: 21623137, SEN S/N: 21534753)","Temp, °C (LGR S/N: 21623137, SEN S/N: 21549914)","RH, % (LGR S/N: 21623137, SEN S/N: 21549914)","Pressure, mbar (LGR S/N: 21623137, SEN S/N: 21569223)","DewPt, °C (LGR S/N: 21623137, SEN S/N: 21549914)"
1,10/29/25 12:00:53 PM,0.67,1.34,119.3,7.553,39.103,1069.350,-5.468
2,10/29/25 12:10:53 PM,0.67,1.67,134.8,8.646,37.400,1069.350,-5.075
3,10/29/25 12:20:53 PM,0.33,1.00,168.5,9.384,36.495,1069.350,-4.740
4,10/29/25 12:30:53 PM,0.67,1.34,165.7,9.971,35.901,1069.350,-4.436
5,10/29/25 12:40:53 PM,0.00,0.00,285.0,10.207,33.495,1069.350,-5.143
6,10/29/25 12:50:53 PM,0.67,2.34,223.2,10.810,32.346,1069.350,-5.073
7,10/29/25 01:00:53 PM,1.67,2.67,220.4,11.159,30.593,1069.350,-5.501
8,10/29/25 01:10:53 PM,1.67,3.01,216.2,11.708,31.429,1069.350,-4.666
9,10/29/25 01:20:53 PM,1.67,3.34,231.6,12.129,31.745,1069.350,-4.165
10,10/29/25 01:30:53 PM,2.00,3.34,252.7,12.137,31.867,1069.350,-4.107
11,10/29/25 01:40:53 PM,2.34,4.34,242.9,13.239,31.794,1069.350,-3.174
12,10/29/25 01:50:53 PM,3.01,5.34,261.1,13.456,31.643,1069.350,-3.048
13,10/29/25 02:00:53 PM,4.34,6.68,252.7,13.582,32.213,1069.350,-2.698
14,10/29/25 02:10:53 PM,4.01,7.35,255.5,13.022,33.674,1069.350,-2.593
15,10/29/25 02:20:53 PM,4.34,6.35,262.5,12.735,35.349,1069.350,-2.191
16,10/29/25 02:30:53 PM,4.34,7.01,261.1,12.574,36.967,1069.350,-1.728
17,10/29/25 02:40:53 PM,4.34,7.35,261.1,12.746,38.245,1069.350,-1.113
18,10/29/25 02:50:53 PM,4.68,7.01,268.1,12.915,39.249,1069.350,-0.607
19,10/29/25 03:00:53 PM,4.68,7.01,268.1,12.716,41.408,1069.350,-0.051
20,10/29/25 03:10:53 PM,5.01,7.68,271.0,12.641,42.368,1069.350,0.197
21,10/29/25 03:20:53 PM,5.01,8.02,263.9,12.727,42.966,1069.350,0.468
22,10/29/25 03:30:53 PM,4.68,7.01,271.0,12.974,43.307,1069.350,0.801
23,10/29/25 03:40:53 PM,4.34,6.35,263.9,13.016,43.732,1069.350,0.975
24,10/29/25 03:50:53 PM,4.34,7.35,268.1,13.223,43.688,1069.350,1.149
25,10/29/25 04:00:53 PM,4.68,7.35,266.7,13.169,44.926,1069.350,1.488
26,10/29/25 04:10:53 PM,5.01,7.68,262.5,12.982,45.843,1069.350,1.600
27,10/29/25 04:20:53 PM,5.01,7.68,259.7,12.813,45.888,1069.350,1.459
28,10/29/25 04:30:53 PM,5.01,7.35,262.5,12.705,46.748,1069.350,1.619
29,10/29/25 04:40:53 PM,4.68,7.01,268.1,12.588,46.459,1069.350,1.426
30,10/29/25 04:50:53 PM,5.01,7.68,262.5,12.413,46.395,1069.350,1.247
31,10/29/25 05:00:53 PM,5.01,7.35,251.3,12.282,46.535,1069.350,1.169
32,10/29/25 05:10:53 PM,4.68,7.01,256.9,12.035,46.854,1069.350,1.038
33,10/29/25 05:20:53 PM,4.01,6.01,254.1,11.915,47.218,1069.350,1.035
34,10/29/25 05:30:53 PM,3.67,5.34,255.5,11.663,47.749,1069.350,0.960
35,10/29/25 05:40:53 PM,3.67,5.34,255.5,11.381,48.862,1069.350,1.020
36,10/29/25 05:50:53 PM,3.01,5.01,252.7,11.038,49.685,1069.350,0.936
37,10/29/25 06:00:53 PM,3.01,4.68,256.9,10.553,51.171,1069.350,0.897
38,10/29/25 06:10:53 PM,2.67,4.34,259.7,9.872,53.132,1069.350,0.787
39,10/29/25 06:20:53 PM,2.34,3.67,258.3,8.952,55.586,1069.350,0.555
40,10/29/25 06:30:53 PM,2.34,3.34,259.7,7.247,60.206,1069.350,0.055
41,10/29/25 06:40:53 PM,2.34,3.01,275.2,6.153,63.207,1069.350,-0.311
42,10/29/25 06:50:53 PM,2.00,3.01,268.1,6.207,62.315,1069.350,-0.455
43,10/29/25 07:00:53 PM,2.67,3.67,247.1,5.008,65.953,1069.350,-0.818
44,10/29/25 07:10:53 PM,2.00,3.01,275.2,3.569,69.711,1069.350,-1.440
45,10/29/25 07:20:53 PM,2.34,3.34,263.9,3.955,69.136,1069.350,-1.183
46,10/29/25 07:30:53 PM,2.34,3.67,263.9,5.137,65.467,1069.350,-0.797
47,10/29/25 07:40:53 PM,2.00,2.67,262.5,4.223,67.903,1069.350,-1.171
48,10/29/25 07:50:53 PM,2.67,3.34,266.7,3.258,71.466,1069.350,-1.401
49,10/29/25 08:00:53 PM,3.01,4.01,275.2,4.461,68.757,1069.350,-0.772
50,10/29/25 08:10:53 PM,1.34,2.67,297.6,4.309,68.376,1069.350,-0.994
51,10/29/25 08:20:53 PM,2.67,4.34,299.0,3.526,70.845,1069.350,-1.262
52,10/29/25 08:30:53 PM,2.67,3.67,285.0,4.129,69.104,1069.350,-1.022
53,10/29/25 08:40:53 PM,2.67,3.01,279.4,4.539,67.524,1069.350,-0.945
54,10/29/25 08:50:53 PM,2.00,3.01,283.6,4.234,68.397,1069.350,-1.062
55,10/29/25 09:00:53 PM,2.00,3.01,275.2,4.011,69.042,1069.350,-1.147
56,10/29/25 09:10:53 PM,2.34,3.34,252.7,3.327,70.445,1069.350,-1.531
57,10/29/25 09:20:53 PM,2.67,3.67,265.3,2.400,73.956,1069.350,-1.764
58,10/29/25 09:30:53 PM,2.00,3.67,320.1,1.413,77.246,1069.350,-2.132
59,10/29/25 09:40:53 PM,1.67,3.01,311.7,1.762,76.741,1069.350,-1.882
60,10/29/25 09:50:53 PM,1.00,3.01,303.2,1.681,77.079,1069.350,-1.901
61,10/29/25 10:00:53 PM,1.00,2.34,256.9,1.448,77.675,1069.350,-2.023
62,10/29/25 10:10:53 PM,1.67,2.34,256.9,1.175,78.570,1069.350,-2.134
63,10/29/25 10:20:53 PM,2.00,3.34,258.3,1.553,78.543,1069.350,-1.771
64,10/29/25 10:30:53 PM,2.00,3.34,307.5,1.877,77.119,1069.350,-1.703
65,10/29/25 10:40:53 PM,2.00,3.01,314.5,0.847,80.131,1069.350,-2.188
66,10/29/25 10:50:53 PM,1.67,3.34,275.2,0.700,81.477,1069.350,-2.107
67,10/29/25 11:00:53 PM,1.67,2.34,275.2,0.947,79.583,1069.350,-2.183
68,10/29/25 11:10:53 PM,1.67,3.01,238.7,0.105,82.383,1069.350,-2.540
69,10/29/25 11:20:53 PM,0.67,1.67,334.1,-0.541,85.318,1069.350,-2.702
70,10/29/25 11:30:53 PM,0.33,1.67,310.3,0.252,82.080,1069.350,-2.445
71,10/29/25 11:40:53 PM,1.67,2.67,279.4,0.748,81.718,1069.350,-2.020
72,10/29/25 11:50:53 PM,1.67,2.67,273.8,-0.016,81.798,1069.350,-2.754
73,10/30/25 12:00:53 AM,1.34,2.00,299.0,-0.876,86.587,1069.350,-2.834
74,10/30/25 12:10:53 AM,2.00,3.34,292.0,0.166,84.224,1069.350,-2.182
75,10/30/25 12:20:53 AM,3.01,3.67,273.8,0.893,82.251,1069.350,-1.790
76,10/30/25 12:30:53 AM,3.01,4.01,269.6,0.630,82.560,1069.350,-1.996
77,10/30/25 12:40:53 AM,2.34,3.34,272.4,0.405,83.511,1069.350,-2.062
78,10/30/25 12:50:53 AM,2.34,3.01,275.2,0.957,82.309,1069.350,-1.717
79,10/30/25 01:00:53 AM,2.67,3.34,258.3,1.228,80.401,1069.350,-1.770
80,10/30/25 01:10:53 AM,2.00,3.01,268.1,0.164,82.870,1069.350,-2.402
81,10/30/25 01:20:53 AM,2.67,3.67,254.1,0.301,82.908,1069.350,-2.262
82,10/30/25 01:30:53 AM,1.00,2.00,11.2,-0.244,84.306,1069.350,-2.571
83,10/30/25 01:40:53 AM,0.33,1.34,332.7,0.858,80.339,1069.350,-2.142
84,10/30/25 01:50:53 AM,0.33,1.34,325.7,0.102,82.519,1069.350,-2.520
85,10/30/25 02:00:53 AM,2.67,3.67,313.1,-0.525,84.146,1069.350,-2.873
86,10/30/25 02:10:53 AM,2.00,3.67,304.7,-0.584,85.353,1069.350,-2.739
87,10/30/25 02:20:53 AM,1.67,2.67,259.7,-0.375,84.974,1069.350,-2.594
88,10/30/25 02:30:53 AM,1.67,3.01,275.2,-0.163,84.059,1069.350,-2.531
89,10/30/25 02:40:53 AM,0.67,2.00,56.2,-0.716,84.852,1069.350,-2.948
90,10/30/25 02:50:53 AM,1.00,3.01,226.0,-0.745,85.806,1069.350,-2.827
91,10/30/25 03:00:53 AM,0.67,1.67,244.3,-0.611,84.996,1069.350,-2.822
92,10/30/25 03:10:53 AM,0.33,1.34,278.0,-1.056,86.091,1069.350,-3.088
93,10/30/25 03:20:53 AM,1.00,2.00,286.4,-1.126,86.506,1069.350,-3.093
94,10/30/25 03:30:53 AM,0.33,2.00,344.0,-1.501,86.685,1069.350,-3.434
95,10/30/25 03:40:53 AM,0.00,1.00,345.4,-1.986,88.838,1069.350,-3.585
96,10/30/25 03:50:53 AM,0.67,1.00,345.4,-2.547,89.546,1069.350,-4.034
97,10/30/25 04:00:53 AM,1.34,1.67,332.7,-3.035,90.549,1069.350,-4.369
98,10/30/25 04:10:53 AM,1.67,2.34,329.9,-3.268,91.530,1069.350,-4.457
99,10/30/25 04:20:53 AM,1.34,2.00,320.1,-3.035,90.735,1069.350,-4.342
100,10/30/25 04:30:53 AM,0.67,1.67,327.1,-2.876,89.786,1069.350,-4.324
101,10/30/25 04:40:53 AM,0.00,0.67,328.5,-3.262,91.353,1069.350,-4.477
102,10/30/25 04:50:53 AM,0.33,1.00,299.0,-3.262,90.150,1069.350,-4.652
103,10/30/25 05:00:53 AM,0.33,0.67,287.8,-4.118,92.224,1069.350,-5.200
104,10/30/25 05:10:53 AM,0.00,0.00,287.8,-4.871,93.672,1069.350,-5.744
105,10/30/25 05:20:53 AM,0.00,0.00,287.8,-4.506,96.240,1069.350,-5.025
106,10/30/25 05:30:53 AM,0.33,1.34,287.8,-4.295,94.763,1069.350,-5.018
107,10/30/25 05:40:53 AM,1.67,2.00,276.6,-4.665,93.689,1069.350,-5.537
108,10/30/25 05:50:53 AM,1.34,1.67,275.2,-3.866,93.993,1069.350,-4.699
109,10/30/25 06:00:53 AM,0.33,1.00,275.2,-3.319,90.953,1069.350,-4.591
110,10/30/25 06:10:53 AM,0.33,1.67,276.6,-4.651,91.885,1069.350,-5.778
111,10/30/25 06:20:53 AM,1.34,2.00,292.0,-4.777,94.833,1069.350,-5.489
112,10/30/25 06:30:53 AM,1.00,1.34,294.8,-4.225,94.377,1069.350,-5.003
113,10/30/25 06:40:53 AM,1.34,2.00,286.4,-4.619,93.703,1069.350,-5.489
114,10/30/25 06:50:53 AM,1.67,2.00,269.6,-5.536,94.282,1069.350,-6.320
115,10/30/25 07:00:53 AM,1.34,1.67,294.8,-4.603,94.580,1069.350,-5.351
116,10/30/25 07:10:53 AM,1.34,1.67,304.7,-4.686,93.712,1069.350,-5.554
117,10/30/25 07:20:53 AM,1.00,1.67,306.1,-4.823,93.918,1069.350,-5.662
118,10/30/25 07:30:53 AM,0.67,1.34,311.7,-4.734,93.756,1069.350,-5.596
119,10/30/25 07:40:53 AM,0.33,1.00,311.7,-4.649,93.639,1069.350,-5.528
120,10/30/25 07:50:53 AM,0.00,0.00,311.7,-4.686,93.658,1069.350,-5.562
121,10/30/25 08:00:53 AM,0.00,0.00,311.7,-4.973,94.881,1069.350,-5.677
122,10/30/25 08:10:53 AM,0.33,1.00,311.7,-5.137,94.911,1069.350,-5.836
123,10/30/25 08:20:53 AM,0.67,1.00,311.7,-5.072,93.895,1069.350,-5.912
124,10/30/25 08:30:53 AM,0.67,1.00,311.7,-5.244,93.109,1069.350,-6.193
125,10/30/25 08:40:53 AM,0.00,0.67,311.7,-4.249,91.585,1069.350,-5.422
126,10/30/25 08:50:53 AM,0.33,1.00,311.7,-4.431,87.655,1069.350,-6.176
127,10/30/25 09:00:53 AM,0.67,1.34,311.7,-4.260,90.361,1069.350,-5.609
128,10/30/25 09:10:53 AM,0.33,0.67,311.7,-2.716,88.154,1069.350,-4.409
129,10/30/25 09:20:53 AM,0.00,0.00,311.7,-1.901,86.523,1069.350,-3.853
130,10/30/25 09:30:53 AM,0.00,0.00,311.7,-0.380,84.044,1069.350,-2.747
131,10/30/25 09:40:53 AM,0.00,0.00,311.7,1.338,79.669,1069.350,-1.787
132,10/30/25 09:50:53 AM,0.00,0.00,311.7,2.555,78.485,1069.350,-0.805
133,10/30/25 10:00:53 AM,0.00,0.67,91.3,2.188,79.777,1069.350,-0.939
134,10/30/25 10:10:53 AM,0.00,0.00,102.5,2.738,77.435,1069.350,-0.811
135,10/30/25 10:20:53 AM,0.00,0.00,92.7,3.193,75.383,1069.350,-0.736
136,10/30/25 10:30:53 AM,0.33,1.00,64.6,4.008,74.528,1069.350,-0.103
137,10/30/25 10:40:53 AM,0.67,1.67,116.5,4.563,72.583,1069.350,0.069
138,10/30/25 10:50:53 AM,1.00,1.67,120.7,4.459,71.537,1069.350,-0.231
139,10/30/25 11:00:53 AM,0.67,1.67,105.3,5.100,69.268,1069.350,-0.058
140,10/30/25 11:10:53 AM,1.00,2.34,101.1,5.746,66.192,1069.350,-0.065
141,10/30/25 11:20:53 AM,1.34,2.67,94.1,5.802,64.704,1069.350,-0.324
142,10/30/25 11:30:53 AM,1.34,2.34,85.6,6.376,63.249,1069.350,-0.091
143,10/30/25 11:40:53 AM,1.34,3.34,95.5,6.928,61.894,1069.350,0.135
144,10/30/25 11:50:53 AM,2.34,4.34,88.4,6.877,60.301,1069.350,-0.272
145,10/30/25 12:00:53 PM,2.67,4.34,82.8,7.408,58.703,1069.350,-0.141
146,10/30/25 12:10:53 PM,3.67,5.68,89.9,7.676,55.593,1069.350,-0.636
147,10/30/25 12:20:53 PM,3.67,6.01,82.8,7.818,55.355,1069.350,-0.562
148,10/30/25 12:30:53 PM,3.34,5.01,91.3,7.826,56.474,1069.350,-0.280
149,10/30/25 12:40:53 PM,3.01,5.01,82.8,8.357,56.338,1069.350,0.184
150,10/30/25 12:50:53 PM,3.01,5.01,89.9,8.424,56.692,1069.350,0.333
151,10/30/25 01:00:53 PM,2.67,4.34,99.7,8.523,56.097,1069.350,0.280
152,10/30/25 01:10:53 PM,2.67,4.68,80.0,9.177,53.724,1069.350,0.294
153,10/30/25 01:20:53 PM,3.01,5.34,81.4,9.242,52.810,1069.350,0.118
154,10/30/25 01:30:53 PM,3.01,5.01,84.2,9.553,51.968,1069.350,0.185
155,10/30/25 01:40:53 PM,2.67,4.68,84.2,10.011,51.795,1069.350,0.563
156,10/30/25 01:50:53 PM,2.67,4.34,73.0,10.311,50.477,1069.350,0.484
157,10/30/25 02:00:53 PM,2.67,4.34,70.2,10.330,49.790,1069.350,0.313
158,10/30/25 02:10:53 PM,2.34,4.01,88.4,10.550,49.062,1069.350,0.312
159,10/30/25 02:20:53 PM,2.00,4.01,63.2,10.968,47.349,1069.350,0.206
160,10/30/25 02:30:53 PM,1.67,3.34,71.6,10.711,47.112,1069.350,-0.099
161,10/30/25 02:40:53 PM,1.34,3.01,103.9,11.000,46.629,1069.350,0.024
162,10/30/25 02:50:53 PM,1.67,3.34,94.1,11.081,46.111,1069.350,-0.056
163,10/30/25 03:00:53 PM,1.34,3.34,99.7,11.515,44.718,1069.350,-0.082
164,10/30/25 03:10:53 PM,1.00,2.67,103.9,11.834,43.809,1069.350,-0.074
165,10/30/25 03:20:53 PM,1.00,2.34,85.6,12.057,43.702,1069.350,0.095
166,10/30/25 03:30:53 PM,1.00,2.00,25.3,12.201,43.435,1069.350,0.141
167,10/30/25 03:40:53 PM,1.34,2.67,122.1,12.167,42.524,1069.350,-0.182
168,10/30/25 03:50:53 PM,0.67,2.00,109.5,12.354,41.782,1069.350,-0.254
169,10/30/25 04:00:53 PM,1.00,2.34,122.1,12.555,41.132,1069.350,-0.288
170,10/30/25 04:10:53 PM,0.67,1.67,89.9,13.531,39.916,1069.350,0.177
171,10/30/25 04:20:53 PM,1.00,2.67,108.1,12.899,40.320,1069.350,-0.252
172,10/30/25 04:30:53 PM,0.67,2.34,108.1,12.941,39.423,1069.350,-0.523
173,10/30/25 04:40:53 PM,1.00,2.00,168.5,12.317,40.111,1069.350,-0.847
174,10/30/25 04:50:53 PM,1.00,2.00,182.5,11.979,40.726,1069.350,-0.943
175,10/30/25 05:00:53 PM,0.33,1.67,210.6,12.357,40.188,1069.350,-0.785
176,10/30/25 05:10:53 PM,0.67,1.67,168.5,11.716,41.436,1069.350,-0.944
177,10/30/25 05:20:53 PM,0.67,1.34,150.2,10.915,43.742,1069.350,-0.930
178,10/30/25 05:30:53 PM,0.67,1.67,147.4,10.236,45.333,1069.350,-1.060
179,10/30/25 05:40:53 PM,1.67,2.67,165.7,8.869,57.903,1069.350,1.043
180,10/30/25 05:50:53 PM,2.00,3.01,202.2,8.083,61.854,1069.350,1.219
181,10/30/25 06:00:53 PM,1.00,2.34,241.5,7.848,62.615,1069.350,1.166
182,10/30/25 06:10:53 PM,0.33,1.00,279.4,7.660,62.951,1069.350,1.062
183,10/30/25 06:20:53 PM,0.00,1.00,292.0,7.362,64.167,1069.350,1.045
184,10/30/25 06:30:53 PM,0.67,2.00,262.5,6.628,66.383,1069.350,0.817
185,10/30/25 06:40:53 PM,1.34,2.34,254.1,5.542,69.865,1069.350,0.485
186,10/30/25 06:50:53 PM,1.34,2.34,272.4,4.384,73.838,1069.350,0.132
187,10/30/25 07:00:53 PM,1.67,2.34,283.6,4.279,74.530,1069.350,0.159
188,10/30/25 07:10:53 PM,1.67,2.00,307.5,4.121,74.391,1069.350,-0.019
189,10/30/25 07:20:53 PM,0.67,1.67,317.3,3.381,76.777,1069.350,-0.303
190,10/30/25 07:30:53 PM,1.00,2.00,321.5,3.668,76.109,1069.350,-0.144
191,10/30/25 07:40:53 PM,1.34,2.00,289.2,3.311,76.980,1069.350,-0.335
192,10/30/25 07:50:53 PM,1.00,1.67,269.6,3.282,77.876,1069.350,-0.204
193,10/30/25 08:00:53 PM,1.00,1.67,286.4,3.027,78.387,1069.350,-0.362
194,10/30/25 08:10:53 PM,1.34,1.67,279.4,3.140,78.218,1069.350,-0.282
195,10/30/25 08:20:53 PM,1.34,2.00,265.3,3.311,77.494,1069.350,-0.243
196,10/30/25 08:30:53 PM,1.00,2.00,263.9,3.472,76.539,1069.350,-0.257
197,10/30/25 08:40:53 PM,1.67,2.34,251.3,2.553,78.854,1069.350,-0.743
198,10/30/25 08:50:53 PM,1.34,2.00,268.1,1.494,82.899,1069.350,-1.094
199,10/30/25 09:00:53 PM,1.34,2.00,279.4,1.512,83.366,1069.350,-1.000
200,10/30/25 09:10:53 PM,1.00,1.67,275.2,2.032,81.962,1069.350,-0.723
201,10/30/25 09:20:53 PM,1.34,1.67,278.0,1.545,83.114,1069.350,-1.009
202,10/30/25 09:30:53 PM,0.67,1.34,283.6,1.338,83.755,1069.350,-1.107
203,10/30/25 09:40:53 PM,0.33,1.00,283.6,2.032,81.964,1069.350,-0.722
204,10/30/25 09:50:53 PM,0.00,1.00,286.4,2.400,80.475,1069.350,-0.613
205,10/30/25 10:00:53 PM,1.00,1.67,318.7,2.284,80.540,1069.350,-0.716
206,10/30/25 10:10:53 PM,1.00,1.67,338.3,1.898,81.814,1069.350,-0.878
207,10/30/25 10:20:53 PM,1.34,2.00,294.8,1.724,82.036,1069.350,-1.012
208,10/30/25 10:30:53 PM,1.34,2.00,287.8,1.569,81.959,1069.350,-1.176
209,10/30/25 10:40:53 PM,1.34,2.00,283.6,1.579,81.953,1069.350,-1.167
210,10/30/25 10:50:53 PM,0.67,1.67,286.4,1.346,82.412,1069.350,-1.319
211,10/30/25 11:00:53 PM,0.00,0.00,286.4,0.979,83.636,1069.350,-1.479
212,10/30/25 11:10:53 PM,0.00,0.00,286.4,1.220,83.255,1069.350,-1.304
213,10/30/25 11:20:53 PM,0.00,0.00,286.4,1.343,82.698,1069.350,-1.275
214,10/30/25 11:30:53 PM,0.33,1.34,303.2,1.102,83.310,1069.350,-1.411
215,10/30/25 11:40:53 PM,1.00,1.34,2.8,1.317,82.815,1069.350,-1.281
216,10/30/25 11:50:53 PM,0.33,1.34,7.0,0.947,83.932,1069.350,-1.462
217,10/31/25 12:00:53 AM,0.00,0.00,8.4,0.306,86.699,1069.350,-1.652
218,10/31/25 12:10:53 AM,0.00,0.00,8.4,-0.407,88.499,1069.350,-2.077
219,10/31/25 12:20:53 AM,0.00,0.00,8.4,-0.801,89.288,1069.350,-2.346
220,10/31/25 12:30:53 AM,0.00,0.00,8.4,-0.796,89.972,1069.350,-2.238
221,10/31/25 12:40:53 AM,0.00,0.00,344.0,-0.595,89.378,1069.350,-2.129
222,10/31/25 12:50:53 AM,0.00,0.00,314.5,-0.335,89.262,1069.350,-1.889
223,10/31/25 01:00:53 AM,0.00,1.67,304.7,0.118,87.916,1069.350,-1.648
224,10/31/25 01:10:53 AM,1.34,2.00,248.5,-0.506,89.216,1069.350,-2.065
225,10/31/25 01:20:53 AM,1.00,2.34,280.8,-0.930,90.532,1069.350,-2.287
226,10/31/25 01:30:53 AM,1.00,1.34,296.2,-0.378,89.885,1069.350,-1.838
227,10/31/25 01:40:53 AM,1.34,1.67,272.4,-0.466,89.163,1069.350,-2.034
228,10/31/25 01:50:53 AM,1.00,1.67,240.1,-0.911,90.381,1069.350,-2.291
229,10/31/25 02:00:53 AM,0.67,1.34,279.4,-1.193,91.707,1069.350,-2.374
230,10/31/25 02:10:53 AM,1.00,1.34,292.0,-0.271,89.819,1069.350,-1.742
231,10/31/25 02:20:53 AM,0.67,1.34,292.0,0.770,85.435,1069.350,-1.395
232,10/31/25 02:30:53 AM,1.34,2.00,266.7,-0.045,87.375,1069.350,-1.892
233,10/31/25 02:40:53 AM,1.00,2.00,283.6,-0.713,91.202,1069.350,-1.972
234,10/31/25 02:50:53 AM,0.67,1.67,278.0,0.027,88.920,1069.350,-1.584
235,10/31/25 03:00:53 AM,1.34,2.00,286.4,0.078,87.292,1069.350,-1.784
236,10/31/25 03:10:53 AM,1.34,2.34,303.2,0.078,86.921,1069.350,-1.842
237,10/31/25 03:20:53 AM,0.67,2.00,299.0,-0.008,86.964,1069.350,-1.920
238,10/31/25 03:30:53 AM,1.34,2.00,292.0,0.003,87.105,1069.350,-1.887
239,10/31/25 03:40:53 AM,1.34,2.00,287.8,0.416,86.032,1069.350,-1.648
240,10/31/25 03:50:53 AM,0.33,1.67,280.8,0.368,85.913,1069.350,-1.714
241,10/31/25 04:00:53 AM,0.33,1.34,314.5,0.132,86.885,1069.350,-1.794
242,10/31/25 04:10:53 AM,0.67,1.67,280.8,0.051,86.506,1069.350,-1.933
243,10/31/25 04:20:53 AM,1.00,1.67,209.2,-0.595,89.154,1069.350,-2.163
244,10/31/25 04:30:53 AM,0.33,1.00,276.6,-0.968,89.755,1069.350,-2.441
245,10/31/25 04:40:53 AM,0.67,1.34,355.2,-0.895,89.918,1069.350,-2.344
246,10/31/25 04:50:53 AM,1.00,1.67,329.9,-1.043,88.403,1069.350,-2.719
247,10/31/25 05:00:53 AM,1.67,2.67,306.1,-1.236,88.963,1069.350,-2.825
248,10/31/25 05:10:53 AM,1.67,2.67,299.0,-1.375,89.378,1069.350,-2.900
249,10/31/25 05:20:53 AM,1.34,2.67,299.0,-1.466,89.136,1069.350,-3.026
250,10/31/25 05:30:53 AM,0.67,2.00,292.0,-1.214,88.872,1069.350,-2.817
251,10/31/25 05:40:53 AM,1.67,2.34,290.6,-1.600,89.383,1069.350,-3.122
252,10/31/25 05:50:53 AM,1.67,2.34,278.0,-1.801,89.940,1069.350,-3.237
253,10/31/25 06:00:53 AM,1.67,2.00,294.8,-2.356,91.215,1069.350,-3.599
254,10/31/25 06:10:53 AM,1.00,1.34,294.8,-2.504,91.740,1069.350,-3.669
255,10/31/25 06:20:53 AM,0.67,1.34,297.6,-2.571,91.585,1069.350,-3.758
256,10/31/25 06:30:53 AM,1.34,2.00,294.8,-2.683,91.891,1069.350,-3.825
257,10/31/25 06:40:53 AM,1.67,2.67,290.6,-2.683,91.983,1069.350,-3.811
258,10/31/25 06:50:53 AM,1.34,2.34,283.6,-2.863,91.930,1069.350,-3.997
259,10/31/25 07:00:53 AM,1.34,2.67,287.8,-2.498,91.604,1069.350,-3.683
260,10/31/25 07:10:53 AM,2.34,4.01,293.4,-2.233,89.740,1069.350,-3.695
261,10/31/25 07:20:53 AM,1.67,2.67,299.0,-1.783,88.376,1069.350,-3.454
262,10/31/25 07:30:53 AM,1.00,2.34,283.6,-1.536,87.054,1069.350,-3.412
263,10/31/25 07:40:53 AM,1.34,2.34,272.4,-1.600,86.761,1069.350,-3.520
264,10/31/25 07:50:53 AM,1.34,2.67,247.1,-2.434,88.714,1069.350,-4.046
265,10/31/25 08:00:53 AM,1.00,1.67,256.9,-2.954,90.124,1069.350,-4.351
266,10/31/25 08:10:53 AM,1.34,2.34,272.4,-2.418,88.832,1069.350,-4.013
267,10/31/25 08:20:53 AM,1.00,2.00,235.9,-3.123,90.594,1069.350,-4.450
268,10/31/25 08:30:53 AM,1.00,2.00,261.1,-2.536,88.753,1069.350,-4.141
269,10/31/25 08:40:53 AM,1.34,2.00,283.6,-2.659,89.448,1069.350,-4.159
270,10/31/25 08:50:53 AM,1.00,2.34,289.2,-1.241,85.505,1069.350,-3.362
271,10/31/25 09:00:53 AM,0.67,1.34,261.1,-0.303,83.590,1069.350,-2.744
272,10/31/25 09:10:53 AM,1.00,1.67,262.5,0.684,81.198,1069.350,-2.169
273,10/31/25 09:20:53 AM,1.00,1.67,280.8,1.687,78.692,1069.350,-1.614
274,10/31/25 09:30:53 AM,1.34,2.00,287.8,2.890,75.367,1069.350,-1.033
275,10/31/25 09:40:53 AM,1.00,1.67,294.8,3.976,70.716,1069.350,-0.854
276,10/31/25 09:50:53 AM,0.67,1.34,318.7,4.684,68.777,1069.350,-0.555
277,10/31/25 10:00:53 AM,0.33,1.34,89.9,4.523,73.745,1069.350,0.249
278,10/31/25 10:10:53 AM,0.33,1.00,101.1,5.609,69.361,1069.350,0.449
279,10/31/25 10:20:53 AM,1.00,1.67,124.9,5.692,69.454,1069.350,0.547
280,10/31/25 10:30:53 AM,1.00,1.67,124.9,5.780,70.150,1069.350,0.770
281,10/31/25 10:40:53 AM,1.34,2.34,106.7,6.601,68.194,1069.350,1.165
282,10/31/25 10:50:53 AM,1.34,2.34,101.1,6.520,69.828,1069.350,1.416
283,10/31/25 11:00:53 AM,1.34,2.34,98.3,6.955,68.861,1069.350,1.639
284,10/31/25 11:10:53 AM,1.67,2.67,88.4,8.030,66.571,1069.350,2.195
285,10/31/25 11:20:53 AM,2.34,3.67,112.3,7.923,66.674,1069.350,2.114
286,10/31/25 11:30:53 AM,2.34,3.67,105.3,7.856,65.631,1069.350,1.830
287,10/31/25 11:40:53 AM,2.67,4.01,101.1,7.815,64.799,1069.350,1.612
288,10/31/25 11:50:53 AM,2.34,3.67,99.7,8.156,63.238,1069.350,1.596
289,10/31/25 12:00:53 PM,2.00,3.34,101.1,8.646,61.167,1069.350,1.596
290,10/31/25 12:10:53 PM,2.00,3.34,105.3,9.102,59.374,1069.350,1.611
291,10/31/25 12:20:53 PM,1.67,2.67,102.5,9.652,56.263,1069.350,1.377
292,10/31/25 12:30:53 PM,1.34,2.67,116.5,9.874,54.217,1069.350,1.069
293,10/31/25 12:40:53 PM,1.00,2.34,85.6,10.754,51.725,1069.350,1.233
294,10/31/25 12:50:53 PM,1.00,2.67,91.3,11.054,50.071,1069.350,1.058
295,10/31/25 01:00:53 PM,1.34,2.67,129.2,11.381,49.209,1069.350,1.119
296,10/31/25 01:10:53 PM,1.00,2.34,106.7,11.711,48.769,1069.350,1.297
297,10/31/25 01:20:53 PM,1.00,2.67,110.9,12.180,46.954,1069.350,1.200
298,10/31/25 01:30:53 PM,0.67,2.00,155.8,12.062,45.945,1069.350,0.791
299,10/31/25 01:40:53 PM,1.00,2.00,244.3,11.898,45.687,1069.350,0.563
300,10/31/25 01:50:53 PM,0.67,2.00,307.5,13.019,44.707,1069.350,1.284
301,10/31/25 02:00:53 PM,1.00,2.34,150.2,12.968,44.862,1069.350,1.286
302,10/31/25 02:10:53 PM,0.67,2.00,133.4,13.968,43.317,1069.350,1.705
303,10/31/25 02:20:53 PM,1.34,2.67,182.5,13.799,43.746,1069.350,1.690
304,10/31/25 02:30:53 PM,0.67,2.00,249.9,14.499,41.343,1069.350,1.534
305,10/31/25 02:40:53 PM,1.34,3.01,231.6,14.714,38.294,1069.350,0.663
306,10/31/25 02:50:53 PM,1.34,3.67,244.3,14.845,36.040,1069.350,-0.057
307,10/31/25 03:00:53 PM,1.67,3.67,233.1,14.751,35.061,1069.350,-0.519
308,10/31/25 03:10:53 PM,1.67,4.01,241.5,15.014,35.393,1069.350,-0.157
309,10/31/25 03:20:53 PM,2.00,4.01,262.5,15.118,37.255,1069.350,0.643
310,10/31/25 03:30:53 PM,2.00,3.67,254.1,14.692,38.701,1069.350,0.790
311,10/31/25 03:40:53 PM,2.00,3.67,276.6,14.668,38.381,1069.350,0.653
312,10/31/25 03:50:53 PM,2.00,3.34,268.1,14.695,36.992,1069.350,0.168
313,10/31/25 04:00:53 PM,2.00,3.34,268.1,14.893,35.625,1069.350,-0.174
314,10/31/25 04:10:53 PM,2.34,3.67,252.7,14.429,36.167,1069.350,-0.378
315,10/31/25 04:20:53 PM,2.34,4.01,262.5,14.384,35.161,1069.350,-0.804
316,10/31/25 04:30:53 PM,2.67,4.34,263.9,14.121,35.071,1069.350,-1.072
317,10/31/25 04:40:53 PM,2.00,3.67,275.2,13.657,35.840,1069.350,-1.187
318,10/31/25 04:50:53 PM,2.34,3.67,289.2,13.247,36.039,1069.350,-1.475
319,10/31/25 05:00:53 PM,2.34,4.01,289.2,12.896,38.871,1069.350,-0.757
320,10/31/25 05:10:53 PM,2.34,3.67,280.8,12.545,38.283,1069.350,-1.279
321,10/31/25 05:20:53 PM,2.67,4.68,286.4,11.920,39.095,1069.350,-1.553
322,10/31/25 05:30:53 PM,3.34,5.01,287.8,11.553,40.475,1069.350,-1.411
323,10/31/25 05:40:53 PM,2.67,4.68,287.8,11.183,42.800,1069.350,-0.984
324,10/31/25 05:50:53 PM,2.34,4.01,287.8,11.065,43.072,1069.350,-1.004
325,10/31/25 06:00:53 PM,2.00,3.67,280.8,10.764,44.106,1069.350,-0.954
326,10/31/25 06:10:53 PM,1.34,2.67,268.1,9.831,46.734,1069.350,-1.015
327,10/31/25 06:20:53 PM,1.34,2.00,273.8,9.145,49.018,1069.350,-0.994
328,10/31/25 06:30:53 PM,1.34,2.00,269.6,8.789,49.808,1069.350,-1.104
329,10/31/25 06:40:53 PM,0.67,1.67,263.9,7.901,52.836,1069.350,-1.122
330,10/31/25 06:50:53 PM,1.00,1.67,307.5,6.957,55.563,1069.350,-1.316
331,10/31/25 07:00:53 PM,1.67,2.34,287.8,7.033,55.715,1069.350,-1.208
332,10/31/25 07:10:53 PM,1.67,2.34,292.0,6.140,59.208,1069.350,-1.217
333,10/31/25 07:20:53 PM,2.00,3.01,292.0,6.384,60.153,1069.350,-0.771
334,10/31/25 07:30:53 PM,2.34,3.01,290.6,6.772,60.423,1069.350,-0.344
335,10/31/25 07:40:53 PM,2.00,2.67,283.6,6.850,60.839,1069.350,-0.176
336,10/31/25 07:50:53 PM,1.34,2.34,282.2,6.821,60.780,1069.350,-0.217
337,10/31/25 08:00:53 PM,1.00,1.67,276.6,6.518,61.695,1069.350,-0.298
338,10/31/25 08:10:53 PM,1.67,2.34,299.0,6.293,61.639,1069.350,-0.523
339,10/31/25 08:20:53 PM,1.34,2.00,292.0,6.486,60.342,1069.350,-0.632
340,10/31/25 08:30:53 PM,1.67,2.34,292.0,6.550,60.398,1069.350,-0.559
341,10/31/25 08:40:53 PM,1.34,2.34,272.4,6.089,62.588,1069.350,-0.507
342,10/31/25 08:50:53 PM,1.67,2.00,283.6,5.778,63.587,1069.350,-0.585
343,10/31/25 09:00:53 PM,1.67,2.34,286.4,5.558,64.273,1069.350,-0.647
344,10/31/25 09:10:53 PM,1.67,2.34,292.0,5.663,63.958,1069.350,-0.615
345,10/31/25 09:20:53 PM,1.67,2.34,303.2,5.579,64.027,1069.350,-0.680
346,10/31/25 09:30:53 PM,1.67,2.67,315.9,5.413,64.898,1069.350,-0.653
347,10/31/25 09:40:53 PM,2.00,2.67,313.1,5.520,64.353,1069.350,-0.667
348,10/31/25 09:50:53 PM,1.67,2.34,314.5,5.054,65.620,1069.350,-0.844
349,10/31/25 10:00:53 PM,1.34,2.34,317.3,4.770,66.777,1069.350,-0.876
350,10/31/25 10:10:53 PM,1.00,2.00,321.5,4.719,66.806,1069.350,-0.919
351,10/31/25 10:20:53 PM,0.33,2.00,308.9,4.789,66.583,1069.350,-0.898
352,10/31/25 10:30:53 PM,1.00,1.67,266.7,4.837,66.390,1069.350,-0.891
353,10/31/25 10:40:53 PM,1.34,2.67,285.0,5.006,66.126,1069.350,-0.785
354,10/31/25 10:50:53 PM,1.34,3.01,279.4,5.260,65.997,1069.350,-0.569
355,10/31/25 11:00:53 PM,1.67,2.34,300.4,5.537,65.325,1069.350,-0.445
356,10/31/25 11:10:53 PM,1.00,2.34,283.6,5.464,65.638,1069.350,-0.449
357,10/31/25 11:20:53 PM,0.00,1.00,15.4,4.129,70.965,1069.350,-0.659
358,10/31/25 11:30:53 PM,0.67,1.00,78.6,3.475,73.567,1069.350,-0.797
359,10/31/25 11:40:53 PM,0.33,1.00,78.6,3.665,72.874,1069.350,-0.743
360,10/31/25 11:50:53 PM,0.00,0.00,78.6,3.984,71.287,1069.350,-0.736
361,11/01/25 12:00:53 AM,0.00,0.00,78.6,4.352,69.622,1069.350,-0.706
362,11/01/25 12:10:53 AM,0.00,1.00,311.7,4.831,68.264,1069.350,-0.516
363,11/01/25 12:20:53 AM,0.00,0.00,296.2,4.523,69.145,1069.350,-0.636
364,11/01/25 12:30:53 AM,0.00,0.00,296.2,4.175,70.790,1069.350,-0.648
365,11/01/25 12:40:53 AM,0.00,0.33,283.6,4.030,72.343,1069.350,-0.491
366,11/01/25 12:50:53 AM,0.00,1.00,268.1,4.609,69.702,1069.350,-0.443
367,11/01/25 01:00:53 AM,1.00,2.00,279.4,4.845,68.260,1069.350,-0.504
368,11/01/25 01:10:53 AM,0.33,1.00,261.1,4.845,69.360,1069.350,-0.284
369,11/01/25 01:20:53 AM,0.00,1.00,293.4,4.829,68.415,1069.350,-0.488
370,11/01/25 01:30:53 AM,0.33,1.34,344.0,4.668,68.099,1069.350,-0.706
371,11/01/25 01:40:53 AM,0.33,1.34,335.5,4.767,67.332,1069.350,-0.766
372,11/01/25 01:50:53 AM,0.33,1.34,269.6,4.748,67.669,1069.350,-0.716
373,11/01/25 02:00:53 AM,0.00,0.00,273.8,4.169,70.028,1069.350,-0.802
374,11/01/25 02:10:53 AM,0.67,1.67,315.9,3.955,70.692,1069.350,-0.879
375,11/01/25 02:20:53 AM,2.00,2.67,321.5,3.786,70.559,1069.350,-1.067
376,11/01/25 02:30:53 AM,1.67,3.01,306.1,4.019,69.584,1069.350,-1.033
377,11/01/25 02:40:53 AM,0.00,0.00,271.0,3.770,71.852,1069.350,-0.835
378,11/01/25 02:50:53 AM,1.00,2.00,304.7,4.352,68.252,1069.350,-0.978
379,11/01/25 03:00:53 AM,1.34,2.00,307.5,4.341,68.980,1069.350,-0.843
380,11/01/25 03:10:53 AM,0.67,1.34,301.8,4.091,70.655,1069.350,-0.755
381,11/01/25 03:20:53 AM,0.67,1.34,315.9,3.882,72.329,1069.350,-0.636
382,11/01/25 03:30:53 AM,0.33,1.34,301.8,3.762,72.596,1069.350,-0.701
383,11/01/25 03:40:53 AM,0.00,0.33,304.7,3.732,73.460,1069.350,-0.568
384,11/01/25 03:50:53 AM,0.00,0.00,355.2,3.075,75.724,1069.350,-0.789
385,11/01/25 04:00:53 AM,0.67,1.00,51.9,2.008,80.079,1069.350,-1.063
386,11/01/25 04:10:53 AM,0.00,0.33,56.2,1.735,81.056,1069.350,-1.165
387,11/01/25 04:20:53 AM,0.00,0.00,56.2,1.536,82.197,1069.350,-1.169
388,11/01/25 04:30:53 AM,0.00,0.00,331.3,1.456,81.228,1069.350,-1.409
389,11/01/25 04:40:53 AM,0.00,0.00,317.3,1.287,80.688,1069.350,-1.664
390,11/01/25 04:50:53 AM,0.00,0.00,317.3,1.156,81.027,1069.350,-1.736
391,11/01/25 05:00:53 AM,0.00,0.00,317.3,1.242,80.215,1069.350,-1.788
392,11/01/25 05:10:53 AM,0.00,0.00,317.3,0.740,82.458,1069.350,-1.905
393,11/01/25 05:20:53 AM,0.00,0.00,317.3,0.649,83.345,1069.350,-1.850
394,11/01/25 05:30:53 AM,0.00,0.00,317.3,0.598,83.873,1069.350,-1.814
395,11/01/25 05:40:53 AM,0.00,0.00,317.3,-0.005,84.524,1069.350,-2.302
396,11/01/25 05:50:53 AM,0.00,0.00,317.3,0.381,84.195,1069.350,-1.975
397,11/01/25 06:00:53 AM,0.00,0.00,338.3,1.091,81.929,1069.350,-1.649
398,11/01/25 06:10:53 AM,0.00,0.00,349.6,0.877,81.669,1069.350,-1.902
399,11/01/25 06:20:53 AM,0.00,0.00,345.4,-0.718,86.685,1069.350,-2.663
400,11/01/25 06:30:53 AM,0.00,0.00,345.4,-0.496,88.252,1069.350,-2.202
401,11/01/25 06:40:53 AM,0.00,0.00,345.4,0.762,85.504,1069.350,-1.391
402,11/01/25 06:50:53 AM,0.00,0.00,345.4,0.735,84.398,1069.350,-1.595
403,11/01/25 07:00:53 AM,0.00,0.00,345.4,0.116,86.108,1069.350,-1.932
404,11/01/25 07:10:53 AM,0.00,0.00,345.4,-0.128,87.376,1069.350,-1.974
405,11/01/25 07:20:53 AM,0.00,0.00,344.0,-0.340,85.795,1069.350,-2.430
406,11/01/25 07:30:53 AM,0.00,0.00,318.7,-1.262,87.988,1069.350,-2.999
407,11/01/25 07:40:53 AM,0.00,0.00,321.5,-1.171,88.443,1069.350,-2.840
408,11/01/25 07:50:53 AM,0.00,0.00,318.7,-0.839,87.245,1069.350,-2.695
409,11/01/25 08:00:53 AM,0.33,1.67,304.7,-1.375,88.428,1069.350,-3.043
410,11/01/25 08:10:53 AM,1.00,1.34,306.1,-1.287,89.360,1069.350,-2.816
411,11/01/25 08:20:53 AM,1.00,1.34,306.1,-1.233,89.068,1069.350,-2.806
412,11/01/25 08:30:53 AM,1.00,1.34,307.5,-1.131,88.872,1069.350,-2.735
413,11/01/25 08:40:53 AM,1.00,1.34,313.1,-1.268,89.053,1069.350,-2.843
414,11/01/25 08:50:53 AM,1.00,1.34,329.9,-0.496,87.881,1069.350,-2.259
415,11/01/25 09:00:53 AM,0.33,1.34,328.5,0.542,84.840,1069.350,-1.714
416,11/01/25 09:10:53 AM,0.33,0.67,303.2,0.839,83.554,1069.350,-1.629
417,11/01/25 09:20:53 AM,0.00,0.00,287.8,2.054,80.232,1069.350,-0.993
418,11/01/25 09:30:53 AM,0.00,0.67,317.3,2.743,77.504,1069.350,-0.794
419,11/01/25 09:40:53 AM,0.00,0.33,339.7,4.158,74.173,1069.350,-0.024
420,11/01/25 09:50:53 AM,0.00,0.00,67.4,4.480,73.265,1069.350,0.118
421,11/01/25 10:00:53 AM,0.00,0.00,115.1,4.837,72.720,1069.350,0.359
422,11/01/25 10:10:53 AM,0.33,1.34,130.6,5.142,72.248,1069.350,0.563
423,11/01/25 10:20:53 AM,0.33,1.34,129.2,5.767,71.249,1069.350,0.973
424,11/01/25 10:30:53 AM,1.00,1.67,105.3,6.617,68.559,1069.350,1.254
425,11/01/25 10:40:53 AM,1.34,2.34,122.1,6.689,68.258,1069.350,1.262
426,11/01/25 10:50:53 AM,1.34,2.34,112.3,7.038,67.239,1069.350,1.387
427,11/01/25 11:00:53 AM,1.34,2.34,112.3,7.831,65.116,1069.350,1.696
428,11/01/25 11:10:53 AM,1.34,2.34,119.3,8.488,63.767,1069.350,2.028
429,11/01/25 11:20:53 AM,1.34,3.01,110.9,9.038,62.467,1069.350,2.261
430,11/01/25 11:30:53 AM,1.34,2.67,115.1,9.759,60.931,1069.350,2.593
431,11/01/25 11:40:53 AM,1.67,3.67,105.3,10.239,59.112,1069.350,2.619
432,11/01/25 11:50:53 AM,2.67,4.34,89.9,11.073,55.769,1069.350,2.582
433,11/01/25 12:00:53 PM,2.67,4.34,78.6,11.534,54.145,1069.350,2.596
434,11/01/25 12:10:53 PM,3.01,4.34,94.1,11.848,52.940,1069.350,2.572
435,11/01/25 12:20:53 PM,2.67,5.01,98.3,12.059,52.590,1069.350,2.674
436,11/01/25 12:30:53 PM,2.67,4.34,89.9,12.845,49.741,1069.350,2.617
437,11/01/25 12:40:53 PM,3.01,4.68,87.0,12.834,48.983,1069.350,2.391
438,11/01/25 12:50:53 PM,2.67,4.68,92.7,13.199,49.082,1069.350,2.755
439,11/01/25 01:00:53 PM,2.67,4.68,99.7,13.781,48.420,1069.350,3.099
440,11/01/25 01:10:53 PM,2.34,4.01,96.9,14.220,47.042,1069.350,3.093
441,11/01/25 01:20:53 PM,2.67,4.34,91.3,14.700,45.879,1069.350,3.178
442,11/01/25 01:30:53 PM,2.67,4.34,94.1,15.065,45.162,1069.350,3.288
443,11/01/25 01:40:53 PM,2.67,4.68,96.9,15.236,45.342,1069.350,3.500
444,11/01/25 01:50:53 PM,2.67,4.68,95.5,15.676,44.776,1069.350,3.722
445,11/01/25 02:00:53 PM,3.01,5.01,71.6,15.628,44.976,1069.350,3.742
446,11/01/25 02:10:53 PM,2.67,4.68,88.4,16.298,44.245,1069.350,4.118
447,11/01/25 02:20:53 PM,2.67,5.01,87.0,16.470,43.621,1069.350,4.071
448,11/01/25 02:30:53 PM,2.67,4.68,84.2,16.684,43.413,1069.350,4.197
449,11/01/25 02:40:53 PM,2.67,4.34,71.6,17.161,42.568,1069.350,4.348
450,11/01/25 02:50:53 PM,3.01,5.01,63.2,17.218,42.441,1069.350,4.357
451,11/01/25 03:00:53 PM,2.67,4.68,68.8,17.341,41.788,1069.350,4.247
452,11/01/25 03:10:53 PM,2.34,4.34,80.0,17.815,41.375,1069.350,4.532
453,11/01/25 03:20:53 PM,2.67,5.01,77.2,17.874,40.909,1069.350,4.423
454,11/01/25 03:30:53 PM,2.00,3.34,80.0,17.628,41.175,1069.350,4.294
455,11/01/25 03:40:53 PM,2.00,4.34,91.3,18.244,40.031,1069.350,4.445
456,11/01/25 03:50:53 PM,2.00,4.34,140.4,17.904,39.272,1069.350,3.868
457,11/01/25 04:00:53 PM,2.00,3.67,144.6,18.078,37.818,1069.350,3.488
458,11/01/25 04:10:53 PM,2.00,4.34,126.4,18.156,36.938,1069.350,3.224
459,11/01/25 04:20:53 PM,1.34,3.01,144.6,18.282,36.915,1069.350,3.327
460,11/01/25 04:30:53 PM,2.00,3.34,115.1,18.215,37.417,1069.350,3.459
461,11/01/25 04:40:53 PM,1.67,3.01,95.5,18.357,37.365,1069.350,3.565
462,11/01/25 04:50:53 PM,1.34,2.67,81.4,18.381,36.941,1069.350,3.425
463,11/01/25 05:00:53 PM,1.34,3.01,88.4,18.196,36.896,1069.350,3.243
464,11/01/25 05:10:53 PM,1.34,2.67,87.0,18.373,36.732,1069.350,3.337
465,11/01/25 05:20:53 PM,1.34,3.01,82.8,18.027,36.895,1069.350,3.093
466,11/01/25 05:30:53 PM,1.34,2.34,77.2,18.049,37.035,1069.350,3.166
467,11/01/25 05:40:53 PM,1.67,2.34,91.3,17.542,38.004,1069.350,3.080
468,11/01/25 05:50:53 PM,1.00,1.67,92.7,17.199,38.997,1069.350,3.138
469,11/01/25 06:00:53 PM,1.34,2.34,74.4,16.588,41.466,1069.350,3.458
470,11/01/25 06:10:53 PM,1.00,2.00,51.9,15.263,45.585,1069.350,3.600
471,11/01/25 06:20:53 PM,1.00,1.67,25.3,13.794,49.181,1069.350,3.331
472,11/01/25 06:30:53 PM,0.67,1.67,9.8,11.719,53.877,1069.350,2.699
473,11/01/25 06:40:53 PM,0.67,2.00,35.1,10.697,56.938,1069.350,2.522
474,11/01/25 06:50:53 PM,0.67,1.67,122.1,11.236,55.796,1069.350,2.741
475,11/01/25 07:00:53 PM,0.00,0.67,133.4,10.890,56.651,1069.350,2.632
476,11/01/25 07:10:53 PM,0.33,0.67,109.5,10.354,57.949,1069.350,2.448
477,11/01/25 07:20:53 PM,0.67,1.00,44.9,10.134,58.119,1069.350,2.282
478,11/01/25 07:30:53 PM,0.00,0.67,44.9,9.821,58.654,1069.350,2.117
479,11/01/25 07:40:53 PM,1.00,1.34,2.8,8.110,62.802,1069.350,1.456
480,11/01/25 07:50:53 PM,0.67,1.67,341.2,7.837,64.314,1069.350,1.529
481,11/01/25 08:00:53 PM,0.67,1.67,310.3,7.496,64.427,1069.350,1.229
482,11/01/25 08:10:53 PM,1.00,1.34,334.1,7.274,65.853,1069.350,1.322
483,11/01/25 08:20:53 PM,0.67,1.34,353.8,8.365,62.025,1069.350,1.524
484,11/01/25 08:30:53 PM,0.33,1.34,355.2,8.620,61.912,1069.350,1.740
485,11/01/25 08:40:53 PM,1.00,1.67,311.7,6.416,67.179,1069.350,0.780
486,11/01/25 08:50:53 PM,1.34,1.67,297.6,5.478,70.297,1069.350,0.508
487,11/01/25 09:00:53 PM,1.00,1.67,311.7,5.730,70.056,1069.350,0.703
488,11/01/25 09:10:53 PM,1.00,1.34,313.1,5.587,70.066,1069.350,0.568
489,11/01/25 09:20:53 PM,1.00,1.34,313.1,5.263,70.851,1069.350,0.410
490,11/01/25 09:30:53 PM,1.00,1.34,311.7,4.858,72.145,1069.350,0.270
491,11/01/25 09:40:53 PM,1.00,1.67,315.9,4.654,72.999,1069.350,0.235
492,11/01/25 09:50:53 PM,1.00,1.67,328.5,5.250,71.603,1069.350,0.544
493,11/01/25 10:00:53 PM,0.67,1.34,325.7,5.212,71.344,1069.350,0.457
494,11/01/25 10:10:53 PM,1.00,1.34,325.7,4.909,72.338,1069.350,0.356
495,11/01/25 10:20:53 PM,0.00,1.00,268.1,4.427,74.160,1069.350,0.234
496,11/01/25 10:30:53 PM,0.00,0.00,262.5,4.343,74.611,1069.350,0.236
497,11/01/25 10:40:53 PM,1.34,1.67,278.0,2.982,78.207,1069.350,-0.438
498,11/01/25 10:50:53 PM,1.00,1.67,290.6,3.086,79.498,1069.350,-0.111
499,11/01/25 11:00:53 PM,1.00,1.34,290.6,3.381,77.488,1069.350,-0.176
500,11/01/25 11:10:53 PM,0.67,1.34,308.9,3.408,77.151,1069.350,-0.210
501,11/01/25 11:20:53 PM,1.00,1.34,301.8,2.759,79.129,1069.350,-0.494
502,11/01/25 11:30:53 PM,1.00,1.34,332.7,3.671,77.140,1069.350,0.044
503,11/01/25 11:40:53 PM,1.00,1.67,327.1,3.995,75.610,1069.350,0.082
504,11/01/25 11:50:53 PM,1.34,2.00,293.4,2.968,78.639,1069.350,-0.376
505,11/02/25 12:00:53 AM,1.67,2.34,287.8,2.984,78.947,1069.350,-0.306
506,11/02/25 12:10:53 AM,1.34,1.67,289.2,3.284,78.831,1069.350,-0.034
507,11/02/25 12:20:53 AM,1.34,1.67,292.0,3.574,77.797,1069.350,0.066
508,11/02/25 12:30:53 AM,1.34,1.67,292.0,3.333,78.300,1069.350,-0.080
509,11/02/25 12:40:53 AM,1.00,1.67,318.7,3.775,77.481,1069.350,0.206
510,11/02/25 12:50:53 AM,0.00,0.00,329.9,3.730,77.534,1069.350,0.171
511,11/02/25 01:00:53 AM,0.00,0.00,332.7,3.778,77.421,1069.350,0.198
512,11/02/25 01:10:53 AM,1.00,2.00,299.0,3.311,78.209,1069.350,-0.117
513,11/02/25 01:20:53 AM,1.67,2.00,282.2,3.314,78.604,1069.350,-0.045
514,11/02/25 01:30:53 AM,1.67,2.34,276.6,3.204,78.831,1069.350,-0.112
515,11/02/25 01:40:53 AM,1.67,2.00,256.9,3.030,79.333,1069.350,-0.195
516,11/02/25 01:50:53 AM,1.34,2.00,259.7,2.496,81.520,1069.350,-0.343
517,11/02/25 02:00:53 AM,1.34,2.00,280.8,2.625,80.987,1069.350,-0.307
518,11/02/25 02:10:53 AM,1.67,2.00,280.8,3.014,80.317,1069.350,-0.041
519,11/02/25 02:20:53 AM,1.67,2.34,289.2,3.325,79.544,1069.350,0.130
520,11/02/25 02:30:53 AM,1.34,2.34,287.8,3.612,79.149,1069.350,0.341
521,11/02/25 02:40:53 AM,1.67,2.34,283.6,3.657,78.732,1069.350,0.312
522,11/02/25 02:50:53 AM,1.34,2.34,294.8,3.842,78.546,1069.350,0.459
523,11/02/25 03:00:53 AM,1.34,2.00,303.2,3.979,78.097,1069.350,0.513
524,11/02/25 03:10:53 AM,1.00,1.67,282.2,4.049,77.427,1069.350,0.462
525,11/02/25 03:20:53 AM,1.00,1.34,282.2,3.301,79.854,1069.350,0.160
526,11/02/25 03:30:53 AM,0.67,1.34,282.2,3.204,80.220,1069.350,0.128
527,11/02/25 03:40:53 AM,1.00,1.67,285.0,2.762,81.920,1069.350,-0.015
528,11/02/25 03:50:53 AM,1.34,2.00,275.2,3.805,78.119,1069.350,0.348
529,11/02/25 04:00:53 AM,1.34,2.34,269.6,3.311,79.763,1069.350,0.154
530,11/02/25 04:10:53 AM,1.34,2.00,269.6,5.153,74.748,1069.350,1.045
531,11/02/25 04:20:53 AM,1.34,2.34,258.3,4.609,77.197,1069.350,0.965
532,11/02/25 04:30:53 AM,1.34,2.00,255.5,5.461,75.657,1069.350,1.512
533,11/02/25 04:40:53 AM,1.34,2.34,286.4,5.539,76.439,1069.350,1.731
534,11/02/25 04:50:53 AM,1.67,3.67,285.0,6.325,72.335,1069.350,1.721
535,11/02/25 05:00:53 AM,2.34,4.01,283.6,6.234,71.055,1069.350,1.384
536,11/02/25 05:10:53 AM,2.00,3.34,278.0,5.992,72.166,1069.350,1.367
537,11/02/25 05:20:53 AM,2.34,3.34,287.8,6.006,71.792,1069.350,1.308
538,11/02/25 05:30:53 AM,1.67,2.67,256.9,5.925,72.679,1069.350,1.401
539,11/02/25 05:40:53 AM,1.34,2.00,254.1,5.984,72.792,1069.350,1.480
540,11/02/25 05:50:53 AM,2.00,3.01,266.7,6.102,72.558,1069.350,1.549
541,11/02/25 06:00:53 AM,2.34,3.67,287.8,6.727,70.364,1069.350,1.722
542,11/02/25 06:10:53 AM,1.67,2.34,247.1,5.848,74.211,1069.350,1.618
543,11/02/25 06:20:53 AM,1.34,2.00,254.1,5.563,75.886,1069.350,1.653
544,11/02/25 06:30:53 AM,1.34,2.34,249.9,5.346,76.303,1069.350,1.519
545,11/02/25 06:40:53 AM,1.67,2.67,249.9,5.579,75.750,1069.350,1.644
546,11/02/25 06:50:53 AM,2.00,4.01,234.5,5.590,75.926,1069.350,1.687
547,11/02/25 07:00:53 AM,3.01,4.01,235.9,5.295,77.098,1069.350,1.614
548,11/02/25 07:10:53 AM,3.01,3.67,242.9,6.260,74.696,1069.350,2.107
549,11/02/25 07:20:53 AM,3.34,4.68,247.1,7.357,71.420,1069.350,2.537
550,11/02/25 07:30:53 AM,3.67,4.68,259.7,7.831,70.469,1069.350,2.804
551,11/02/25 07:40:53 AM,3.01,4.01,266.7,7.472,71.838,1069.350,2.729
552,11/02/25 07:50:53 AM,3.01,4.34,256.9,7.260,73.384,1069.350,2.825
553,11/02/25 08:00:53 AM,3.34,4.34,244.3,7.185,75.210,1069.350,3.099
554,11/02/25 08:10:53 AM,3.34,4.68,237.3,7.585,75.224,1069.350,3.489
555,11/02/25 08:20:53 AM,3.34,4.34,241.5,7.858,74.928,1069.350,3.698
556,11/02/25 08:30:53 AM,2.67,3.67,244.3,7.869,76.242,1069.350,3.955
557,11/02/25 08:40:53 AM,2.67,4.68,259.7,8.389,77.250,1069.350,4.647
558,11/02/25 08:50:53 AM,3.67,5.01,275.2,9.799,74.398,1069.350,5.474
559,11/02/25 09:00:53 AM,3.34,5.01,272.4,9.708,74.650,1069.350,5.434
560,11/02/25 09:10:53 AM,3.34,5.01,273.8,9.596,75.848,1069.350,5.555
561,11/02/25 09:20:53 AM,3.67,5.01,265.3,10.537,74.296,1069.350,6.167
562,11/02/25 09:30:53 AM,3.34,4.68,265.3,10.526,74.659,1069.350,6.227
563,11/02/25 09:40:53 AM,3.34,5.34,261.1,10.671,75.274,1069.350,6.487
564,11/02/25 09:50:53 AM,3.67,6.01,259.7,11.218,74.385,1069.350,6.843
565,11/02/25 10:00:53 AM,4.34,6.68,263.9,11.303,74.662,1069.350,6.979
566,11/02/25 10:10:53 AM,5.01,7.68,263.9,11.893,73.210,1069.350,7.262
567,11/02/25 10:20:53 AM,6.01,8.02,256.9,11.638,72.258,1069.350,6.826
568,11/02/25 10:30:53 AM,5.68,7.68,263.9,11.344,72.186,1069.350,6.528
569,11/02/25 10:40:53 AM,6.01,8.35,262.5,11.722,70.723,1069.350,6.594
570,11/02/25 10:50:53 AM,6.01,9.02,261.1,12.033,69.494,1069.350,6.637
571,11/02/25 11:00:53 AM,6.68,9.35,256.9,12.448,68.150,1069.350,6.751
572,11/02/25 11:10:53 AM,7.01,10.35,256.9,12.397,67.880,1069.350,6.644
573,11/02/25 11:20:53 AM,6.01,9.68,269.6,13.177,65.267,1069.350,6.817
574,11/02/25 11:30:53 AM,6.01,9.68,268.1,13.411,63.041,1069.350,6.534
575,11/02/25 11:40:53 AM,5.68,9.35,272.4,13.094,63.366,1069.350,6.308
576,11/02/25 11:50:53 AM,5.68,10.02,271.0,13.317,62.257,1069.350,6.263
577,11/02/25 12:00:53 PM,5.34,8.35,275.2,13.325,60.841,1069.350,5.938
578,11/02/25 12:10:53 PM,5.34,8.02,261.1,13.089,61.971,1069.350,5.981
579,11/02/25 12:20:53 PM,5.01,8.02,248.5,13.400,61.578,1069.350,6.183
580,11/02/25 12:30:53 PM,5.68,9.02,265.3,13.571,60.038,1069.350,5.978
581,11/02/25 12:40:53 PM,6.68,9.35,265.3,12.941,59.257,1069.350,5.196
582,11/02/25 12:50:53 PM,6.35,9.02,255.5,12.907,59.950,1069.350,5.331
583,11/02/25 01:00:53 PM,6.68,10.02,269.6,13.124,58.856,1069.350,5.270
584,11/02/25 01:10:53 PM,5.34,8.35,262.5,13.354,58.123,1069.350,5.306
585,11/02/25 01:20:53 PM,5.68,9.35,265.3,13.365,56.498,1069.350,4.909
586,11/02/25 01:30:53 PM,6.68,10.02,263.9,13.151,55.999,1069.350,4.582
587,11/02/25 01:40:53 PM,7.01,10.35,263.9,13.067,55.715,1069.350,4.431
588,11/02/25 01:50:53 PM,7.35,10.35,262.5,12.759,55.471,1069.350,4.081
589,11/02/25 02:00:53 PM,7.01,10.69,259.7,12.813,55.364,1069.350,4.104
590,11/02/25 02:10:53 PM,7.01,11.02,261.1,12.386,56.199,1069.350,3.918
591,11/02/25 02:20:53 PM,6.68,10.35,265.3,12.657,55.387,1069.350,3.964
592,11/02/25 02:30:53 PM,6.35,10.02,266.7,13.035,54.189,1069.350,4.005
593,11/02/25 02:40:53 PM,6.68,10.35,263.9,11.772,56.884,1069.350,3.515
594,11/02/25 02:50:53 PM,6.35,9.68,268.1,12.110,56.500,1069.350,3.736
595,11/02/25 03:00:53 PM,7.01,10.35,263.9,11.604,54.832,1069.350,2.839
596,11/02/25 03:10:53 PM,6.68,10.35,271.0,11.606,51.527,1069.350,1.968
597,11/02/25 03:20:53 PM,6.68,9.02,269.6,11.730,50.163,1069.350,1.708
598,11/02/25 03:30:53 PM,6.35,8.68,268.1,11.545,50.555,1069.350,1.646
599,11/02/25 03:40:53 PM,5.68,8.35,265.3,12.046,47.631,1069.350,1.276
600,11/02/25 03:50:53 PM,6.01,8.35,263.9,11.644,45.667,1069.350,0.325
601,11/02/25 04:00:53 PM,5.68,8.35,262.5,11.609,44.483,1069.350,-0.069
602,11/02/25 04:10:53 PM,5.34,9.35,262.5,11.215,46.870,1069.350,0.292
603,11/02/25 04:20:53 PM,4.68,9.02,258.3,10.496,51.727,1069.350,0.994
604,11/02/25 04:30:53 PM,5.01,7.35,245.7,9.885,54.154,1069.350,1.063
605,11/02/25 04:40:53 PM,5.01,7.68,242.9,10.014,53.353,1069.350,0.976
606,11/02/25 04:50:53 PM,5.01,7.35,252.7,9.244,53.533,1069.350,0.307
607,11/02/25 05:00:53 PM,4.34,6.35,259.7,9.191,53.730,1069.350,0.308
608,11/02/25 05:10:53 PM,4.68,7.01,262.5,9.081,53.825,1069.350,0.230
609,11/02/25 05:20:53 PM,4.34,7.01,263.9,8.660,54.980,1069.350,0.130
610,11/02/25 05:30:53 PM,4.68,7.35,265.3,8.732,54.568,1069.350,0.094
611,11/02/25 05:40:53 PM,4.34,6.68,269.6,7.949,56.835,1069.350,-0.078
612,11/02/25 05:50:53 PM,4.01,6.35,278.0,7.555,58.277,1069.350,-0.103
613,11/02/25 06:00:53 PM,3.01,4.68,276.6,7.470,58.590,1069.350,-0.109
614,11/02/25 06:10:53 PM,3.01,4.68,286.4,6.882,59.635,1069.350,-0.420
615,11/02/25 06:20:53 PM,4.01,5.68,286.4,6.496,59.998,1069.350,-0.701
616,11/02/25 06:30:53 PM,4.01,6.01,280.8,6.196,59.452,1069.350,-1.109
617,11/02/25 06:40:53 PM,3.67,5.34,283.6,5.695,60.859,1069.350,-1.263
618,11/02/25 06:50:53 PM,3.01,4.34,292.0,5.121,62.863,1069.350,-1.365
619,11/02/25 07:00:53 PM,3.01,4.68,289.2,4.587,65.182,1069.350,-1.380
620,11/02/25 07:10:53 PM,2.34,4.34,275.2,4.075,67.053,1069.350,-1.484
621,11/02/25 07:20:53 PM,2.00,2.67,256.9,3.432,69.052,1069.350,-1.701
622,11/02/25 07:30:53 PM,1.67,2.67,289.2,3.177,69.752,1069.350,-1.809
623,11/02/25 07:40:53 PM,1.34,2.34,306.1,2.692,71.263,1069.350,-1.985
624,11/02/25 07:50:53 PM,2.34,3.67,252.7,2.896,70.248,1069.350,-1.983
625,11/02/25 08:00:53 PM,2.67,3.67,256.9,2.333,72.203,1069.350,-2.154
626,11/02/25 08:10:53 PM,2.00,2.67,271.0,1.370,74.647,1069.350,-2.636
627,11/02/25 08:20:53 PM,2.00,3.34,266.7,1.671,73.616,1069.350,-2.532
628,11/02/25 08:30:53 PM,1.00,1.67,268.1,2.051,71.704,1069.350,-2.519
629,11/02/25 08:40:53 PM,2.00,4.34,303.2,1.520,73.606,1069.350,-2.679
630,11/02/25 08:50:53 PM,2.34,4.34,307.5,1.845,73.190,1069.350,-2.442
631,11/02/25 09:00:53 PM,2.34,3.67,289.2,2.641,70.433,1069.350,-2.193
632,11/02/25 09:10:53 PM,1.67,2.34,223.2,-0.442,78.085,1069.350,-3.792
633,11/02/25 09:20:53 PM,1.67,2.67,223.2,-0.968,80.584,1069.350,-3.885
634,11/02/25 09:30:53 PM,2.00,2.67,287.8,-1.622,82.493,1069.350,-4.214
635,11/02/25 09:40:53 PM,2.34,3.34,285.0,-1.300,82.606,1069.350,-3.880
636,11/02/25 09:50:53 PM,2.67,5.68,262.5,0.467,77.620,1069.350,-2.987
637,11/02/25 10:00:53 PM,2.34,5.01,290.6,1.126,75.517,1069.350,-2.716
638,11/02/25 10:10:53 PM,1.34,2.67,247.1,0.523,76.953,1069.350,-3.048
639,11/02/25 10:20:53 PM,1.34,3.67,278.0,0.898,76.402,1069.350,-2.781
640,11/02/25 10:30:53 PM,2.67,5.68,303.2,0.571,77.800,1069.350,-2.855
641,11/02/25 10:40:53 PM,3.01,4.68,321.5,0.684,77.423,1069.350,-2.810
642,11/02/25 10:50:53 PM,1.00,3.01,256.9,0.531,77.563,1069.350,-2.935
643,11/02/25 11:00:53 PM,1.34,3.01,273.8,0.464,77.269,1069.350,-3.051
644,11/02/25 11:10:53 PM,1.00,3.01,263.9,-0.123,78.694,1069.350,-3.377
645,11/02/25 11:20:53 PM,0.33,2.67,268.1,-0.351,78.834,1069.350,-3.576
646,11/02/25 11:30:53 PM,1.34,3.67,292.0,-0.721,79.539,1069.350,-3.818
647,11/02/25 11:40:53 PM,0.67,1.67,282.2,-1.362,81.794,1069.350,-4.072
648,11/02/25 11:50:53 PM,1.00,1.67,301.8,-1.150,80.439,1069.350,-4.087
649,11/03/25 12:00:53 AM,0.67,1.34,262.5,-1.453,80.899,1069.350,-4.307
650,11/03/25 12:10:53 AM,1.00,2.00,280.8,-2.241,82.745,1069.350,-4.780
651,11/03/25 12:20:53 AM,1.67,2.67,297.6,-2.364,82.181,1069.350,-4.991
652,11/03/25 12:30:53 AM,2.34,3.67,289.2,-2.158,81.013,1069.350,-4.978
653,11/03/25 12:40:53 AM,1.67,2.67,296.2,-2.147,79.933,1069.350,-5.144
654,11/03/25 12:50:53 AM,1.00,2.00,300.4,-1.911,78.680,1069.350,-5.122
655,11/03/25 01:00:53 AM,0.00,1.00,317.3,-2.378,79.432,1069.350,-5.452
656,11/03/25 01:10:53 AM,0.00,0.00,314.5,-2.705,80.743,1069.350,-5.557
657,11/03/25 01:20:53 AM,0.00,0.00,325.7,-2.801,80.702,1069.350,-5.657
658,11/03/25 01:30:53 AM,0.00,0.00,43.5,-3.096,81.288,1069.350,-5.851
659,11/03/25 01:40:53 AM,0.33,1.34,51.9,-4.547,86.545,1069.350,-6.457
660,11/03/25 01:50:53 AM,1.00,1.34,1.4,-4.128,84.939,1069.350,-6.289
661,11/03/25 02:00:53 AM,0.67,1.67,292.0,-4.311,84.057,1069.350,-6.605
662,11/03/25 02:10:53 AM,0.00,0.67,300.4,-4.590,85.483,1069.350,-6.660
663,11/03/25 02:20:53 AM,0.33,1.00,296.2,-4.488,84.776,1069.350,-6.668
664,11/03/25 02:30:53 AM,0.00,0.00,289.2,-4.147,83.552,1069.350,-6.522
665,11/03/25 02:40:53 AM,0.33,1.34,271.0,-4.260,82.829,1069.350,-6.746
666,11/03/25 02:50:53 AM,0.33,1.34,237.3,-5.930,88.350,1069.350,-7.554
667,11/03/25 03:00:53 AM,1.00,1.67,294.8,-5.252,88.083,1069.350,-6.923
668,11/03/25 03:10:53 AM,1.34,1.67,331.3,-4.394,85.374,1069.350,-6.484
669,11/03/25 03:20:53 AM,1.00,1.67,342.6,-3.632,82.544,1069.350,-6.175
670,11/03/25 03:30:53 AM,0.00,0.67,16.8,-3.177,78.715,1069.350,-6.350
671,11/03/25 03:40:53 AM,0.67,1.67,198.0,-3.935,80.737,1069.350,-6.760
672,11/03/25 03:50:53 AM,1.34,1.67,271.0,-5.686,86.793,1069.350,-7.543
673,11/03/25 04:00:53 AM,1.67,2.00,314.5,-5.083,86.807,1069.350,-6.946
674,11/03/25 04:10:53 AM,0.67,1.00,334.1,-4.378,83.984,1069.350,-6.682
675,11/03/25 04:20:53 AM,0.00,0.00,275.2,-3.646,79.948,1069.350,-6.605
676,11/03/25 04:30:53 AM,0.33,1.67,290.6,-5.571,87.068,1069.350,-7.388
677,11/03/25 04:40:53 AM,0.00,1.00,342.6,-4.603,84.446,1069.350,-6.831
678,11/03/25 04:50:53 AM,0.33,1.34,336.9,-4.758,84.247,1069.350,-7.014
679,11/03/25 05:00:53 AM,0.33,1.00,299.0,-4.649,83.046,1069.350,-7.093
680,11/03/25 05:10:53 AM,1.00,1.34,231.6,-6.094,87.938,1069.350,-7.776
681,11/03/25 05:20:53 AM,1.00,1.67,273.8,-6.147,89.268,1069.350,-7.635
682,11/03/25 05:30:53 AM,1.00,1.67,293.4,-5.292,87.103,1069.350,-7.108
683,11/03/25 05:40:53 AM,0.67,1.34,294.8,-4.608,83.377,1069.350,-7.002
684,11/03/25 05:50:53 AM,0.67,1.34,304.7,-4.643,83.095,1069.350,-7.080
685,11/03/25 06:00:53 AM,0.67,1.00,320.1,-4.710,82.936,1069.350,-7.170
686,11/03/25 06:10:53 AM,0.33,1.34,329.9,-4.598,82.904,1069.350,-7.066
687,11/03/25 06:20:53 AM,0.67,1.34,328.5,-3.957,80.929,1069.350,-6.751
688,11/03/25 06:30:53 AM,0.00,0.00,301.8,-4.389,81.691,1069.350,-7.052
689,11/03/25 06:40:53 AM,0.00,0.00,240.1,-4.903,82.371,1069.350,-7.448
690,11/03/25 06:50:53 AM,0.00,0.00,255.5,-5.659,84.533,1069.350,-7.856
691,11/03/25 07:00:53 AM,0.00,0.00,294.8,-5.536,85.002,1069.350,-7.664
692,11/03/25 07:10:53 AM,0.00,0.00,301.8,-4.740,82.687,1069.350,-7.239
693,11/03/25 07:20:53 AM,0.00,0.00,324.3,-4.694,83.973,1069.350,-6.994
694,11/03/25 07:30:53 AM,0.00,0.00,338.3,-3.871,80.430,1069.350,-6.747
695,11/03/25 07:40:53 AM,0.00,0.00,355.2,-5.075,83.424,1069.350,-7.453
696,11/03/25 07:50:53 AM,0.00,0.00,355.2,-5.812,87.687,1069.350,-7.535
697,11/03/25 08:00:53 AM,0.00,0.00,338.3,-5.817,87.506,1069.350,-7.566
698,11/03/25 08:10:53 AM,0.00,0.00,346.8,-4.689,83.088,1069.350,-7.126
699,11/03/25 08:20:53 AM,0.00,0.00,346.8,-4.330,81.140,1069.350,-7.082
700,11/03/25 08:30:53 AM,0.00,0.00,338.3,-4.399,81.743,1069.350,-7.053
701,11/03/25 08:40:53 AM,0.00,0.00,334.1,-3.852,79.672,1069.350,-6.851
702,11/03/25 08:50:53 AM,0.00,0.00,334.1,-3.386,78.285,1069.350,-6.625
703,11/03/25 09:00:53 AM,0.00,0.00,334.1,-2.174,75.877,1069.350,-5.854
704,11/03/25 09:10:53 AM,0.00,0.00,334.1,-1.386,74.789,1069.350,-5.280
705,11/03/25 09:20:53 AM,0.00,0.00,334.1,-0.319,72.819,1069.350,-4.600
706,11/03/25 09:30:53 AM,0.00,0.00,102.5,-0.761,74.635,1069.350,-4.702
707,11/03/25 09:40:53 AM,0.00,0.00,117.9,-0.206,72.724,1069.350,-4.508
708,11/03/25 09:50:53 AM,0.00,0.00,117.9,1.413,69.229,1069.350,-3.604
709,11/03/25 10:00:53 AM,0.00,1.67,133.4,1.279,70.768,1069.350,-3.439
710,11/03/25 10:10:53 AM,0.67,2.00,116.5,1.035,71.922,1069.350,-3.458
711,11/03/25 10:20:53 AM,0.00,0.67,109.5,2.775,64.259,1069.350,-3.298
712,11/03/25 10:30:53 AM,0.33,1.34,129.2,3.424,60.993,1069.350,-3.380
713,11/03/25 10:40:53 AM,0.67,1.34,151.6,3.676,57.646,1069.350,-3.896
714,11/03/25 10:50:53 AM,0.67,2.00,123.5,4.231,58.065,1069.350,-3.277
715,11/03/25 11:00:53 AM,0.67,2.00,109.5,5.110,56.905,1069.350,-2.723
716,11/03/25 11:10:53 AM,1.00,2.00,109.5,5.528,54.849,1069.350,-2.826
717,11/03/25 11:20:53 AM,1.00,2.34,122.1,6.046,52.383,1069.350,-2.962
718,11/03/25 11:30:53 AM,1.00,2.34,116.5,6.488,51.345,1069.350,-2.820
719,11/03/25 11:40:53 AM,0.67,1.67,127.8,7.582,48.437,1069.350,-2.594
720,11/03/25 11:50:53 AM,1.34,2.00,113.7,8.118,44.851,1069.350,-3.137
721,11/03/25 12:00:53 PM,1.34,2.34,99.7,9.411,41.468,1069.350,-3.015
722,11/03/25 12:10:53 PM,1.00,2.34,74.4,9.933,40.206,1069.350,-2.959
723,11/03/25 12:20:53 PM,1.67,3.01,84.2,10.695,38.425,1069.350,-2.883
724,11/03/25 12:30:53 PM,2.34,3.67,81.4,10.864,36.359,1069.350,-3.473
725,11/03/25 12:40:53 PM,2.34,3.67,91.3,11.437,34.894,1069.350,-3.514
726,11/03/25 12:50:53 PM,2.34,4.01,63.2,12.346,31.633,1069.350,-4.023
727,11/03/25 01:00:53 PM,2.00,3.67,82.8,12.850,29.522,1069.350,-4.500
728,11/03/25 01:10:53 PM,2.67,5.68,88.4,13.059,28.925,1069.350,-4.590
729,11/03/25 01:20:53 PM,2.34,4.34,84.2,13.633,29.735,1069.350,-3.725
730,11/03/25 01:30:53 PM,1.67,3.01,82.8,14.649,30.457,1069.350,-2.521
731,11/03/25 01:40:53 PM,2.00,4.01,103.9,15.043,31.969,1069.350,-1.522
732,11/03/25 01:50:53 PM,1.67,3.34,91.3,15.526,32.630,1069.350,-0.820
733,11/03/25 02:00:53 PM,1.67,3.01,98.3,15.866,33.570,1069.350,-0.132
734,11/03/25 02:10:53 PM,1.67,4.01,84.2,16.043,33.811,1069.350,0.122
735,11/03/25 02:20:53 PM,1.34,3.67,127.8,16.247,34.640,1069.350,0.636
736,11/03/25 02:30:53 PM,0.67,1.67,226.0,16.314,34.598,1069.350,0.678
737,11/03/25 02:40:53 PM,1.00,2.34,258.3,17.038,34.231,1069.350,1.168
738,11/03/25 02:50:53 PM,1.00,2.34,233.1,16.864,35.039,1069.350,1.339
739,11/03/25 03:00:53 PM,1.34,3.01,207.8,16.899,35.885,1069.350,1.703
740,11/03/25 03:10:53 PM,2.67,6.01,244.3,17.019,38.386,1069.350,2.754
741,11/03/25 03:20:53 PM,4.01,7.01,272.4,16.432,40.192,1069.350,2.877
742,11/03/25 03:30:53 PM,4.01,7.68,283.6,16.177,40.386,1069.350,2.716
743,11/03/25 03:40:53 PM,4.34,6.35,282.2,15.912,40.529,1069.350,2.528
744,11/03/25 03:50:53 PM,3.67,6.35,286.4,15.837,41.016,1069.350,2.628
745,11/03/25 04:00:53 PM,4.34,6.68,289.2,15.676,42.425,1069.350,2.959
746,11/03/25 04:10:53 PM,4.01,6.35,275.2,15.676,43.200,1069.350,3.214
747,11/03/25 04:20:53 PM,3.67,5.68,282.2,15.550,43.658,1069.350,3.249
748,11/03/25 04:30:53 PM,3.67,5.68,278.0,15.515,43.838,1069.350,3.276
749,11/03/25 04:40:53 PM,3.67,6.01,279.4,15.373,43.264,1069.350,2.961
750,11/03/25 04:50:53 PM,3.67,6.01,265.3,15.298,43.458,1069.350,2.956
751,11/03/25 05:00:53 PM,3.34,5.01,261.1,15.092,42.997,1069.350,2.619
752,11/03/25 05:10:53 PM,2.34,4.34,265.3,15.126,42.593,1069.350,2.517
753,11/03/25 05:20:53 PM,2.34,3.67,268.1,15.145,42.220,1069.350,2.411
754,11/03/25 05:30:53 PM,1.34,2.67,255.5,14.815,42.681,1069.350,2.265
755,11/03/25 05:40:53 PM,1.34,2.00,252.7,13.617,45.048,1069.350,1.934
756,11/03/25 05:50:53 PM,1.00,1.34,282.2,13.134,46.711,1069.350,2.001
757,11/03/25 06:00:53 PM,0.33,1.00,294.8,13.542,46.111,1069.350,2.192
758,11/03/25 06:10:53 PM,0.00,0.33,294.8,12.805,47.840,1069.350,2.034
759,11/03/25 06:20:53 PM,0.33,1.34,296.2,11.590,50.684,1069.350,1.723
760,11/03/25 06:30:53 PM,0.67,1.34,310.3,9.255,56.150,1069.350,0.978
761,11/03/25 06:40:53 PM,0.67,1.34,321.5,8.582,57.519,1069.350,0.681
762,11/03/25 06:50:53 PM,1.00,2.00,341.2,8.199,57.897,1069.350,0.412
763,11/03/25 07:00:53 PM,0.33,1.67,5.6,7.703,59.873,1069.350,0.409
764,11/03/25 07:10:53 PM,0.00,0.00,4.2,7.207,61.660,1069.350,0.346
765,11/03/25 07:20:53 PM,1.00,2.00,292.0,6.762,62.499,1069.350,0.111
766,11/03/25 07:30:53 PM,1.34,3.01,279.4,5.322,65.962,1069.350,-0.517
767,11/03/25 07:40:53 PM,1.00,1.67,296.2,5.220,66.978,1069.350,-0.405
768,11/03/25 07:50:53 PM,0.67,1.67,317.3,5.360,66.061,1069.350,-0.460
769,11/03/25 08:00:53 PM,1.34,2.34,331.3,4.539,69.169,1069.350,-0.616
770,11/03/25 08:10:53 PM,1.34,2.34,314.5,5.016,68.342,1069.350,-0.323
771,11/03/25 08:20:53 PM,1.00,2.00,293.4,4.976,68.438,1069.350,-0.342
772,11/03/25 08:30:53 PM,1.34,2.00,269.6,4.011,70.752,1069.350,-0.813
773,11/03/25 08:40:53 PM,1.67,2.00,278.0,3.780,72.547,1069.350,-0.693
774,11/03/25 08:50:53 PM,0.67,1.34,275.2,4.547,70.707,1069.350,-0.307
775,11/03/25 09:00:53 PM,1.34,2.00,273.8,3.349,73.402,1069.350,-0.949
776,11/03/25 09:10:53 PM,1.00,2.00,301.8,3.266,75.624,1069.350,-0.622
777,11/03/25 09:20:53 PM,0.67,1.00,324.3,4.987,70.213,1069.350,0.020
778,11/03/25 09:30:53 PM,0.67,1.34,335.5,5.027,69.654,1069.350,-0.052
779,11/03/25 09:40:53 PM,0.33,1.00,334.1,4.864,70.410,1069.350,-0.060
780,11/03/25 09:50:53 PM,0.00,0.00,335.5,3.936,73.283,1069.350,-0.404
781,11/03/25 10:00:53 PM,0.00,0.00,335.5,3.807,74.287,1069.350,-0.342
782,11/03/25 10:10:53 PM,0.00,0.00,335.5,3.676,74.604,1069.350,-0.411
783,11/03/25 10:20:53 PM,0.00,1.00,336.9,3.676,74.588,1069.350,-0.414
784,11/03/25 10:30:53 PM,0.33,0.67,346.8,3.287,74.942,1069.350,-0.726
785,11/03/25 10:40:53 PM,0.00,0.00,346.8,2.435,78.027,1069.350,-1.001
786,11/03/25 10:50:53 PM,0.00,0.00,346.8,2.429,78.427,1069.350,-0.938
787,11/03/25 11:00:53 PM,0.00,0.00,355.2,2.142,79.472,1069.350,-1.037
788,11/03/25 11:10:53 PM,0.00,1.34,158.6,1.689,81.418,1069.350,-1.149
789,11/03/25 11:20:53 PM,0.00,0.33,164.3,1.815,81.758,1069.350,-0.969
790,11/03/25 11:30:53 PM,0.33,1.34,278.0,2.539,80.349,1069.350,-0.499
791,11/03/25 11:40:53 PM,0.67,1.34,321.5,3.764,75.744,1069.350,-0.117
792,11/03/25 11:50:53 PM,0.00,0.67,272.4,3.453,76.861,1069.350,-0.218
793,11/04/25 12:00:53 AM,0.33,1.34,268.1,3.499,76.530,1069.350,-0.233
794,11/04/25 12:10:53 AM,0.67,1.67,256.9,3.126,78.354,1069.350,-0.272
795,11/04/25 12:20:53 AM,0.67,1.00,272.4,3.419,77.430,1069.350,-0.150
796,11/04/25 12:30:53 AM,0.00,0.00,272.4,3.971,74.849,1069.350,-0.080
797,11/04/25 12:40:53 AM,0.00,0.00,272.4,4.148,74.031,1069.350,-0.060
798,11/04/25 12:50:53 AM,0.00,0.00,272.4,3.622,77.206,1069.350,0.008
799,11/04/25 01:00:53 AM,0.00,0.00,272.4,3.424,78.036,1069.350,-0.038
800,11/04/25 01:10:53 AM,0.00,0.00,272.4,3.960,75.665,1069.350,0.058
801,11/04/25 01:20:53 AM,0.00,0.00,272.4,3.687,76.967,1069.350,0.028
802,11/04/25 01:30:53 AM,0.00,0.00,272.4,3.654,77.203,1069.350,0.038
803,11/04/25 01:40:53 AM,0.33,1.00,272.4,4.478,74.086,1069.350,0.269
804,11/04/25 01:50:53 AM,0.33,1.00,272.4,5.035,72.039,1069.350,0.420
805,11/04/25 02:00:53 AM,0.00,0.00,299.0,4.751,73.574,1069.350,0.437
806,11/04/25 02:10:53 AM,0.00,0.00,2.8,5.469,71.276,1069.350,0.691
807,11/04/25 02:20:53 AM,0.00,0.00,345.4,5.542,70.912,1069.350,0.690
808,11/04/25 02:30:53 AM,0.00,0.00,238.7,4.357,75.590,1069.350,0.430
809,11/04/25 02:40:53 AM,0.00,1.00,313.1,3.847,78.395,1069.350,0.437
810,11/04/25 02:50:53 AM,0.00,0.33,290.6,4.236,76.698,1069.350,0.513
811,11/04/25 03:00:53 AM,0.00,0.33,290.6,4.807,74.592,1069.350,0.682
812,11/04/25 03:10:53 AM,0.33,1.34,321.5,5.303,73.028,1069.350,0.867
813,11/04/25 03:20:53 AM,0.67,2.00,331.3,6.006,70.617,1069.350,1.079
814,11/04/25 03:30:53 AM,2.00,3.34,280.8,5.512,72.892,1069.350,1.043
815,11/04/25 03:40:53 AM,3.67,7.01,306.1,6.405,70.010,1069.350,1.342
816,11/04/25 03:50:53 AM,4.34,6.01,317.3,7.343,66.877,1069.350,1.603
817,11/04/25 04:00:53 AM,4.68,6.68,310.3,7.467,66.992,1069.350,1.745
818,11/04/25 04:10:53 AM,5.68,10.69,297.6,7.896,69.346,1069.350,2.640
819,11/04/25 04:20:53 AM,7.35,10.69,314.5,7.537,81.448,1069.350,4.574
820,11/04/25 04:30:53 AM,5.01,9.68,308.9,6.915,87.095,1069.350,4.923
821,11/04/25 04:40:53 AM,3.01,6.01,276.6,7.142,88.363,1069.350,5.355
822,11/04/25 04:50:53 AM,2.00,3.34,280.8,6.668,92.207,1069.350,5.499
823,11/04/25 05:00:53 AM,2.00,3.67,297.6,6.400,93.053,1069.350,5.365
824,11/04/25 05:10:53 AM,2.00,3.67,301.8,6.252,93.434,1069.350,5.276
825,11/04/25 05:20:53 AM,2.00,3.01,304.7,6.327,93.187,1069.350,5.313
826,11/04/25 05:30:53 AM,2.67,3.67,313.1,6.453,93.054,1069.350,5.417
827,11/04/25 05:40:53 AM,2.34,3.67,307.5,6.295,94.382,1069.350,5.464
828,11/04/25 05:50:53 AM,1.67,2.67,293.4,6.175,95.898,1069.350,5.575
829,11/04/25 06:00:53 AM,1.00,2.34,271.0,6.067,96.468,1069.350,5.552
830,11/04/25 06:10:53 AM,1.34,2.34,258.3,5.700,97.842,1069.350,5.390
831,11/04/25 06:20:53 AM,1.67,2.34,259.7,5.821,97.758,1069.350,5.498
832,11/04/25 06:30:53 AM,1.67,2.67,252.7,5.740,97.865,1069.350,5.433
833,11/04/25 06:40:53 AM,1.34,2.34,268.1,5.585,98.418,1069.350,5.359
834,11/04/25 06:50:53 AM,0.67,1.00,276.6,5.638,98.820,1069.350,5.471
835,11/04/25 07:00:53 AM,0.33,1.00,276.6,5.697,98.805,1069.350,5.528
836,11/04/25 07:10:53 AM,0.33,1.34,268.1,5.826,98.656,1069.350,5.635
837,11/04/25 07:20:53 AM,1.00,2.00,244.3,5.587,98.499,1069.350,5.373
838,11/04/25 07:30:53 AM,1.00,2.34,209.2,5.295,99.515,1069.350,5.229
839,11/04/25 07:40:53 AM,0.33,1.34,290.6,5.209,99.730,1069.350,5.174
840,11/04/25 07:50:53 AM,0.00,0.00,297.6,5.234,99.980,1069.350,5.235
841,11/04/25 08:00:53 AM,0.00,0.00,165.7,5.000,99.988,1069.350,5.001
842,11/04/25 08:10:53 AM,0.33,1.34,169.9,4.853,99.997,1069.350,4.855
843,11/04/25 08:20:53 AM,1.00,1.34,328.5,4.890,99.997,1069.350,4.892
844,11/04/25 08:30:53 AM,1.00,1.67,339.7,5.167,99.997,1069.350,5.170
845,11/04/25 08:40:53 AM,1.00,2.00,332.7,5.429,99.997,1069.350,5.432
846,11/04/25 08:50:53 AM,0.67,2.34,313.1,5.772,99.660,1069.350,5.727
847,11/04/25 09:00:53 AM,0.67,1.34,341.2,5.990,98.723,1069.350,5.809
848,11/04/25 09:10:53 AM,0.67,1.67,0.0,6.057,98.965,1069.350,5.911
849,11/04/25 09:20:53 AM,0.33,1.34,116.5,6.054,99.063,1069.350,5.923
850,11/04/25 09:30:53 AM,0.00,0.00,143.2,6.051,98.744,1069.350,5.873
851,11/04/25 09:40:53 AM,0.00,0.00,143.2,6.105,99.025,1069.350,5.968
852,11/04/25 09:50:53 AM,0.00,0.00,143.2,6.239,99.522,1069.350,6.175
853,11/04/25 10:00:53 AM,0.00,0.00,143.2,6.587,99.368,1069.350,6.500
854,11/04/25 10:10:53 AM,0.00,0.00,144.6,6.665,98.972,1069.350,6.520
855,11/04/25 10:20:53 AM,0.00,0.00,154.4,6.818,98.802,1069.350,6.649
856,11/04/25 10:30:53 AM,0.00,0.00,154.4,7.102,98.358,1069.350,6.867
857,11/04/25 10:40:53 AM,0.00,0.00,154.4,7.343,97.574,1069.350,6.991
858,11/04/25 10:50:53 AM,0.00,0.00,154.4,7.451,96.521,1069.350,6.941
859,11/04/25 11:00:53 AM,0.00,0.00,154.4,7.671,95.679,1069.350,7.032
860,11/04/25 11:10:53 AM,0.00,0.00,154.4,7.772,94.989,1069.350,7.027
861,11/04/25 11:20:53 AM,0.00,0.00,154.4,7.947,94.231,1069.350,7.084
862,11/04/25 11:30:53 AM,0.00,0.00,154.4,8.110,93.797,1069.350,7.179
863,11/04/25 11:40:53 AM,0.00,1.34,158.6,8.169,92.592,1069.350,7.049
864,11/04/25 11:50:53 AM,0.33,1.00,181.1,8.448,91.269,1069.350,7.115
865,11/04/25 12:00:53 PM,0.67,2.00,205.0,8.839,89.601,1069.350,7.233
866,11/04/25 12:10:53 PM,1.00,2.00,245.7,9.598,88.486,1069.350,7.799
867,11/04/25 12:20:53 PM,2.00,3.67,289.2,9.604,86.464,1069.350,7.466
868,11/04/25 12:30:53 PM,2.34,3.67,320.1,8.864,88.341,1069.350,7.051
869,11/04/25 12:40:53 PM,2.00,4.01,280.8,8.663,89.458,1069.350,7.036
870,11/04/25 12:50:53 PM,2.34,4.01,263.9,9.065,87.393,1069.350,7.092
871,11/04/25 01:00:53 PM,1.67,4.01,251.3,9.957,85.313,1069.350,7.617
872,11/04/25 01:10:53 PM,1.34,3.01,255.5,10.783,80.140,1069.350,7.509
873,11/04/25 01:20:53 PM,2.00,3.34,285.0,10.424,81.230,1069.350,7.356
874,11/04/25 01:30:53 PM,2.00,3.01,292.0,9.845,82.637,1069.350,7.041
875,11/04/25 01:40:53 PM,1.67,3.67,294.8,9.716,82.982,1069.350,6.976
876,11/04/25 01:50:53 PM,1.67,2.67,287.8,9.778,80.763,1069.350,6.641
877,11/04/25 02:00:53 PM,1.67,4.01,280.8,9.470,81.195,1069.350,6.418
878,11/04/25 02:10:53 PM,2.00,2.67,286.4,9.512,82.582,1069.350,6.705
879,11/04/25 02:20:53 PM,2.00,3.34,292.0,9.542,83.735,1069.350,6.937
880,11/04/25 02:30:53 PM,2.34,3.67,301.8,9.354,85.403,1069.350,7.040
881,11/04/25 02:40:53 PM,2.34,3.34,292.0,8.987,87.665,1069.350,7.060
882,11/04/25 02:50:53 PM,2.34,3.67,275.2,9.014,88.318,1069.350,7.195
883,11/04/25 03:00:53 PM,3.01,4.34,285.0,9.134,87.497,1069.350,7.177
884,11/04/25 03:10:53 PM,3.01,4.68,276.6,9.065,86.880,1069.350,7.006
885,11/04/25 03:20:53 PM,3.01,4.34,297.6,9.041,86.734,1069.350,6.957
886,11/04/25 03:30:53 PM,3.01,4.34,289.2,8.982,86.328,1069.350,6.831
887,11/04/25 03:40:53 PM,3.01,4.34,296.2,8.754,88.058,1069.350,6.895
888,11/04/25 03:50:53 PM,2.34,3.67,301.8,8.703,87.889,1069.350,6.817
889,11/04/25 04:00:53 PM,2.34,4.01,311.7,8.748,87.959,1069.350,6.873
890,11/04/25 04:10:53 PM,2.34,4.01,307.5,8.652,88.304,1069.350,6.835
891,11/04/25 04:20:53 PM,1.67,3.34,321.5,8.555,88.287,1069.350,6.737
892,11/04/25 04:30:53 PM,1.34,2.34,339.7,8.563,88.371,1069.350,6.759
893,11/04/25 04:40:53 PM,1.00,2.00,335.5,8.636,89.288,1069.350,6.981
894,11/04/25 04:50:53 PM,1.34,2.34,341.2,8.681,87.449,1069.350,6.722
895,11/04/25 05:00:53 PM,0.67,1.34,332.7,8.644,86.610,1069.350,6.546
896,11/04/25 05:10:53 PM,0.00,0.33,328.5,8.703,86.751,1069.350,6.628
897,11/04/25 05:20:53 PM,0.33,1.34,349.6,8.630,86.355,1069.350,6.489
898,11/04/25 05:30:53 PM,0.33,1.34,4.2,8.537,87.555,1069.350,6.598
899,11/04/25 05:40:53 PM,0.00,0.00,2.8,8.453,87.185,1069.350,6.454
900,11/04/25 05:50:53 PM,0.00,0.00,16.8,8.394,87.678,1069.350,6.478
901,11/04/25 06:00:53 PM,0.00,0.00,39.3,8.244,89.482,1069.350,6.625
902,11/04/25 06:10:53 PM,0.00,0.00,56.2,8.105,90.019,1069.350,6.575
903,11/04/25 06:20:53 PM,0.00,0.00,54.8,7.864,91.238,1069.350,6.532
904,11/04/25 06:30:53 PM,0.00,0.00,59.0,7.633,91.458,1069.350,6.338
905,11/04/25 06:40:53 PM,0.00,0.00,60.4,7.494,91.949,1069.350,6.278
906,11/04/25 06:50:53 PM,0.00,0.00,60.4,7.349,92.903,1069.350,6.284
907,11/04/25 07:00:53 PM,0.33,1.00,96.9,7.134,94.313,1069.350,6.288
908,11/04/25 07:10:53 PM,0.00,1.34,119.3,6.925,95.489,1069.350,6.260
909,11/04/25 07:20:53 PM,0.67,2.00,106.7,6.990,95.772,1069.350,6.368
910,11/04/25 07:30:53 PM,1.34,2.00,99.7,7.201,94.939,1069.350,6.451
911,11/04/25 07:40:53 PM,0.67,1.34,92.7,7.054,95.348,1069.350,6.367
912,11/04/25 07:50:53 PM,0.33,1.00,91.3,6.872,95.935,1069.350,6.275
913,11/04/25 08:00:53 PM,0.33,1.00,88.4,6.587,96.889,1069.350,6.134
914,11/04/25 08:10:53 PM,0.00,0.00,77.2,6.416,97.673,1069.350,6.080
915,11/04/25 08:20:53 PM,0.67,1.67,39.3,6.432,97.792,1069.350,6.114
916,11/04/25 08:30:53 PM,0.67,1.34,42.1,6.365,97.499,1069.350,6.003
917,11/04/25 08:40:53 PM,0.33,1.00,42.1,6.397,97.087,1069.350,5.974
918,11/04/25 08:50:53 PM,0.00,0.00,64.6,6.421,96.808,1069.350,5.956
919,11/04/25 09:00:53 PM,0.33,1.67,43.5,6.357,96.152,1069.350,5.794
920,11/04/25 09:10:53 PM,1.00,1.67,23.9,6.260,96.330,1069.350,5.724
921,11/04/25 09:20:53 PM,1.00,2.00,33.7,6.252,96.077,1069.350,5.678
922,11/04/25 09:30:53 PM,1.00,2.00,53.3,6.226,95.702,1069.350,5.596
923,11/04/25 09:40:53 PM,0.00,1.34,46.3,6.188,95.575,1069.350,5.539
924,11/04/25 09:50:53 PM,0.33,1.34,91.3,6.016,96.159,1069.350,5.455
925,11/04/25 10:00:53 PM,0.00,0.00,109.5,6.008,96.660,1069.350,5.522
926,11/04/25 10:10:53 PM,0.67,1.67,103.9,5.510,97.867,1069.350,5.204
927,11/04/25 10:20:53 PM,0.00,0.00,103.9,5.220,99.226,1069.350,5.112
928,11/04/25 10:30:53 PM,0.00,0.00,103.9,5.330,99.757,1069.350,5.299
929,11/04/25 10:40:53 PM,0.00,0.67,73.0,5.566,98.195,1069.350,5.308
930,11/04/25 10:50:53 PM,0.00,0.00,91.3,5.499,97.545,1069.350,5.145
931,11/04/25 11:00:53 PM,0.00,0.00,129.2,5.161,98.285,1069.350,4.916
932,11/04/25 11:10:53 PM,0.00,0.00,144.6,5.003,99.055,1069.350,4.870
933,11/04/25 11:20:53 PM,0.00,0.00,139.0,5.065,99.619,1069.350,5.013
934,11/04/25 11:30:53 PM,0.00,0.00,139.0,5.043,99.490,1069.350,4.973
935,11/04/25 11:40:53 PM,0.00,0.00,139.0,5.105,98.589,1069.350,4.904
936,11/04/25 11:50:53 PM,0.00,0.00,158.6,4.695,98.798,1069.350,4.525
937,11/05/25 12:00:53 AM,0.00,0.00,200.8,4.392,99.724,1069.350,4.355
938,11/05/25 12:10:53 AM,0.00,0.00,190.9,4.507,99.979,1069.350,4.506
939,11/05/25 12:20:53 AM,0.00,0.00,238.7,4.242,99.896,1069.350,4.229
940,11/05/25 12:30:53 AM,0.00,0.00,290.6,4.322,99.997,1069.350,4.324
941,11/05/25 12:40:53 AM,0.00,0.00,290.6,4.480,99.997,1069.350,4.482
942,11/05/25 12:50:53 AM,0.00,0.00,290.6,4.384,99.997,1069.350,4.386
943,11/05/25 01:00:53 AM,0.00,0.00,290.6,4.561,99.997,1069.350,4.563
944,11/05/25 01:10:53 AM,0.00,0.00,289.2,4.727,99.997,1069.350,4.729
945,11/05/25 01:20:53 AM,0.00,0.00,286.4,4.000,99.663,1069.350,3.953
946,11/05/25 01:30:53 AM,0.00,0.00,294.8,3.861,99.997,1069.350,3.862
947,11/05/25 01:40:53 AM,0.00,0.00,269.6,3.810,99.997,1069.350,3.811
948,11/05/25 01:50:53 AM,0.00,0.00,238.7,3.561,99.997,1069.350,3.561
949,11/05/25 02:00:53 AM,0.00,0.00,241.5,3.547,99.997,1069.350,3.547
950,11/05/25 02:10:53 AM,0.00,1.67,53.3,3.660,99.997,1069.350,3.660
951,11/05/25 02:20:53 AM,1.34,2.00,137.6,3.365,99.997,1069.350,3.365
952,11/05/25 02:30:53 AM,0.00,1.00,148.8,2.746,99.997,1069.350,2.745
953,11/05/25 02:40:53 AM,0.00,0.00,153.0,2.780,99.997,1069.350,2.779
954,11/05/25 02:50:53 AM,1.00,2.00,132.0,2.499,99.997,1069.350,2.498
955,11/05/25 03:00:53 AM,1.00,1.67,110.9,2.427,99.997,1069.350,2.425
956,11/05/25 03:10:53 AM,1.00,3.34,91.3,3.046,99.997,1069.350,3.045
957,11/05/25 03:20:53 AM,2.67,5.01,74.4,4.553,98.840,1069.350,4.389
958,11/05/25 03:30:53 AM,2.67,4.68,84.2,5.000,97.028,1069.350,4.571
959,11/05/25 03:40:53 AM,2.34,4.01,92.7,5.161,96.294,1069.350,4.623
960,11/05/25 03:50:53 AM,2.00,3.67,91.3,5.019,96.822,1069.350,4.559
961,11/05/25 04:00:53 AM,1.67,2.67,78.6,4.952,96.699,1069.350,4.474
962,11/05/25 04:10:53 AM,1.67,3.01,70.2,4.829,96.902,1069.350,4.382
963,11/05/25 04:20:53 AM,1.34,2.34,54.8,4.931,95.648,1069.350,4.297
964,11/05/25 04:30:53 AM,1.34,2.67,50.5,4.933,94.585,1069.350,4.140
965,11/05/25 04:40:53 AM,1.67,3.34,19.7,4.732,94.273,1069.350,3.893
966,11/05/25 04:50:53 AM,2.34,4.01,32.3,4.920,93.326,1069.350,3.936
967,11/05/25 05:00:53 AM,1.34,3.01,89.9,4.502,94.023,1069.350,3.627
968,11/05/25 05:10:53 AM,1.00,1.67,124.9,4.073,95.080,1069.350,3.358
969,11/05/25 05:20:53 AM,1.00,1.67,99.7,4.207,94.682,1069.350,3.432
970,11/05/25 05:30:53 AM,1.34,2.00,102.5,3.973,95.001,1069.350,3.247
971,11/05/25 05:40:53 AM,1.34,2.34,87.0,3.499,96.280,1069.350,2.964
972,11/05/25 05:50:53 AM,1.67,2.34,122.1,3.799,94.574,1069.350,3.010
973,11/05/25 06:00:53 AM,1.00,1.67,139.0,3.333,96.019,1069.350,2.760
974,11/05/25 06:10:53 AM,0.33,1.67,134.8,3.263,96.155,1069.350,2.710
975,11/05/25 06:20:53 AM,0.67,2.00,134.8,3.097,96.240,1069.350,2.557
976,11/05/25 06:30:53 AM,1.00,2.00,106.7,3.099,96.089,1069.350,2.537
977,11/05/25 06:40:53 AM,1.00,1.67,81.4,2.987,96.275,1069.350,2.452
978,11/05/25 06:50:53 AM,0.33,1.34,75.8,2.719,97.073,1069.350,2.301
979,11/05/25 07:00:53 AM,0.00,1.00,81.4,2.877,97.498,1069.350,2.520
980,11/05/25 07:10:53 AM,0.33,1.34,102.5,2.831,97.177,1069.350,2.428
981,11/05/25 07:20:53 AM,0.67,1.34,168.5,2.515,96.967,1069.350,2.082
982,11/05/25 07:30:53 AM,0.00,1.00,219.0,2.534,96.864,1069.350,2.086
983,11/05/25 07:40:53 AM,0.00,1.00,82.8,3.086,96.161,1069.350,2.534
984,11/05/25 07:50:53 AM,0.00,1.34,155.8,3.579,93.858,1069.350,2.684
985,11/05/25 08:00:53 AM,0.00,1.00,164.3,3.483,94.340,1069.350,2.661
986,11/05/25 08:10:53 AM,1.00,1.67,144.6,3.394,94.627,1069.350,2.615
987,11/05/25 08:20:53 AM,2.00,3.01,126.4,3.679,93.915,1069.350,2.792
988,11/05/25 08:30:53 AM,1.67,3.01,137.6,3.982,93.021,1069.350,2.958
989,11/05/25 08:40:53 AM,2.00,3.01,139.0,4.102,92.480,1069.350,2.995
990,11/05/25 08:50:53 AM,1.00,2.00,112.3,3.633,93.683,1069.350,2.712
991,11/05/25 09:00:53 AM,2.00,3.67,87.0,3.563,94.221,1069.350,2.723
992,11/05/25 09:10:53 AM,2.34,4.68,80.0,4.730,90.204,1069.350,3.265
993,11/05/25 09:20:53 AM,1.67,3.01,96.9,4.880,89.044,1069.350,3.231
994,11/05/25 09:30:53 AM,1.34,2.67,88.4,5.129,87.480,1069.350,3.226
995,11/05/25 09:40:53 AM,1.34,2.67,117.9,4.834,88.814,1069.350,3.149
996,11/05/25 09:50:53 AM,0.67,1.34,133.4,4.598,90.224,1069.350,3.138
997,11/05/25 10:00:53 AM,1.00,2.00,110.9,4.909,89.187,1069.350,3.282
998,11/05/25 10:10:53 AM,0.33,1.67,132.0,5.027,88.641,1069.350,3.312
999,11/05/25 10:20:53 AM,0.67,1.34,155.8,5.062,88.869,1069.350,3.383
1000,11/05/25 10:30:53 AM,0.33,1.67,183.9,5.440,86.950,1069.350,3.446
1001,11/05/25 10:40:53 AM,0.33,1.67,162.9,5.735,86.082,1069.350,3.595
1002,11/05/25 10:50:53 AM,0.33,1.34,190.9,5.791,85.988,1069.350,3.634
1003,11/05/25 11:00:53 AM,1.00,1.67,207.8,5.885,86.062,1069.350,3.739
1004,11/05/25 11:10:53 AM,1.34,2.00,144.6,6.073,85.682,1069.350,3.861
1005,11/05/25 11:20:53 AM,1.67,2.67,108.1,5.949,87.720,1069.350,4.073
1006,11/05/25 11:30:53 AM,2.34,3.67,113.7,6.518,84.703,1069.350,4.135
1007,11/05/25 11:40:53 AM,3.01,5.01,116.5,6.850,82.670,1069.350,4.114
1008,11/05/25 11:50:53 AM,1.67,2.67,144.6,6.614,84.826,1069.350,4.250
1009,11/05/25 12:00:53 PM,1.67,3.34,95.5,6.625,85.255,1069.350,4.333
1010,11/05/25 12:10:53 PM,0.67,1.34,117.9,6.786,84.292,1069.350,4.329
1011,11/05/25 12:20:53 PM,0.33,1.67,167.1,6.748,84.994,1069.350,4.410
1012,11/05/25 12:30:53 PM,0.33,1.67,148.8,6.700,85.280,1069.350,4.411
1013,11/05/25 12:40:53 PM,0.00,1.00,136.2,6.681,86.094,1069.350,4.528
1014,11/05/25 12:50:53 PM,0.33,1.67,70.2,6.979,83.160,1069.350,4.325
1015,11/05/25 01:00:53 PM,1.34,2.67,81.4,7.475,81.169,1069.350,4.464
1016,11/05/25 01:10:53 PM,1.00,2.34,116.5,7.531,81.881,1069.350,4.644
1017,11/05/25 01:20:53 PM,1.00,1.67,122.1,7.566,80.963,1069.350,4.517
1018,11/05/25 01:30:53 PM,1.34,3.01,73.0,8.083,78.183,1069.350,4.522
1019,11/05/25 01:40:53 PM,2.34,4.01,73.0,8.520,74.159,1069.350,4.191
1020,11/05/25 01:50:53 PM,2.00,3.67,92.7,8.606,73.588,1069.350,4.164
1021,11/05/25 02:00:53 PM,1.34,2.67,122.1,7.920,80.044,1069.350,4.699
1022,11/05/25 02:10:53 PM,1.34,2.67,244.3,7.990,79.120,1069.350,4.601
1023,11/05/25 02:20:53 PM,1.67,2.67,141.8,8.014,79.362,1069.350,4.668
1024,11/05/25 02:30:53 PM,1.67,3.67,130.6,8.435,76.941,1069.350,4.635
1025,11/05/25 02:40:53 PM,1.67,3.34,132.0,8.786,75.421,1069.350,4.689
1026,11/05/25 02:50:53 PM,1.67,2.34,139.0,8.561,79.162,1069.350,5.165
1027,11/05/25 03:00:53 PM,1.00,2.34,113.7,8.735,79.196,1069.350,5.341
1028,11/05/25 03:10:53 PM,1.67,3.01,101.1,9.108,74.546,1069.350,4.834
1029,11/05/25 03:20:53 PM,1.34,2.00,162.9,8.931,76.422,1069.350,5.019
1030,11/05/25 03:30:53 PM,1.67,3.01,202.2,8.708,78.161,1069.350,5.125
1031,11/05/25 03:40:53 PM,2.34,7.68,193.7,9.156,72.599,1069.350,4.502
1032,11/05/25 03:50:53 PM,2.00,4.68,155.8,10.223,62.188,1069.350,3.320
1033,11/05/25 04:00:53 PM,2.00,3.67,221.8,9.767,66.065,1069.350,3.744
1034,11/05/25 04:10:53 PM,2.00,5.01,275.2,9.936,63.844,1069.350,3.420
1035,11/05/25 04:20:53 PM,2.34,5.01,292.0,10.368,60.383,1069.350,3.040
1036,11/05/25 04:30:53 PM,4.68,7.68,299.0,10.671,58.042,1069.350,2.768
1037,11/05/25 04:40:53 PM,3.01,6.01,292.0,10.646,58.987,1069.350,2.972
1038,11/05/25 04:50:53 PM,1.67,3.01,259.7,10.649,59.583,1069.350,3.117
1039,11/05/25 05:00:53 PM,1.00,2.34,241.5,10.314,61.862,1069.350,3.332
1040,11/05/25 05:10:53 PM,0.67,1.34,217.6,9.963,64.424,1069.350,3.574
1041,11/05/25 05:20:53 PM,0.33,2.34,205.0,9.917,64.309,1069.350,3.505
1042,11/05/25 05:30:53 PM,2.00,4.01,244.3,10.464,59.471,1069.350,2.916
1043,11/05/25 05:40:53 PM,2.00,3.34,263.9,10.357,59.515,1069.350,2.826
1044,11/05/25 05:50:53 PM,1.67,2.67,275.2,9.941,60.909,1069.350,2.760
1045,11/05/25 06:00:53 PM,1.34,2.67,282.2,9.577,62.287,1069.350,2.731
1046,11/05/25 06:10:53 PM,1.34,2.34,258.3,9.049,64.649,1069.350,2.754
1047,11/05/25 06:20:53 PM,1.34,2.34,261.1,8.781,65.327,1069.350,2.646
1048,11/05/25 06:30:53 PM,1.67,2.34,279.4,8.287,66.644,1069.350,2.455
1049,11/05/25 06:40:53 PM,2.00,3.01,275.2,8.239,66.461,1069.350,2.371
1050,11/05/25 06:50:53 PM,2.00,3.01,275.2,7.896,68.200,1069.350,2.406
1051,11/05/25 07:00:53 PM,1.67,2.34,268.1,7.609,69.279,1069.350,2.351
1052,11/05/25 07:10:53 PM,2.00,2.67,261.1,7.494,69.294,1069.350,2.244
1053,11/05/25 07:20:53 PM,2.00,3.34,272.4,6.786,72.464,1069.350,2.190
1054,11/05/25 07:30:53 PM,1.67,2.34,273.8,6.861,72.386,1069.350,2.247
1055,11/05/25 07:40:53 PM,2.00,3.34,259.7,7.011,71.781,1069.350,2.274
1056,11/05/25 07:50:53 PM,2.00,2.34,247.1,6.400,74.008,1069.350,2.113
1057,11/05/25 08:00:53 PM,2.00,2.67,254.1,5.928,76.175,1069.350,2.060
1058,11/05/25 08:10:53 PM,2.00,3.01,254.1,5.791,77.661,1069.350,2.198
1059,11/05/25 08:20:53 PM,1.67,2.67,262.5,5.448,80.003,1069.350,2.280
1060,11/05/25 08:30:53 PM,1.00,2.00,280.8,5.528,80.330,1069.350,2.416
1061,11/05/25 08:40:53 PM,0.00,0.00,296.2,5.260,81.198,1069.350,2.305
1062,11/05/25 08:50:53 PM,0.33,1.67,335.5,5.070,81.813,1069.350,2.225
1063,11/05/25 09:00:53 PM,1.34,3.01,338.3,5.400,81.306,1069.350,2.460
1064,11/05/25 09:10:53 PM,2.67,3.67,327.1,5.933,79.623,1069.350,2.687
1065,11/05/25 09:20:53 PM,2.67,4.01,331.3,6.022,79.205,1069.350,2.699
1066,11/05/25 09:30:53 PM,2.67,4.68,324.3,6.502,77.494,1069.350,2.859
1067,11/05/25 09:40:53 PM,0.67,2.67,249.9,6.032,79.223,1069.350,2.712
1068,11/05/25 09:50:53 PM,1.34,2.67,279.4,6.057,79.373,1069.350,2.763
1069,11/05/25 10:00:53 PM,0.67,1.67,285.0,6.094,79.156,1069.350,2.761
1070,11/05/25 10:10:53 PM,0.33,1.00,289.2,5.971,79.774,1069.350,2.750
1071,11/05/25 10:20:53 PM,1.67,3.34,259.7,6.250,78.758,1069.350,2.842
1072,11/05/25 10:30:53 PM,2.00,4.68,276.6,6.850,76.332,1069.350,2.984
1073,11/05/25 10:40:53 PM,3.34,7.01,278.0,7.510,73.590,1069.350,3.106
1074,11/05/25 10:50:53 PM,4.68,7.68,263.9,7.105,75.286,1069.350,3.036
1075,11/05/25 11:00:53 PM,3.67,6.01,249.9,6.815,77.111,1069.350,3.093
1076,11/05/25 11:10:53 PM,2.67,4.34,248.5,6.518,79.110,1069.350,3.166
1077,11/05/25 11:20:53 PM,2.34,4.01,259.7,6.150,80.719,1069.350,3.091
1078,11/05/25 11:30:53 PM,2.00,3.01,271.0,5.906,82.033,1069.350,3.081
1079,11/05/25 11:40:53 PM,2.00,3.34,275.2,5.821,82.284,1069.350,3.041
1080,11/05/25 11:50:53 PM,1.67,2.67,276.6,5.850,82.333,1069.350,3.077
1081,11/06/25 12:00:53 AM,1.67,2.34,269.6,5.939,81.706,1069.350,3.056
1082,11/06/25 12:10:53 AM,2.00,3.01,280.8,5.848,82.046,1069.350,3.026
1083,11/06/25 12:20:53 AM,3.34,5.34,292.0,6.250,80.865,1069.350,3.214
1084,11/06/25 12:30:53 AM,3.34,5.34,304.7,5.853,85.383,1069.350,3.595
1085,11/06/25 12:40:53 AM,3.01,4.68,328.5,5.295,89.865,1069.350,3.771
1086,11/06/25 12:50:53 AM,2.00,3.34,315.9,4.920,91.600,1069.350,3.671
1087,11/06/25 01:00:53 AM,1.67,2.34,313.1,4.826,91.701,1069.350,3.594
1088,11/06/25 01:10:53 AM,1.34,2.34,261.1,4.673,92.744,1069.350,3.602
1089,11/06/25 01:20:53 AM,1.00,2.34,261.1,4.590,93.153,1069.350,3.582
1090,11/06/25 01:30:53 AM,1.00,1.34,238.7,4.094,95.712,1069.350,3.473
1091,11/06/25 01:40:53 AM,0.33,1.34,256.9,3.976,96.214,1069.350,3.429
1092,11/06/25 01:50:53 AM,1.00,2.34,278.0,4.258,95.238,1069.350,3.566
1093,11/06/25 02:00:53 AM,1.67,3.34,276.6,4.630,94.096,1069.350,3.765
1094,11/06/25 02:10:53 AM,1.67,7.01,259.7,4.665,94.478,1069.350,3.857
1095,11/06/25 02:20:53 AM,4.68,7.35,245.7,4.649,92.857,1069.350,3.596
1096,11/06/25 02:30:53 AM,5.34,9.35,248.5,4.158,93.404,1069.350,3.191
1097,11/06/25 02:40:53 AM,4.68,8.02,275.2,4.081,93.657,1069.350,3.153
1098,11/06/25 02:50:53 AM,2.34,3.67,279.4,3.979,95.509,1069.350,3.328
1099,11/06/25 03:00:53 AM,1.67,2.67,282.2,3.906,96.483,1069.350,3.399
1100,11/06/25 03:10:53 AM,1.67,2.67,268.1,3.780,96.785,1069.350,3.318
1101,11/06/25 03:20:53 AM,1.67,2.67,247.1,3.612,96.550,1069.350,3.116
1102,11/06/25 03:30:53 AM,2.00,3.01,259.7,3.673,96.147,1069.350,3.118
1103,11/06/25 03:40:53 AM,2.34,4.68,266.7,3.858,95.483,1069.350,3.204
1104,11/06/25 03:50:53 AM,3.34,5.01,282.2,4.083,93.651,1069.350,3.154
1105,11/06/25 04:00:53 AM,3.67,5.68,287.8,4.022,93.083,1069.350,3.008
1106,11/06/25 04:10:53 AM,3.01,4.68,268.1,3.869,93.288,1069.350,2.887
1107,11/06/25 04:20:53 AM,2.00,3.01,255.5,3.467,94.571,1069.350,2.679
1108,11/06/25 04:30:53 AM,0.33,1.34,252.7,2.925,95.767,1069.350,2.316
1109,11/06/25 04:40:53 AM,0.00,0.00,275.2,2.724,97.087,1069.350,2.308
1110,11/06/25 04:50:53 AM,0.00,0.00,262.5,2.850,96.678,1069.350,2.374
1111,11/06/25 05:00:53 AM,0.00,0.00,272.4,2.818,96.841,1069.350,2.366
1112,11/06/25 05:10:53 AM,0.00,0.00,278.0,2.786,96.992,1069.350,2.356
1113,11/06/25 05:20:53 AM,0.67,2.00,279.4,2.421,97.749,1069.350,2.101
1114,11/06/25 05:30:53 AM,1.67,2.67,279.4,2.649,97.662,1069.350,2.316
1115,11/06/25 05:40:53 AM,2.00,3.01,233.1,2.032,97.804,1069.350,1.720
1116,11/06/25 05:50:53 AM,1.67,2.67,256.9,1.703,98.656,1069.350,1.512
1117,11/06/25 06:00:53 AM,1.67,2.67,248.5,1.692,99.228,1069.350,1.582
1118,11/06/25 06:10:53 AM,2.00,3.01,278.0,1.435,99.309,1069.350,1.336
1119,11/06/25 06:20:53 AM,2.00,3.34,268.1,1.973,99.274,1069.350,1.869
1120,11/06/25 06:30:53 AM,1.67,2.34,279.4,1.861,98.814,1069.350,1.692
1121,11/06/25 06:40:53 AM,1.34,2.00,285.0,2.038,99.136,1069.350,1.915
1122,11/06/25 06:50:53 AM,1.34,2.00,263.9,2.201,98.643,1069.350,2.008
1123,11/06/25 07:00:53 AM,1.00,2.00,280.8,2.102,98.686,1069.350,1.915
1124,11/06/25 07:10:53 AM,1.00,2.00,268.1,2.252,99.142,1069.350,2.130
1125,11/06/25 07:20:53 AM,1.34,2.00,241.5,2.228,98.616,1069.350,2.031
1126,11/06/25 07:30:53 AM,1.00,2.00,244.3,2.158,98.976,1069.350,2.012
1127,11/06/25 07:40:53 AM,0.33,1.34,233.1,1.971,98.804,1069.350,1.801
1128,11/06/25 07:50:53 AM,1.00,1.67,9.8,1.963,99.036,1069.350,1.826
1129,11/06/25 08:00:53 AM,0.00,0.67,1.4,2.437,97.037,1069.350,2.014
1130,11/06/25 08:10:53 AM,0.33,2.67,353.8,2.250,97.174,1069.350,1.847
1131,11/06/25 08:20:53 AM,2.67,4.34,324.3,3.043,95.602,1069.350,2.410
1132,11/06/25 08:30:53 AM,3.34,5.68,299.0,3.620,94.330,1069.350,2.796
1133,11/06/25 08:40:53 AM,1.34,3.01,275.2,3.604,94.804,1069.350,2.850
1134,11/06/25 08:50:53 AM,4.01,9.35,289.2,3.772,93.938,1069.350,2.888
1135,11/06/25 09:00:53 AM,5.34,9.35,296.2,3.665,94.348,1069.350,2.843
1136,11/06/25 09:10:53 AM,3.01,5.68,275.2,3.579,94.199,1069.350,2.735
1137,11/06/25 09:20:53 AM,1.67,2.67,249.9,3.512,95.787,1069.350,2.904
1138,11/06/25 09:30:53 AM,1.67,3.01,244.3,4.169,96.272,1069.350,3.630
1139,11/06/25 09:40:53 AM,2.34,3.67,258.3,4.789,94.566,1069.350,3.994
1140,11/06/25 09:50:53 AM,3.01,5.01,282.2,5.126,93.056,1069.350,4.100
1141,11/06/25 10:00:53 AM,3.34,4.68,275.2,5.665,90.571,1069.350,4.249
1142,11/06/25 10:10:53 AM,2.34,4.34,256.9,5.338,92.888,1069.350,4.285
1143,11/06/25 10:20:53 AM,2.00,3.34,259.7,5.687,91.641,1069.350,4.438
1144,11/06/25 10:30:53 AM,2.67,4.01,263.9,6.405,88.083,1069.350,4.582
1145,11/06/25 10:40:53 AM,2.67,4.68,265.3,6.622,86.001,1069.350,4.454
1146,11/06/25 10:50:53 AM,3.67,5.68,272.4,6.850,84.887,1069.350,4.492
1147,11/06/25 11:00:53 AM,4.01,6.68,279.4,7.242,82.577,1069.350,4.482
1148,11/06/25 11:10:53 AM,4.34,6.35,272.4,7.880,80.542,1069.350,4.749
1149,11/06/25 11:20:53 AM,4.01,6.01,275.2,7.129,81.776,1069.350,4.232
1150,11/06/25 11:30:53 AM,3.67,6.01,276.6,7.134,81.744,1069.350,4.232
1151,11/06/25 11:40:53 AM,4.01,6.35,285.0,7.014,81.292,1069.350,4.035
1152,11/06/25 11:50:53 AM,5.01,7.68,297.6,8.137,76.316,1069.350,4.229
1153,11/06/25 12:00:53 PM,5.34,7.35,287.8,6.797,76.950,1069.350,3.046
1154,11/06/25 12:10:53 PM,4.34,7.68,278.0,6.732,77.432,1069.350,3.071
1155,11/06/25 12:20:53 PM,3.67,6.35,273.8,7.421,75.982,1069.350,3.472
1156,11/06/25 12:30:53 PM,3.67,5.01,282.2,8.091,73.335,1069.350,3.618
1157,11/06/25 12:40:53 PM,4.01,6.01,293.4,8.866,70.208,1069.350,3.746
1158,11/06/25 12:50:53 PM,4.34,6.68,287.8,9.145,67.544,1069.350,3.464
1159,11/06/25 01:00:53 PM,4.68,8.35,297.6,9.378,66.322,1069.350,3.428
1160,11/06/25 01:10:53 PM,5.34,7.35,314.5,8.845,67.625,1069.350,3.194
1161,11/06/25 01:20:53 PM,5.68,9.02,313.1,8.687,67.456,1069.350,3.008
1162,11/06/25 01:30:53 PM,4.34,7.35,280.8,9.676,64.836,1069.350,3.391
1163,11/06/25 01:40:53 PM,4.68,11.02,293.4,9.421,64.244,1069.350,3.019
1164,11/06/25 01:50:53 PM,4.34,9.35,290.6,9.247,64.640,1069.350,2.940
1165,11/06/25 02:00:53 PM,4.01,7.35,297.6,9.405,63.938,1069.350,2.936
1166,11/06/25 02:10:53 PM,4.34,7.35,268.1,9.789,62.115,1069.350,2.892
1167,11/06/25 02:20:53 PM,4.01,6.68,299.0,9.381,62.307,1069.350,2.550
1168,11/06/25 02:30:53 PM,3.34,5.68,254.1,9.191,63.023,1069.350,2.530
1169,11/06/25 02:40:53 PM,3.34,5.68,283.6,9.049,61.827,1069.350,2.127
1170,11/06/25 02:50:53 PM,3.01,5.01,301.8,8.869,63.009,1069.350,2.222
1171,11/06/25 03:00:53 PM,3.34,5.34,285.0,9.156,62.818,1069.350,2.451
1172,11/06/25 03:10:53 PM,3.67,5.34,273.8,8.759,62.631,1069.350,2.033
1173,11/06/25 03:20:53 PM,3.67,6.35,269.6,9.116,61.729,1069.350,2.168
1174,11/06/25 03:30:53 PM,3.01,5.68,293.4,9.869,58.804,1069.350,2.198
1175,11/06/25 03:40:53 PM,3.34,6.01,278.0,10.507,56.487,1069.350,2.233
1176,11/06/25 03:50:53 PM,3.34,6.01,262.5,9.987,56.928,1069.350,1.855
1177,11/06/25 04:00:53 PM,4.01,6.01,271.0,9.974,56.237,1069.350,1.672
1178,11/06/25 04:10:53 PM,3.34,5.68,278.0,10.405,56.223,1069.350,2.072
1179,11/06/25 04:20:53 PM,4.34,6.35,256.9,10.100,55.927,1069.350,1.712
1180,11/06/25 04:30:53 PM,4.01,6.01,256.9,9.201,58.407,1069.350,1.475
1181,11/06/25 04:40:53 PM,4.01,6.35,268.1,8.649,60.729,1069.350,1.498
1182,11/06/25 04:50:53 PM,3.67,6.01,276.6,9.228,59.351,1069.350,1.724
1183,11/06/25 05:00:53 PM,3.34,5.68,280.8,9.416,58.810,1069.350,1.773
1184,11/06/25 05:10:53 PM,3.67,5.68,292.0,9.091,59.356,1069.350,1.596
1185,11/06/25 05:20:53 PM,3.67,5.68,292.0,9.534,56.501,1069.350,1.325
1186,11/06/25 05:30:53 PM,3.01,5.01,279.4,9.432,57.240,1069.350,1.411
1187,11/06/25 05:40:53 PM,3.01,4.68,262.5,9.263,58.474,1069.350,1.549
1188,11/06/25 05:50:53 PM,2.67,4.01,271.0,9.035,59.167,1069.350,1.499
1189,11/06/25 06:00:53 PM,2.00,3.01,265.3,8.553,61.729,1069.350,1.635
1190,11/06/25 06:10:53 PM,1.67,3.01,263.9,7.625,65.281,1069.350,1.535
1191,11/06/25 06:20:53 PM,1.67,2.00,282.2,6.531,69.570,1069.350,1.375
1192,11/06/25 06:30:53 PM,1.67,2.34,296.2,5.874,71.945,1069.350,1.211
1193,11/06/25 06:40:53 PM,1.67,2.34,335.5,5.148,75.088,1069.350,1.104
1194,11/06/25 06:50:53 PM,1.67,2.67,328.5,4.282,77.731,1069.350,0.743
1195,11/06/25 07:00:53 PM,1.67,2.34,321.5,3.671,79.237,1069.350,0.414
1196,11/06/25 07:10:53 PM,1.00,1.67,262.5,3.129,81.111,1069.350,0.207
1197,11/06/25 07:20:53 PM,1.34,2.00,286.4,3.290,80.401,1069.350,0.243
1198,11/06/25 07:30:53 PM,1.00,2.00,209.2,2.536,82.109,1069.350,-0.205
1199,11/06/25 07:40:53 PM,1.00,1.34,199.4,1.775,85.365,1069.350,-0.417
1200,11/06/25 07:50:53 PM,1.34,2.00,303.2,1.164,86.998,1069.350,-0.759
1201,11/06/25 08:00:53 PM,0.67,1.34,306.1,1.925,85.249,1069.350,-0.289
1202,11/06/25 08:10:53 PM,1.34,2.00,320.1,1.807,84.436,1069.350,-0.536
1203,11/06/25 08:20:53 PM,1.00,1.67,289.2,0.700,87.915,1069.350,-1.074
1204,11/06/25 08:30:53 PM,0.67,1.67,266.7,0.665,88.795,1069.350,-0.972
1205,11/06/25 08:40:53 PM,1.34,2.00,273.8,-0.088,90.324,1069.350,-1.485
1206,11/06/25 08:50:53 PM,1.34,2.00,276.6,0.175,91.435,1069.350,-1.058
1207,11/06/25 09:00:53 PM,0.33,1.34,306.1,1.027,87.918,1069.350,-0.751
1208,11/06/25 09:10:53 PM,1.00,1.67,321.5,0.856,88.989,1069.350,-0.754
1209,11/06/25 09:20:53 PM,1.00,2.00,276.6,0.944,88.977,1069.350,-0.669
1210,11/06/25 09:30:53 PM,1.34,2.00,280.8,0.644,90.069,1069.350,-0.799
1211,11/06/25 09:40:53 PM,1.67,2.00,271.0,0.995,89.192,1069.350,-0.585
1212,11/06/25 09:50:53 PM,1.34,1.67,278.0,1.073,88.528,1069.350,-0.611
1213,11/06/25 10:00:53 PM,1.00,1.67,282.2,0.810,89.694,1069.350,-0.691
1214,11/06/25 10:10:53 PM,0.33,1.34,275.2,1.177,88.426,1069.350,-0.524
1215,11/06/25 10:20:53 PM,0.33,1.34,310.3,1.038,89.868,1069.350,-0.439
1216,11/06/25 10:30:53 PM,1.00,1.67,314.5,1.351,89.108,1069.350,-0.246
1217,11/06/25 10:40:53 PM,1.34,2.00,300.4,1.333,89.567,1069.350,-0.194
1218,11/06/25 10:50:53 PM,1.34,2.00,285.0,1.295,89.575,1069.350,-0.230
1219,11/06/25 11:00:53 PM,1.00,1.67,290.6,1.494,89.290,1069.350,-0.077
1220,11/06/25 11:10:53 PM,1.00,1.67,294.8,1.510,89.107,1069.350,-0.089
1221,11/06/25 11:20:53 PM,0.33,1.34,299.0,1.684,88.444,1069.350,-0.020
1222,11/06/25 11:30:53 PM,0.00,0.00,254.1,1.402,89.352,1069.350,-0.158
1223,11/06/25 11:40:53 PM,0.00,0.00,247.1,1.027,91.009,1069.350,-0.277
1224,11/06/25 11:50:53 PM,0.00,0.00,247.1,1.091,91.221,1069.350,-0.182
1225,11/07/25 12:00:53 AM,0.00,0.00,247.1,1.284,90.138,1069.350,-0.155
1226,11/07/25 12:10:53 AM,0.00,0.00,247.1,1.043,90.889,1069.350,-0.279
1227,11/07/25 12:20:53 AM,0.00,0.00,315.9,1.293,89.891,1069.350,-0.184
1228,11/07/25 12:30:53 AM,0.00,0.00,339.7,1.217,89.714,1069.350,-0.286
1229,11/07/25 12:40:53 AM,0.00,0.00,338.3,1.435,88.891,1069.350,-0.197
1230,11/07/25 12:50:53 AM,0.00,0.00,297.6,0.571,90.582,1069.350,-0.793
1231,11/07/25 01:00:53 AM,0.00,0.00,262.5,0.024,93.030,1069.350,-0.971
1232,11/07/25 01:10:53 AM,0.00,0.00,261.1,-0.292,94.302,1069.350,-1.100
1233,11/07/25 01:20:53 AM,0.00,0.00,292.0,-0.397,94.824,1069.350,-1.129
1234,11/07/25 01:30:53 AM,0.00,0.00,355.2,-0.367,95.343,1069.350,-1.025
1235,11/07/25 01:40:53 AM,0.00,0.00,355.2,-0.153,95.364,1069.350,-0.809
1236,11/07/25 01:50:53 AM,0.00,0.00,355.2,0.113,94.495,1069.350,-0.669
1237,11/07/25 02:00:53 AM,0.00,0.00,355.2,0.234,94.113,1069.350,-0.604
1238,11/07/25 02:10:53 AM,0.00,0.00,301.8,-0.110,94.453,1069.350,-0.897
1239,11/07/25 02:20:53 AM,0.00,0.00,265.3,-0.421,95.250,1069.350,-1.092
1240,11/07/25 02:30:53 AM,0.00,0.00,265.3,-0.477,96.127,1069.350,-1.023
1241,11/07/25 02:40:53 AM,0.00,0.00,265.3,-0.163,96.280,1069.350,-0.688
1242,11/07/25 02:50:53 AM,0.00,0.00,272.4,-0.010,95.729,1069.350,-0.614
1243,11/07/25 03:00:53 AM,0.00,0.00,275.2,-0.002,96.226,1069.350,-0.535
1244,11/07/25 03:10:53 AM,0.00,0.00,266.7,0.386,95.470,1069.350,-0.257
1245,11/07/25 03:20:53 AM,0.00,0.00,268.1,0.622,95.433,1069.350,-0.027
1246,11/07/25 03:30:53 AM,0.00,1.67,261.1,1.196,93.196,1069.350,0.217
1247,11/07/25 03:40:53 AM,0.33,1.67,241.5,1.145,94.612,1069.350,0.375
1248,11/07/25 03:50:53 AM,1.00,1.67,255.5,1.443,93.297,1069.350,0.478
1249,11/07/25 04:00:53 AM,1.00,1.67,287.8,1.335,95.749,1069.350,0.729
1250,11/07/25 04:10:53 AM,1.00,2.00,325.7,1.976,93.677,1069.350,1.064
1251,11/07/25 04:20:53 AM,0.33,1.67,192.3,1.877,94.305,1069.350,1.058
1252,11/07/25 04:30:53 AM,0.00,0.00,171.3,1.499,96.719,1069.350,1.032
1253,11/07/25 04:40:53 AM,0.00,0.00,171.3,1.421,97.801,1069.350,1.109
1254,11/07/25 04:50:53 AM,0.00,0.00,171.3,1.397,97.795,1069.350,1.084
1255,11/07/25 05:00:53 AM,0.00,0.00,171.3,1.435,97.127,1069.350,1.027
1256,11/07/25 05:10:53 AM,0.00,0.00,172.7,1.456,97.502,1069.350,1.101
1257,11/07/25 05:20:53 AM,0.33,1.34,219.0,1.512,98.338,1069.350,1.276
1258,11/07/25 05:30:53 AM,1.00,1.67,272.4,1.799,97.749,1069.350,1.479
1259,11/07/25 05:40:53 AM,0.67,1.34,289.2,2.081,95.834,1069.350,1.485
1260,11/07/25 05:50:53 AM,1.00,2.67,285.0,2.526,92.773,1069.350,1.475
1261,11/07/25 06:00:53 AM,1.34,2.67,262.5,2.528,93.925,1069.350,1.649
1262,11/07/25 06:10:53 AM,1.34,2.00,293.4,2.582,94.089,1069.350,1.727
1263,11/07/25 06:20:53 AM,1.67,2.67,283.6,2.780,90.961,1069.350,1.452
1264,11/07/25 06:30:53 AM,1.67,2.34,244.3,2.542,92.702,1069.350,1.480
1265,11/07/25 06:40:53 AM,1.67,2.67,273.8,2.518,94.369,1069.350,1.705
1266,11/07/25 06:50:53 AM,1.00,1.67,271.0,2.539,94.736,1069.350,1.780
1267,11/07/25 07:00:53 AM,1.67,3.01,248.5,2.534,94.664,1069.350,1.765
1268,11/07/25 07:10:53 AM,2.00,3.34,258.3,2.625,94.725,1069.350,1.864
1269,11/07/25 07:20:53 AM,2.00,3.34,303.2,2.874,93.611,1069.350,1.946
1270,11/07/25 07:30:53 AM,1.00,2.67,278.0,2.681,93.477,1069.350,1.735
1271,11/07/25 07:40:53 AM,1.67,2.67,255.5,2.402,94.543,1069.350,1.615
1272,11/07/25 07:50:53 AM,1.67,2.67,269.6,2.534,93.265,1069.350,1.557
1273,11/07/25 08:00:53 AM,1.00,1.67,293.4,2.110,94.447,1069.350,1.311
1274,11/07/25 08:10:53 AM,1.34,2.67,286.4,2.421,93.207,1069.350,1.436
1275,11/07/25 08:20:53 AM,1.34,2.67,299.0,2.244,94.308,1069.350,1.424
1276,11/07/25 08:30:53 AM,1.34,2.00,272.4,2.183,94.713,1069.350,1.423
1277,11/07/25 08:40:53 AM,1.67,2.67,282.2,2.775,92.868,1069.350,1.737
1278,11/07/25 08:50:53 AM,1.34,2.34,280.8,2.990,91.930,1069.350,1.808
1279,11/07/25 09:00:53 AM,1.34,2.00,286.4,2.896,92.241,1069.350,1.762
1280,11/07/25 09:10:53 AM,1.34,2.34,280.8,2.700,93.451,1069.350,1.750
1281,11/07/25 09:20:53 AM,1.34,2.34,285.0,2.920,93.536,1069.350,1.981
1282,11/07/25 09:30:53 AM,1.34,1.67,296.2,3.102,93.909,1069.350,2.218
1283,11/07/25 09:40:53 AM,1.00,2.00,311.7,3.555,92.883,1069.350,2.513
1284,11/07/25 09:50:53 AM,1.00,1.67,307.5,4.097,91.403,1069.350,2.825
1285,11/07/25 10:00:53 AM,1.34,1.67,278.0,4.542,90.150,1069.350,3.071
1286,11/07/25 10:10:53 AM,1.00,1.67,254.1,4.767,89.667,1069.350,3.218
1287,11/07/25 10:20:53 AM,1.00,2.00,228.8,5.027,89.961,1069.350,3.521
1288,11/07/25 10:30:53 AM,1.34,2.67,214.8,5.703,89.000,1069.350,4.037
1289,11/07/25 10:40:53 AM,3.67,8.68,254.1,7.011,82.998,1069.350,4.329
1290,11/07/25 10:50:53 AM,6.01,10.02,269.6,7.330,79.243,1069.350,3.981
1291,11/07/25 11:00:53 AM,6.35,10.35,269.6,7.207,78.734,1069.350,3.769
1292,11/07/25 11:10:53 AM,6.01,9.35,269.6,6.896,79.797,1069.350,3.656
1293,11/07/25 11:20:53 AM,6.01,10.02,271.0,7.142,79.699,1069.350,3.879
1294,11/07/25 11:30:53 AM,6.68,10.69,276.6,7.400,79.002,1069.350,4.005
1295,11/07/25 11:40:53 AM,7.68,13.69,276.6,7.443,78.790,1069.350,4.009
1296,11/07/25 11:50:53 AM,7.35,11.02,285.0,7.523,77.696,1069.350,3.888
1297,11/07/25 12:00:53 PM,7.01,11.02,279.4,7.746,75.723,1069.350,3.739
1298,11/07/25 12:10:53 PM,8.02,12.02,275.2,7.408,74.838,1069.350,3.245
1299,11/07/25 12:20:53 PM,7.68,10.69,280.8,7.242,74.079,1069.350,2.940
1300,11/07/25 12:30:53 PM,8.02,12.36,278.0,7.397,72.827,1069.350,2.850
1301,11/07/25 12:40:53 PM,7.68,12.69,278.0,7.719,71.998,1069.350,2.999
1302,11/07/25 12:50:53 PM,8.02,11.35,276.6,8.480,68.759,1069.350,3.080
1303,11/07/25 01:00:53 PM,7.68,11.35,271.0,8.738,67.895,1069.350,3.148
1304,11/07/25 01:10:53 PM,8.35,12.36,273.8,8.941,66.583,1069.350,3.067
1305,11/07/25 01:20:53 PM,9.35,13.02,276.6,8.890,66.618,1069.350,3.025
1306,11/07/25 01:30:53 PM,9.35,13.36,285.0,8.617,71.955,1069.350,3.855
1307,11/07/25 01:40:53 PM,9.68,12.69,306.1,6.038,88.399,1069.350,4.271
1308,11/07/25 01:50:53 PM,8.35,12.02,303.2,5.751,88.815,1069.350,4.055
1309,11/07/25 02:00:53 PM,9.02,12.69,300.4,6.719,84.968,1069.350,4.377
1310,11/07/25 02:10:53 PM,8.68,13.02,296.2,7.183,82.255,1069.350,4.369
1311,11/07/25 02:20:53 PM,7.68,11.35,289.2,7.421,77.642,1069.350,3.779
1312,11/07/25 02:30:53 PM,7.35,10.35,303.2,7.569,75.221,1069.350,3.473
1313,11/07/25 02:40:53 PM,8.02,11.69,304.7,7.802,70.617,1069.350,2.805
1314,11/07/25 02:50:53 PM,8.02,11.35,297.6,8.193,66.392,1069.350,2.312
1315,11/07/25 03:00:53 PM,8.02,11.35,290.6,8.282,63.955,1069.350,1.873
1316,11/07/25 03:10:53 PM,7.68,12.02,286.4,8.341,63.297,1069.350,1.785
1317,11/07/25 03:20:53 PM,7.68,12.02,282.2,8.545,61.903,1069.350,1.667
1318,11/07/25 03:30:53 PM,9.02,12.69,279.4,8.177,61.149,1069.350,1.148
1319,11/07/25 03:40:53 PM,8.68,12.69,279.4,8.199,60.145,1069.350,0.939
1320,11/07/25 03:50:53 PM,9.02,13.69,279.4,8.266,58.888,1069.350,0.710
1321,11/07/25 04:00:53 PM,9.02,13.36,287.8,8.435,57.688,1069.350,0.584
1322,11/07/25 04:10:53 PM,9.35,14.03,296.2,8.116,56.135,1069.350,-0.092
1323,11/07/25 04:20:53 PM,9.35,15.70,293.4,8.000,56.149,1069.350,-0.197
1324,11/07/25 04:30:53 PM,9.02,12.36,290.6,7.869,56.867,1069.350,-0.145
1325,11/07/25 04:40:53 PM,7.68,12.02,290.6,7.888,57.139,1069.350,-0.061
1326,11/07/25 04:50:53 PM,7.01,10.69,290.6,7.933,56.028,1069.350,-0.289
1327,11/07/25 05:00:53 PM,6.68,10.35,292.0,7.810,55.291,1069.350,-0.586
1328,11/07/25 05:10:53 PM,6.68,10.02,290.6,7.461,55.550,1069.350,-0.848
1329,11/07/25 05:20:53 PM,6.35,9.68,289.2,7.290,55.233,1069.350,-1.086
1330,11/07/25 05:30:53 PM,5.34,10.02,293.4,7.150,55.814,1069.350,-1.074
1331,11/07/25 05:40:53 PM,4.68,7.68,300.4,6.853,56.838,1069.350,-1.104
1332,11/07/25 05:50:53 PM,4.68,8.02,292.0,6.496,56.278,1069.350,-1.573
1333,11/07/25 06:00:53 PM,4.34,7.68,282.2,6.169,55.885,1069.350,-1.975
1334,11/07/25 06:10:53 PM,4.01,6.68,273.8,5.810,55.558,1069.350,-2.390
1335,11/07/25 06:20:53 PM,3.01,5.01,275.2,5.030,57.249,1069.350,-2.717
1336,11/07/25 06:30:53 PM,2.00,4.01,266.7,4.502,59.164,1069.350,-2.771
1337,11/07/25 06:40:53 PM,2.67,4.68,261.1,4.234,58.787,1069.350,-3.109
1338,11/07/25 06:50:53 PM,2.00,3.34,245.7,3.695,59.689,1069.350,-3.413
1339,11/07/25 07:00:53 PM,2.34,4.01,242.9,3.456,61.198,1069.350,-3.305
1340,11/07/25 07:10:53 PM,2.67,4.34,255.5,2.563,64.018,1069.350,-3.550
1341,11/07/25 07:20:53 PM,2.67,4.01,261.1,1.510,67.349,1069.350,-3.878
1342,11/07/25 07:30:53 PM,2.34,3.34,262.5,1.081,68.750,1069.350,-4.015
1343,11/07/25 07:40:53 PM,3.01,4.01,271.0,0.590,70.437,1069.350,-4.165
1344,11/07/25 07:50:53 PM,2.67,3.34,276.6,0.475,70.646,1069.350,-4.236
1345,11/07/25 08:00:53 PM,2.34,3.34,276.6,1.024,65.284,1069.350,-4.756
1346,11/07/25 08:10:53 PM,2.34,3.34,276.6,1.335,61.796,1069.350,-5.185
1347,11/07/25 08:20:53 PM,2.34,3.01,276.6,1.067,61.975,1069.350,-5.401
1348,11/07/25 08:30:53 PM,2.00,3.01,280.8,0.847,63.745,1069.350,-5.239
1349,11/07/25 08:40:53 PM,1.00,1.67,303.2,0.491,65.089,1069.350,-5.303
1350,11/07/25 08:50:53 PM,1.34,2.34,311.7,0.059,65.631,1069.350,-5.607
1351,11/07/25 09:00:53 PM,2.34,4.01,307.5,0.909,61.610,1069.350,-5.628
1352,11/07/25 09:10:53 PM,2.34,4.01,286.4,1.510,57.565,1069.350,-5.950
1353,11/07/25 09:20:53 PM,2.34,3.34,280.8,1.016,59.249,1069.350,-6.038
1354,11/07/25 09:30:53 PM,2.34,3.01,287.8,0.370,61.236,1069.350,-6.218
1355,11/07/25 09:40:53 PM,1.00,2.34,293.4,-0.281,63.621,1069.350,-6.337
1356,11/07/25 09:50:53 PM,1.00,2.00,314.5,-1.193,67.315,1069.350,-6.472
1357,11/07/25 10:00:53 PM,2.00,3.34,325.7,-0.346,64.227,1069.350,-6.276
1358,11/07/25 10:10:53 PM,2.67,3.34,328.5,-0.268,64.366,1069.350,-6.173
1359,11/07/25 10:20:53 PM,1.34,2.67,276.6,-1.123,68.002,1069.350,-6.273
1360,11/07/25 10:30:53 PM,1.34,2.34,247.1,-1.203,68.255,1069.350,-6.301
1361,11/07/25 10:40:53 PM,0.33,1.00,271.0,-1.649,70.234,1069.350,-6.357
1362,11/07/25 10:50:53 PM,0.00,1.00,42.1,-2.067,72.772,1069.350,-6.297
1363,11/07/25 11:00:53 PM,1.67,3.01,335.5,-1.927,72.297,1069.350,-6.247
1364,11/07/25 11:10:53 PM,1.34,2.67,325.7,-1.793,72.226,1069.350,-6.131
1365,11/07/25 11:20:53 PM,0.33,1.67,199.4,-2.506,74.795,1069.350,-6.364
1366,11/07/25 11:30:53 PM,0.00,1.00,237.3,-2.431,73.286,1069.350,-6.557
1367,11/07/25 11:40:53 PM,1.34,2.34,290.6,-2.303,72.781,1069.350,-6.523
1368,11/07/25 11:50:53 PM,1.34,2.34,314.5,-2.474,74.211,1069.350,-6.435
1369,11/08/25 12:00:53 AM,1.34,2.00,320.1,-2.780,76.243,1069.350,-6.380
1370,11/08/25 12:10:53 AM,1.67,2.00,289.2,-2.758,77.293,1069.350,-6.180
1371,11/08/25 12:20:53 AM,1.67,2.00,296.2,-2.847,78.753,1069.350,-6.022
1372,11/08/25 12:30:53 AM,2.00,2.34,292.0,-3.375,81.395,1069.350,-6.107
1373,11/08/25 12:40:53 AM,1.67,2.34,296.2,-3.083,81.489,1069.350,-5.806
1374,11/08/25 12:50:53 AM,1.67,2.34,280.8,-2.951,82.419,1069.350,-5.528
1375,11/08/25 01:00:53 AM,1.34,2.00,292.0,-2.898,83.754,1069.350,-5.265
1376,11/08/25 01:10:53 AM,0.33,1.00,287.8,-3.010,84.004,1069.350,-5.335
1377,11/08/25 01:20:53 AM,0.33,1.00,293.4,-2.699,84.115,1069.350,-5.012
1378,11/08/25 01:30:53 AM,0.33,1.00,279.4,-2.480,83.534,1069.350,-4.889
1379,11/08/25 01:40:53 AM,1.34,2.00,249.9,-2.598,84.479,1069.350,-4.856
1380,11/08/25 01:50:53 AM,1.00,1.67,252.7,-2.847,85.380,1069.350,-4.961
1381,11/08/25 02:00:53 AM,1.34,2.00,285.0,-3.330,87.543,1069.350,-5.107
1382,11/08/25 02:10:53 AM,1.67,2.34,320.1,-2.541,86.032,1069.350,-4.559
1383,11/08/25 02:20:53 AM,2.00,3.01,318.7,-2.348,85.612,1069.350,-4.434
1384,11/08/25 02:30:53 AM,1.34,2.34,256.9,-3.174,86.535,1069.350,-5.106
1385,11/08/25 02:40:53 AM,2.00,2.67,227.4,-3.501,87.712,1069.350,-5.250
1386,11/08/25 02:50:53 AM,2.00,2.67,226.0,-3.252,87.304,1069.350,-5.066
1387,11/08/25 03:00:53 AM,2.00,3.01,238.7,-3.327,87.111,1069.350,-5.169
1388,11/08/25 03:10:53 AM,2.00,2.67,255.5,-3.391,87.639,1069.350,-5.153
1389,11/08/25 03:20:53 AM,1.67,2.34,283.6,-3.831,89.007,1069.350,-5.383
1390,11/08/25 03:30:53 AM,1.67,2.00,282.2,-3.874,89.929,1069.350,-5.290
1391,11/08/25 03:40:53 AM,1.34,1.67,282.2,-3.842,89.459,1069.350,-5.328
1392,11/08/25 03:50:53 AM,1.34,2.00,256.9,-3.893,89.386,1069.350,-5.389
1393,11/08/25 04:00:53 AM,1.34,2.00,272.4,-3.981,89.274,1069.350,-5.492
1394,11/08/25 04:10:53 AM,1.34,2.00,269.6,-3.683,88.493,1069.350,-5.313
1395,11/08/25 04:20:53 AM,1.34,2.00,273.8,-3.732,88.530,1069.350,-5.356
1396,11/08/25 04:30:53 AM,1.67,2.00,286.4,-3.785,88.173,1069.350,-5.462
1397,11/08/25 04:40:53 AM,2.00,2.67,276.6,-4.254,89.076,1069.350,-5.791
1398,11/08/25 04:50:53 AM,1.67,2.67,285.0,-4.828,91.530,1069.350,-6.004
1399,11/08/25 05:00:53 AM,1.67,2.00,286.4,-4.265,90.088,1069.350,-5.654
1400,11/08/25 05:10:53 AM,1.67,2.00,300.4,-3.533,87.346,1069.350,-5.337
1401,11/08/25 05:20:53 AM,2.34,3.67,287.8,-2.338,82.791,1069.350,-4.868
1402,11/08/25 05:30:53 AM,1.34,2.34,263.9,-2.726,84.771,1069.350,-4.936
1403,11/08/25 05:40:53 AM,1.34,2.34,290.6,-2.442,85.260,1069.350,-4.581
1404,11/08/25 05:50:53 AM,2.00,3.67,311.7,-1.753,82.956,1069.350,-4.268
1405,11/08/25 06:00:53 AM,3.34,4.34,317.3,-1.019,79.356,1069.350,-4.139
1406,11/08/25 06:10:53 AM,3.67,5.01,322.9,-1.187,79.939,1069.350,-4.206
1407,11/08/25 06:20:53 AM,3.01,4.68,314.5,-1.171,79.944,1069.350,-4.189
1408,11/08/25 06:30:53 AM,1.67,3.67,304.7,-1.233,80.301,1069.350,-4.191
1409,11/08/25 06:40:53 AM,0.67,1.34,252.7,-2.139,83.239,1069.350,-4.601
1410,11/08/25 06:50:53 AM,1.34,4.01,71.6,-3.254,86.186,1069.350,-5.238
1411,11/08/25 07:00:53 AM,1.34,2.34,44.9,-3.573,87.959,1069.350,-5.284
1412,11/08/25 07:10:53 AM,1.34,3.01,36.5,-2.767,84.677,1069.350,-4.991
1413,11/08/25 07:20:53 AM,2.34,3.34,307.5,-2.029,83.091,1069.350,-4.517
1414,11/08/25 07:30:53 AM,1.34,2.34,310.3,-3.128,85.986,1069.350,-5.144
1415,11/08/25 07:40:53 AM,1.00,1.67,276.6,-3.166,85.502,1069.350,-5.256
1416,11/08/25 07:50:53 AM,1.34,2.00,273.8,-3.603,85.614,1069.350,-5.669
1417,11/08/25 08:00:53 AM,1.34,1.67,258.3,-4.123,88.136,1069.350,-5.801
1418,11/08/25 08:10:53 AM,1.67,2.00,272.4,-4.780,90.050,1069.350,-6.169
1419,11/08/25 08:20:53 AM,1.34,2.00,290.6,-4.847,89.216,1069.350,-6.357
1420,11/08/25 08:30:53 AM,1.00,1.34,322.9,-4.761,87.115,1069.350,-6.583
1421,11/08/25 08:40:53 AM,0.33,1.00,320.1,-3.681,84.744,1069.350,-5.879
1422,11/08/25 08:50:53 AM,0.00,0.00,320.1,-2.898,83.571,1069.350,-5.293
1423,11/08/25 09:00:53 AM,0.33,1.34,268.1,-2.882,84.126,1069.350,-5.190
1424,11/08/25 09:10:53 AM,0.67,1.67,231.6,-3.083,86.061,1069.350,-5.089
1425,11/08/25 09:20:53 AM,0.00,0.00,234.5,-2.319,83.998,1069.350,-4.658
1426,11/08/25 09:30:53 AM,0.00,0.00,234.5,-1.423,81.785,1069.350,-4.133
1427,11/08/25 09:40:53 AM,0.00,0.00,234.5,0.234,76.608,1069.350,-3.389
1428,11/08/25 09:50:53 AM,0.00,0.00,234.5,1.882,70.245,1069.350,-2.959
1429,11/08/25 10:00:53 AM,0.00,0.00,234.5,2.330,67.573,1069.350,-3.049
1430,11/08/25 10:10:53 AM,0.00,1.34,207.8,2.839,66.983,1069.350,-2.680
1431,11/08/25 10:20:53 AM,0.33,1.34,151.6,2.266,68.623,1069.350,-2.903
1432,11/08/25 10:30:53 AM,0.33,1.34,139.0,3.148,65.141,1069.350,-2.760
1433,11/08/25 10:40:53 AM,0.33,1.34,120.7,3.480,62.347,1069.350,-3.033
1434,11/08/25 10:50:53 AM,0.67,1.67,113.7,3.888,59.117,1069.350,-3.360
1435,11/08/25 11:00:53 AM,1.00,2.34,115.1,3.472,59.547,1069.350,-3.655
1436,11/08/25 11:10:53 AM,1.67,2.67,99.7,3.893,59.072,1069.350,-3.366
1437,11/08/25 11:20:53 AM,1.34,2.67,94.1,4.416,56.393,1069.350,-3.495
1438,11/08/25 11:30:53 AM,1.34,2.34,66.0,4.947,56.023,1069.350,-3.085
1439,11/08/25 11:40:53 AM,1.67,3.34,51.9,4.906,55.361,1069.350,-3.283
1440,11/08/25 11:50:53 AM,2.00,3.34,67.4,5.531,51.655,1069.350,-3.627
1441,11/08/25 12:00:53 PM,2.67,4.01,57.6,5.268,52.122,1069.350,-3.751
1442,11/08/25 12:10:53 PM,2.00,3.67,71.6,6.110,50.956,1069.350,-3.272
1443,11/08/25 12:20:53 PM,2.34,4.01,67.4,6.518,50.051,1069.350,-3.135
1444,11/08/25 12:30:53 PM,2.67,4.68,64.6,6.665,48.003,1069.350,-3.559
1445,11/08/25 12:40:53 PM,2.34,4.01,82.8,6.979,46.128,1069.350,-3.802
1446,11/08/25 12:50:53 PM,2.67,5.01,88.4,6.882,45.428,1069.350,-4.094
1447,11/08/25 01:00:53 PM,2.34,4.01,94.1,7.086,44.657,1069.350,-4.136
1448,11/08/25 01:10:53 PM,2.34,4.01,94.1,7.638,43.232,1069.350,-4.064
1449,11/08/25 01:20:53 PM,2.34,3.67,94.1,7.676,42.794,1069.350,-4.165
1450,11/08/25 01:30:53 PM,2.34,3.67,94.1,7.783,41.544,1069.350,-4.462
1451,11/08/25 01:40:53 PM,1.67,3.34,106.7,7.995,40.966,1069.350,-4.456
1452,11/08/25 01:50:53 PM,1.67,3.34,134.8,8.134,40.815,1069.350,-4.379
1453,11/08/25 02:00:53 PM,1.00,2.67,153.0,8.705,40.290,1069.350,-4.037
1454,11/08/25 02:10:53 PM,1.34,3.01,85.6,8.952,38.866,1069.350,-4.293
1455,11/08/25 02:20:53 PM,1.67,3.01,123.5,8.748,39.800,1069.350,-4.161
1456,11/08/25 02:30:53 PM,1.34,2.67,139.0,8.839,39.059,1069.350,-4.328
1457,11/08/25 02:40:53 PM,0.67,1.67,185.3,9.478,37.725,1069.350,-4.217
1458,11/08/25 02:50:53 PM,1.00,2.67,71.6,10.140,37.031,1069.350,-3.873
1459,11/08/25 03:00:53 PM,1.34,2.67,151.6,9.263,37.365,1069.350,-4.537
1460,11/08/25 03:10:53 PM,1.00,2.67,134.8,9.408,37.379,1069.350,-4.402
1461,11/08/25 03:20:53 PM,1.67,3.34,147.4,9.317,38.051,1069.350,-4.247
1462,11/08/25 03:30:53 PM,1.34,2.67,181.1,9.175,37.725,1069.350,-4.488
1463,11/08/25 03:40:53 PM,1.34,2.34,134.8,9.529,37.913,1069.350,-4.106
1464,11/08/25 03:50:53 PM,0.67,2.67,150.2,10.231,36.471,1069.350,-3.995
1465,11/08/25 04:00:53 PM,1.34,2.67,108.1,9.952,37.389,1069.350,-3.913
1466,11/08/25 04:10:53 PM,1.00,2.00,109.5,8.982,38.685,1069.350,-4.328
1467,11/08/25 04:20:53 PM,0.33,1.67,113.7,10.078,36.867,1069.350,-3.988
1468,11/08/25 04:30:53 PM,0.00,1.00,182.5,10.408,36.278,1069.350,-3.908
1469,11/08/25 04:40:53 PM,0.67,2.00,137.6,10.290,35.587,1069.350,-4.269
1470,11/08/25 04:50:53 PM,0.67,2.34,40.7,10.708,34.969,1069.350,-4.131
1471,11/08/25 05:00:53 PM,0.67,2.34,266.7,10.480,35.399,1069.350,-4.171
1472,11/08/25 05:10:53 PM,0.67,2.00,258.3,9.909,36.336,1069.350,-4.331
1473,11/08/25 05:20:53 PM,0.00,1.00,299.0,8.759,37.881,1069.350,-4.805
1474,11/08/25 05:30:53 PM,0.00,0.00,300.4,8.823,38.067,1069.350,-4.683
1475,11/08/25 05:40:53 PM,0.00,0.00,300.4,8.912,38.389,1069.350,-4.492
1476,11/08/25 05:50:53 PM,0.00,0.00,300.4,8.394,38.779,1069.350,-4.823
1477,11/08/25 06:00:53 PM,0.00,0.00,300.4,7.842,40.714,1069.350,-4.676
1478,11/08/25 06:10:53 PM,0.00,0.00,300.4,7.360,42.170,1069.350,-4.646
1479,11/08/25 06:20:53 PM,0.00,0.00,300.4,6.057,46.227,1069.350,-4.618
1480,11/08/25 06:30:53 PM,0.67,2.34,313.1,3.933,53.472,1069.350,-4.653
1481,11/08/25 06:40:53 PM,0.67,1.34,318.7,3.046,56.849,1069.350,-4.672
1482,11/08/25 06:50:53 PM,1.34,2.34,339.7,3.118,58.874,1069.350,-4.141
1483,11/08/25 07:00:53 PM,0.67,2.00,5.6,2.464,62.367,1069.350,-3.992
1484,11/08/25 07:10:53 PM,1.34,2.00,4.2,2.807,61.469,1069.350,-3.860
1485,11/08/25 07:20:53 PM,1.00,1.67,223.2,1.121,67.095,1069.350,-4.301
1486,11/08/25 07:30:53 PM,2.00,2.67,268.1,0.665,69.071,1069.350,-4.353
1487,11/08/25 07:40:53 PM,1.00,1.67,300.4,0.676,68.995,1069.350,-4.357
1488,11/08/25 07:50:53 PM,0.67,1.34,325.7,0.523,69.519,1069.350,-4.403
1489,11/08/25 08:00:53 PM,0.67,1.34,306.1,0.376,69.352,1069.350,-4.576
1490,11/08/25 08:10:53 PM,0.33,1.34,227.4,-0.780,73.938,1069.350,-4.844
1491,11/08/25 08:20:53 PM,1.34,1.67,293.4,-0.380,73.152,1069.350,-4.598
1492,11/08/25 08:30:53 PM,1.00,1.34,310.3,0.298,69.223,1069.350,-4.676
1493,11/08/25 08:40:53 PM,0.33,1.67,327.1,-0.096,70.475,1069.350,-4.818
1494,11/08/25 08:50:53 PM,0.00,0.33,342.6,-0.273,71.492,1069.350,-4.799
1495,11/08/25 09:00:53 PM,0.67,1.00,306.1,-0.115,70.944,1069.350,-4.748
1496,11/08/25 09:10:53 PM,1.34,2.00,280.8,-0.860,73.863,1069.350,-4.935
1497,11/08/25 09:20:53 PM,1.00,1.67,278.0,-1.000,75.142,1069.350,-4.844
1498,11/08/25 09:30:53 PM,0.00,0.00,278.0,-0.228,71.066,1069.350,-4.834
1499,11/08/25 09:40:53 PM,0.00,0.00,285.0,-0.922,73.265,1069.350,-5.102
1500,11/08/25 09:50:53 PM,0.00,0.00,331.3,-1.994,77.461,1069.350,-5.408
1501,11/08/25 10:00:53 PM,0.00,0.00,331.3,-2.362,79.779,1069.350,-5.379
1502,11/08/25 10:10:53 PM,0.00,0.00,331.3,-2.051,79.069,1069.350,-5.194
1503,11/08/25 10:20:53 PM,0.00,0.00,16.8,-1.986,79.408,1069.350,-5.074
1504,11/08/25 10:30:53 PM,0.67,1.67,346.8,-2.592,81.230,1069.350,-5.367
1505,11/08/25 10:40:53 PM,1.00,1.67,279.4,-2.729,81.903,1069.350,-5.393
1506,11/08/25 10:50:53 PM,1.00,1.67,271.0,-2.799,81.587,1069.350,-5.512
1507,11/08/25 11:00:53 PM,0.67,1.67,271.0,-1.954,78.132,1069.350,-5.256
1508,11/08/25 11:10:53 PM,0.67,1.00,282.2,-2.834,81.061,1069.350,-5.631
1509,11/08/25 11:20:53 PM,0.67,1.34,289.2,-2.397,80.024,1069.350,-5.373
1510,11/08/25 11:30:53 PM,0.67,1.34,289.2,-3.078,82.635,1069.350,-5.618
1511,11/08/25 11:40:53 PM,0.33,0.67,289.2,-2.884,82.017,1069.350,-5.526
1512,11/08/25 11:50:53 PM,0.00,0.00,289.2,-2.372,80.653,1069.350,-5.246
1513,11/09/25 12:00:53 AM,0.00,0.00,297.6,-2.147,79.237,1069.350,-5.259
1514,11/09/25 12:10:53 AM,0.00,0.00,318.7,-2.552,81.004,1069.350,-5.365
1515,11/09/25 12:20:53 AM,0.00,0.00,318.7,-3.520,84.132,1069.350,-5.816
1516,11/09/25 12:30:53 AM,0.00,0.00,318.7,-3.166,83.696,1069.350,-5.537
1517,11/09/25 12:40:53 AM,0.00,0.00,318.7,-2.603,80.868,1069.350,-5.437
1518,11/09/25 12:50:53 AM,0.67,1.34,300.4,-3.490,83.635,1069.350,-5.864
1519,11/09/25 01:00:53 AM,1.34,1.67,294.8,-3.874,85.019,1069.350,-6.027
1520,11/09/25 01:10:53 AM,0.67,1.34,299.0,-3.423,83.291,1069.350,-5.852
1521,11/09/25 01:20:53 AM,0.33,1.34,303.2,-2.662,80.378,1069.350,-5.574
1522,11/09/25 01:30:53 AM,1.00,1.67,300.4,-3.445,82.565,1069.350,-5.989
1523,11/09/25 01:40:53 AM,0.33,1.00,300.4,-3.335,82.420,1069.350,-5.904
1524,11/09/25 01:50:53 AM,0.00,0.00,300.4,-3.166,81.720,1069.350,-5.850
1525,11/09/25 02:00:53 AM,0.00,0.00,300.4,-2.630,79.693,1069.350,-5.655
1526,11/09/25 02:10:53 AM,0.00,0.00,300.4,-2.662,79.747,1069.350,-5.678
1527,11/09/25 02:20:53 AM,0.00,0.00,300.4,-2.651,80.078,1069.350,-5.612
1528,11/09/25 02:30:53 AM,0.33,1.34,296.2,-3.863,83.697,1069.350,-6.221
1529,11/09/25 02:40:53 AM,1.34,1.67,275.2,-4.783,87.457,1069.350,-6.553
1530,11/09/25 02:50:53 AM,1.34,1.67,296.2,-4.372,85.725,1069.350,-6.409
1531,11/09/25 03:00:53 AM,1.00,1.34,308.9,-3.909,83.400,1069.350,-6.312
1532,11/09/25 03:10:53 AM,0.33,1.34,303.2,-3.517,81.738,1069.350,-6.191
1533,11/09/25 03:20:53 AM,0.67,1.34,308.9,-3.729,82.298,1069.350,-6.309
1534,11/09/25 03:30:53 AM,0.00,0.67,317.3,-3.391,81.045,1069.350,-6.179
1535,11/09/25 03:40:53 AM,0.00,0.00,355.2,-4.737,86.471,1069.350,-6.655
1536,11/09/25 03:50:53 AM,0.00,0.00,355.2,-4.742,87.481,1069.350,-6.509
1537,11/09/25 04:00:53 AM,1.00,1.34,327.1,-4.584,86.076,1069.350,-6.564
1538,11/09/25 04:10:53 AM,1.34,1.67,303.2,-4.533,85.739,1069.350,-6.565
1539,11/09/25 04:20:53 AM,1.00,1.34,301.8,-4.094,83.522,1069.350,-6.475
1540,11/09/25 04:30:53 AM,1.34,2.34,293.4,-4.220,84.454,1069.350,-6.454
1541,11/09/25 04:40:53 AM,1.00,1.67,311.7,-3.809,83.670,1069.350,-6.172
1542,11/09/25 04:50:53 AM,1.00,2.00,306.1,-3.228,81.064,1069.350,-6.016
1543,11/09/25 05:00:53 AM,1.67,2.34,255.5,-4.305,85.084,1069.350,-6.441
1544,11/09/25 05:10:53 AM,1.67,2.34,287.8,-3.799,83.790,1069.350,-6.143
1545,11/09/25 05:20:53 AM,0.33,1.67,315.9,-2.847,79.225,1069.350,-5.944
1546,11/09/25 05:30:53 AM,0.00,0.00,317.3,-3.587,81.912,1069.350,-6.231
1547,11/09/25 05:40:53 AM,0.00,0.00,275.2,-4.051,84.001,1069.350,-6.358
1548,11/09/25 05:50:53 AM,0.00,0.00,242.9,-3.520,81.804,1069.350,-6.183
1549,11/09/25 06:00:53 AM,0.00,0.00,242.9,-3.718,82.432,1069.350,-6.277
1550,11/09/25 06:10:53 AM,0.00,0.00,242.9,-3.780,82.296,1069.350,-6.359
1551,11/09/25 06:20:53 AM,0.00,0.00,242.9,-4.539,85.307,1069.350,-6.637
1552,11/09/25 06:30:53 AM,0.00,0.00,242.9,-4.174,84.442,1069.350,-6.411
1553,11/09/25 06:40:53 AM,0.00,0.00,242.9,-4.075,83.742,1069.350,-6.422
1554,11/09/25 06:50:53 AM,0.00,0.00,242.9,-4.271,83.963,1069.350,-6.580
1555,11/09/25 07:00:53 AM,0.00,0.00,242.9,-4.662,85.322,1069.350,-6.755
1556,11/09/25 07:10:53 AM,0.00,0.00,242.9,-5.131,86.751,1069.350,-7.002
1557,11/09/25 07:20:53 AM,0.67,1.34,279.4,-5.654,88.544,1069.350,-7.253
1558,11/09/25 07:30:53 AM,0.67,1.00,290.6,-5.228,87.752,1069.350,-6.949
1559,11/09/25 07:40:53 AM,0.33,0.67,290.6,-4.359,84.182,1069.350,-6.632
1560,11/09/25 07:50:53 AM,0.67,1.67,290.6,-4.978,85.014,1069.350,-7.113
1561,11/09/25 08:00:53 AM,1.34,1.67,294.8,-5.616,87.939,1069.350,-7.304
1562,11/09/25 08:10:53 AM,1.00,1.34,303.2,-4.606,85.037,1069.350,-6.744
1563,11/09/25 08:20:53 AM,0.67,1.34,303.2,-4.458,84.173,1069.350,-6.731
1564,11/09/25 08:30:53 AM,0.00,0.33,282.2,-5.147,86.342,1069.350,-7.079
1565,11/09/25 08:40:53 AM,0.00,0.00,308.9,-5.536,88.502,1069.350,-7.142
1566,11/09/25 08:50:53 AM,0.33,1.00,308.9,-4.480,84.811,1069.350,-6.655
1567,11/09/25 09:00:53 AM,0.33,1.00,308.9,-4.214,85.154,1069.350,-6.340
1568,11/09/25 09:10:53 AM,0.00,0.00,311.7,-3.115,81.790,1069.350,-5.789
1569,11/09/25 09:20:53 AM,0.00,0.00,293.4,-1.740,79.689,1069.350,-4.787
1570,11/09/25 09:30:53 AM,0.00,0.00,240.1,-0.338,77.385,1069.350,-3.811
1571,11/09/25 09:40:53 AM,0.00,0.00,227.4,-0.136,76.268,1069.350,-3.808
1572,11/09/25 09:50:53 AM,0.00,0.00,227.4,0.035,75.444,1069.350,-3.787
1573,11/09/25 10:00:53 AM,0.00,0.00,227.4,0.780,74.141,1069.350,-3.298
1574,11/09/25 10:10:53 AM,0.00,0.67,227.4,1.689,70.645,1069.350,-3.068
1575,11/09/25 10:20:53 AM,0.00,0.67,227.4,2.177,68.402,1069.350,-3.032
1576,11/09/25 10:30:53 AM,0.00,0.67,227.4,2.612,63.977,1069.350,-3.512
1577,11/09/25 10:40:53 AM,0.33,1.00,196.5,3.258,62.402,1069.350,-3.232
1578,11/09/25 10:50:53 AM,0.33,1.34,94.1,3.931,62.914,1069.350,-2.484
1579,11/09/25 11:00:53 AM,0.67,1.34,108.1,4.134,61.953,1069.350,-2.499
1580,11/09/25 11:10:53 AM,0.67,1.34,88.4,5.003,57.351,1069.350,-2.718
1581,11/09/25 11:20:53 AM,0.67,1.34,113.7,5.566,51.809,1069.350,-3.555
1582,11/09/25 11:30:53 AM,0.67,2.00,127.8,5.933,52.320,1069.350,-3.083
1583,11/09/25 11:40:53 AM,1.34,2.67,110.9,5.850,53.191,1069.350,-2.938
1584,11/09/25 11:50:53 AM,1.00,2.34,87.0,6.850,50.611,1069.350,-2.679
1585,11/09/25 12:00:53 PM,1.67,2.34,102.5,6.633,51.136,1069.350,-2.741
1586,11/09/25 12:10:53 PM,1.67,3.34,96.9,7.268,50.312,1069.350,-2.372
1587,11/09/25 12:20:53 PM,1.67,3.01,101.1,7.719,49.393,1069.350,-2.205
1588,11/09/25 12:30:53 PM,2.34,3.67,91.3,8.019,48.399,1069.350,-2.203
1589,11/09/25 12:40:53 PM,2.67,4.68,91.3,8.823,45.892,1069.350,-2.184
1590,11/09/25 12:50:53 PM,3.34,5.34,84.2,9.274,41.933,1069.350,-2.989
1591,11/09/25 01:00:53 PM,3.34,5.34,95.5,9.531,40.401,1069.350,-3.256
1592,11/09/25 01:10:53 PM,3.34,5.01,80.0,9.933,38.996,1069.350,-3.368
1593,11/09/25 01:20:53 PM,3.01,4.68,89.9,10.319,38.560,1069.350,-3.173
1594,11/09/25 01:30:53 PM,3.01,4.68,98.3,10.550,36.941,1069.350,-3.540
1595,11/09/25 01:40:53 PM,2.67,4.34,84.2,11.083,35.070,1069.350,-3.761
1596,11/09/25 01:50:53 PM,2.67,4.68,82.8,11.451,33.475,1069.350,-4.055
1597,11/09/25 02:00:53 PM,2.67,5.01,81.4,11.829,32.947,1069.350,-3.934
1598,11/09/25 02:10:53 PM,2.67,4.01,73.0,12.075,31.582,1069.350,-4.281
1599,11/09/25 02:20:53 PM,2.67,4.34,82.8,12.161,30.501,1069.350,-4.667
1600,11/09/25 02:30:53 PM,2.67,4.01,96.9,12.330,30.603,1069.350,-4.476
1601,11/09/25 02:40:53 PM,2.67,4.34,89.9,12.636,31.345,1069.350,-3.891
1602,11/09/25 02:50:53 PM,2.34,3.67,85.6,12.695,31.464,1069.350,-3.789
1603,11/09/25 03:00:53 PM,2.00,4.01,99.7,12.864,31.656,1069.350,-3.560
1604,11/09/25 03:10:53 PM,2.00,4.01,78.6,13.199,31.362,1069.350,-3.392
1605,11/09/25 03:20:53 PM,2.00,3.67,81.4,13.421,31.696,1069.350,-3.056
1606,11/09/25 03:30:53 PM,2.00,3.67,87.0,13.853,31.679,1069.350,-2.685
1607,11/09/25 03:40:53 PM,2.34,3.34,85.6,13.456,32.085,1069.350,-2.862
1608,11/09/25 03:50:53 PM,2.00,3.34,87.0,13.274,32.622,1069.350,-2.798
1609,11/09/25 04:00:53 PM,2.00,4.01,78.6,13.432,32.528,1069.350,-2.698
1610,11/09/25 04:10:53 PM,1.67,2.67,98.3,13.628,33.048,1069.350,-2.312
1611,11/09/25 04:20:53 PM,1.67,3.01,91.3,13.815,32.873,1069.350,-2.220
1612,11/09/25 04:30:53 PM,1.67,3.01,71.6,13.890,33.025,1069.350,-2.092
1613,11/09/25 04:40:53 PM,2.00,3.34,70.2,13.813,32.990,1069.350,-2.174
1614,11/09/25 04:50:53 PM,1.67,3.34,68.8,13.767,32.702,1069.350,-2.332
1615,11/09/25 05:00:53 PM,1.34,2.67,96.9,13.110,34.009,1069.350,-2.382
1616,11/09/25 05:10:53 PM,1.67,2.34,64.6,12.400,35.154,1069.350,-2.562
1617,11/09/25 05:20:53 PM,1.34,2.34,67.4,11.767,37.244,1069.350,-2.346
1618,11/09/25 05:30:53 PM,1.34,1.67,59.0,10.695,40.403,1069.350,-2.207
1619,11/09/25 05:40:53 PM,1.00,1.67,47.7,9.665,43.136,1069.350,-2.254
1620,11/09/25 05:50:53 PM,1.34,1.67,43.5,9.003,44.674,1069.350,-2.383
1621,11/09/25 06:00:53 PM,1.00,1.67,37.9,8.660,45.115,1069.350,-2.563
1622,11/09/25 06:10:53 PM,0.67,1.67,51.9,8.196,46.195,1069.350,-2.669
1623,11/09/25 06:20:53 PM,0.33,1.00,133.4,7.609,48.104,1069.350,-2.662
1624,11/09/25 06:30:53 PM,0.33,1.00,169.9,7.247,49.487,1069.350,-2.614
1625,11/09/25 06:40:53 PM,0.33,1.00,169.9,6.799,50.562,1069.350,-2.739
1626,11/09/25 06:50:53 PM,0.67,1.00,169.9,6.440,51.205,1069.350,-2.901
1627,11/09/25 07:00:53 PM,0.67,1.00,325.7,5.939,52.410,1069.350,-3.054
1628,11/09/25 07:10:53 PM,1.00,2.00,348.2,5.177,54.362,1069.350,-3.273
1629,11/09/25 07:20:53 PM,1.00,2.00,92.7,4.279,57.200,1069.350,-3.433
1630,11/09/25 07:30:53 PM,0.67,1.34,209.2,3.730,58.877,1069.350,-3.563
1631,11/09/25 07:40:53 PM,1.00,1.34,287.8,3.491,59.464,1069.350,-3.656
1632,11/09/25 07:50:53 PM,0.33,1.00,313.1,3.354,59.469,1069.350,-3.784
1633,11/09/25 08:00:53 PM,0.67,1.34,304.7,3.091,60.291,1069.350,-3.850
1634,11/09/25 08:10:53 PM,1.00,1.34,310.3,4.121,56.805,1069.350,-3.674
1635,11/09/25 08:20:53 PM,0.67,1.00,310.3,4.595,54.783,1069.350,-3.714
1636,11/09/25 08:30:53 PM,0.67,1.00,311.7,3.480,57.566,1069.350,-4.099
1637,11/09/25 08:40:53 PM,1.00,1.34,322.9,2.995,58.773,1069.350,-4.279
1638,11/09/25 08:50:53 PM,0.67,1.34,321.5,2.711,59.615,1069.350,-4.358
1639,11/09/25 09:00:53 PM,1.00,1.34,313.1,1.813,62.608,1069.350,-4.559
1640,11/09/25 09:10:53 PM,0.67,1.00,322.9,2.389,60.928,1069.350,-4.374
1641,11/09/25 09:20:53 PM,0.00,0.00,321.5,3.196,57.905,1069.350,-4.288
1642,11/09/25 09:30:53 PM,0.67,1.67,301.8,0.976,65.475,1069.350,-4.763
1643,11/09/25 09:40:53 PM,0.33,1.00,297.6,1.309,64.688,1069.350,-4.605
1644,11/09/25 09:50:53 PM,0.00,0.00,297.6,0.856,66.148,1069.350,-4.742
1645,11/09/25 10:00:53 PM,1.00,1.67,297.6,0.209,68.551,1069.350,-4.890
1646,11/09/25 10:10:53 PM,1.34,1.67,299.0,-0.383,71.321,1069.350,-4.936
1647,11/09/25 10:20:53 PM,1.00,1.67,304.7,0.413,68.194,1069.350,-4.764
1648,11/09/25 10:30:53 PM,1.34,1.67,304.7,0.255,68.377,1069.350,-4.880
1649,11/09/25 10:40:53 PM,1.34,1.67,307.5,0.370,68.351,1069.350,-4.774
1650,11/09/25 10:50:53 PM,1.34,1.67,306.1,0.759,67.007,1069.350,-4.664
1651,11/09/25 11:00:53 PM,1.34,1.67,299.0,0.386,68.641,1069.350,-4.703
1652,11/09/25 11:10:53 PM,1.67,2.00,299.0,0.319,68.904,1069.350,-4.717
1653,11/09/25 11:20:53 PM,1.00,2.00,307.5,0.732,67.338,1069.350,-4.625
1654,11/09/25 11:30:53 PM,1.00,2.00,314.5,1.091,65.980,1069.350,-4.552
1655,11/09/25 11:40:53 PM,1.67,2.34,294.8,0.520,68.106,1069.350,-4.678
1656,11/09/25 11:50:53 PM,1.67,2.34,306.1,0.566,68.276,1069.350,-4.601
1657,11/10/25 12:00:53 AM,1.67,2.34,307.5,0.949,66.709,1069.350,-4.542
1658,11/10/25 12:10:53 AM,0.67,2.00,315.9,0.802,67.518,1069.350,-4.523
1659,11/10/25 12:20:53 AM,1.00,1.67,297.6,0.067,71.106,1069.350,-4.543
1660,11/10/25 12:30:53 AM,1.00,1.67,293.4,-0.131,71.969,1069.350,-4.574
1661,11/10/25 12:40:53 AM,0.67,1.67,300.4,0.158,69.877,1069.350,-4.686
1662,11/10/25 12:50:53 AM,1.00,2.00,294.8,0.137,71.368,1069.350,-4.427
1663,11/10/25 01:00:53 AM,1.00,2.00,318.7,0.255,70.834,1069.350,-4.413
1664,11/10/25 01:10:53 AM,0.00,0.67,322.9,-0.153,71.763,1069.350,-4.633
1665,11/10/25 01:20:53 AM,0.00,0.00,322.9,-0.037,71.510,1069.350,-4.568
1666,11/10/25 01:30:53 AM,0.00,0.00,322.9,-0.016,71.928,1069.350,-4.471
1667,11/10/25 01:40:53 AM,0.00,0.67,327.1,-0.262,71.012,1069.350,-4.877
1668,11/10/25 01:50:53 AM,0.00,0.00,342.6,-0.488,72.131,1069.350,-4.889
1669,11/10/25 02:00:53 AM,0.00,0.00,342.6,-0.699,72.508,1069.350,-5.023
1670,11/10/25 02:10:53 AM,0.00,0.00,342.6,-0.930,73.324,1069.350,-5.099
1671,11/10/25 02:20:53 AM,0.00,0.00,342.6,-1.394,73.565,1069.350,-5.504
1672,11/10/25 02:30:53 AM,0.00,0.00,342.6,-0.914,72.203,1069.350,-5.286
1673,11/10/25 02:40:53 AM,0.00,0.00,342.6,-0.254,69.134,1069.350,-5.223
1674,11/10/25 02:50:53 AM,0.00,0.00,342.6,-1.185,71.800,1069.350,-5.621
1675,11/10/25 03:00:53 AM,0.00,0.00,336.9,-2.458,76.426,1069.350,-6.036
1676,11/10/25 03:10:53 AM,0.33,1.34,328.5,-1.906,74.052,1069.350,-5.913
1677,11/10/25 03:20:53 AM,0.67,1.34,318.7,-1.375,73.143,1069.350,-5.562
1678,11/10/25 03:30:53 AM,0.00,0.67,318.7,-1.308,71.902,1069.350,-5.721
1679,11/10/25 03:40:53 AM,1.00,1.67,292.0,-2.874,78.869,1069.350,-6.029
1680,11/10/25 03:50:53 AM,1.00,1.34,283.6,-3.153,81.529,1069.350,-5.868
1681,11/10/25 04:00:53 AM,0.33,1.00,296.2,-2.646,77.789,1069.350,-5.988
1682,11/10/25 04:10:53 AM,0.00,0.33,296.2,-2.777,78.213,1069.350,-6.044
1683,11/10/25 04:20:53 AM,0.67,1.34,297.6,-3.477,82.403,1069.350,-6.046
1684,11/10/25 04:30:53 AM,1.00,1.67,317.3,-2.745,78.030,1069.350,-6.043
1685,11/10/25 04:40:53 AM,0.67,1.67,328.5,-1.616,73.712,1069.350,-5.693
1686,11/10/25 04:50:53 AM,0.00,0.33,328.5,-1.667,73.611,1069.350,-5.760
1687,11/10/25 05:00:53 AM,0.00,0.00,328.5,-2.265,76.023,1069.350,-5.918
1688,11/10/25 05:10:53 AM,0.00,0.00,2.8,-2.970,79.678,1069.350,-5.990
1689,11/10/25 05:20:53 AM,0.67,1.67,325.7,-3.909,83.629,1069.350,-6.276
1690,11/10/25 05:30:53 AM,1.67,2.00,275.2,-3.552,82.968,1069.350,-6.030
1691,11/10/25 05:40:53 AM,0.67,1.34,283.6,-2.230,77.830,1069.350,-5.576
1692,11/10/25 05:50:53 AM,0.67,1.67,303.2,-2.681,79.371,1069.350,-5.758
1693,11/10/25 06:00:53 AM,1.34,1.67,289.2,-3.230,82.403,1069.350,-5.804
1694,11/10/25 06:10:53 AM,0.33,1.00,293.4,-2.834,82.171,1069.350,-5.453
1695,11/10/25 06:20:53 AM,0.00,0.00,293.4,-2.053,76.539,1069.350,-5.623
1696,11/10/25 06:30:53 AM,0.00,0.00,293.4,-2.397,77.197,1069.350,-5.845
1697,11/10/25 06:40:53 AM,0.00,0.00,307.5,-2.402,77.609,1069.350,-5.780
1698,11/10/25 06:50:53 AM,0.33,1.34,329.9,-2.142,76.472,1069.350,-5.721
1699,11/10/25 07:00:53 AM,0.67,0.67,328.5,-2.533,77.728,1069.350,-5.888
1700,11/10/25 07:10:53 AM,1.00,1.67,247.1,-3.241,81.424,1069.350,-5.971
1701,11/10/25 07:20:53 AM,1.00,1.67,245.7,-3.228,82.029,1069.350,-5.861
1702,11/10/25 07:30:53 AM,1.34,2.00,268.1,-3.429,83.803,1069.350,-5.778
1703,11/10/25 07:40:53 AM,0.67,1.34,282.2,-3.118,82.695,1069.350,-5.648
1704,11/10/25 07:50:53 AM,1.00,1.67,299.0,-2.943,81.115,1069.350,-5.729
1705,11/10/25 08:00:53 AM,1.34,1.67,308.9,-2.681,81.050,1069.350,-5.483
1706,11/10/25 08:10:53 AM,1.00,1.34,304.7,-2.300,80.108,1069.350,-5.265
1707,11/10/25 08:20:53 AM,1.00,1.34,306.1,-2.190,78.579,1069.350,-5.411
1708,11/10/25 08:30:53 AM,0.00,0.67,306.1,-3.252,81.715,1069.350,-5.935
1709,11/10/25 08:40:53 AM,0.00,0.00,306.1,-3.217,82.234,1069.350,-5.818
1710,11/10/25 08:50:53 AM,0.00,0.00,335.5,-2.348,79.211,1069.350,-5.460
1711,11/10/25 09:00:53 AM,0.00,0.00,355.2,-2.665,79.712,1069.350,-5.686
1712,11/10/25 09:10:53 AM,0.00,0.00,355.2,-2.828,80.861,1069.350,-5.658
1713,11/10/25 09:20:53 AM,0.00,0.00,355.2,-1.394,77.873,1069.350,-4.755
1714,11/10/25 09:30:53 AM,0.00,0.00,355.2,-0.544,75.242,1069.350,-4.384
1715,11/10/25 09:40:53 AM,0.00,0.00,355.2,0.437,76.201,1069.350,-3.264
1716,11/10/25 09:50:53 AM,0.00,0.00,348.2,0.756,75.138,1069.350,-3.142
1717,11/10/25 10:00:53 AM,0.33,1.00,255.5,1.563,72.692,1069.350,-2.806
1718,11/10/25 10:10:53 AM,0.33,1.00,140.4,2.738,67.691,1069.350,-2.635
1719,11/10/25 10:20:53 AM,0.00,0.67,70.2,3.443,65.025,1069.350,-2.503
1720,11/10/25 10:30:53 AM,0.33,1.34,67.4,4.089,62.783,1069.350,-2.362
1721,11/10/25 10:40:53 AM,0.00,1.00,75.8,4.762,62.712,1069.350,-1.739
1722,11/10/25 10:50:53 AM,0.00,0.33,96.9,5.609,61.276,1069.350,-1.251
1723,11/10/25 11:00:53 AM,0.00,0.67,59.0,6.327,58.618,1069.350,-1.178
1724,11/10/25 11:10:53 AM,0.67,1.34,89.9,6.952,56.556,1069.350,-1.079
1725,11/10/25 11:20:53 AM,0.67,1.34,126.4,6.719,59.240,1069.350,-0.665
1726,11/10/25 11:30:53 AM,0.67,1.67,126.4,7.389,54.211,1069.350,-1.248
1727,11/10/25 11:40:53 AM,0.67,2.00,147.4,7.472,54.389,1069.350,-1.126
1728,11/10/25 11:50:53 AM,1.34,2.00,120.7,8.075,51.409,1069.350,-1.333
1729,11/10/25 12:00:53 PM,1.34,2.34,126.4,8.998,50.184,1069.350,-0.808
1730,11/10/25 12:10:53 PM,1.34,2.34,123.5,8.952,50.753,1069.350,-0.697
1731,11/10/25 12:20:53 PM,1.34,2.67,122.1,9.325,50.416,1069.350,-0.443
1732,11/10/25 12:30:53 PM,1.34,2.67,101.1,10.043,48.190,1069.350,-0.401
1733,11/10/25 12:40:53 PM,1.34,2.34,94.1,10.421,47.265,1069.350,-0.320
1734,11/10/25 12:50:53 PM,1.67,3.01,91.3,10.818,47.019,1069.350,-0.028
1735,11/10/25 01:00:53 PM,1.67,3.01,109.5,11.177,46.491,1069.350,0.145
1736,11/10/25 01:10:53 PM,1.67,3.67,98.3,12.239,44.080,1069.350,0.379
1737,11/10/25 01:20:53 PM,2.00,3.67,94.1,12.384,42.725,1069.350,0.080
1738,11/10/25 01:30:53 PM,2.34,4.01,82.8,12.756,42.084,1069.350,0.208
1739,11/10/25 01:40:53 PM,2.00,4.01,88.4,12.837,42.524,1069.350,0.425
1740,11/10/25 01:50:53 PM,2.34,3.67,101.1,12.920,43.003,1069.350,0.655
1741,11/10/25 02:00:53 PM,2.34,4.01,92.7,13.247,42.637,1069.350,0.832
1742,11/10/25 02:10:53 PM,2.34,3.67,98.3,13.317,42.774,1069.350,0.940
1743,11/10/25 02:20:53 PM,2.34,4.01,92.7,13.756,42.181,1069.350,1.143
1744,11/10/25 02:30:53 PM,2.00,3.67,95.5,14.459,41.006,1069.350,1.384
1745,11/10/25 02:40:53 PM,2.34,4.01,96.9,14.210,41.575,1069.350,1.352
1746,11/10/25 02:50:53 PM,2.34,3.67,106.7,14.571,41.451,1069.350,1.636
1747,11/10/25 03:00:53 PM,2.34,4.01,98.3,14.931,41.067,1069.350,1.830
1748,11/10/25 03:10:53 PM,2.00,4.01,98.3,15.411,40.320,1069.350,2.005
1749,11/10/25 03:20:53 PM,2.00,3.67,108.1,15.537,40.108,1069.350,2.044
1750,11/10/25 03:30:53 PM,1.67,2.67,80.0,15.751,39.541,1069.350,2.037
1751,11/10/25 03:40:53 PM,1.34,3.34,84.2,16.250,38.968,1069.350,2.279
1752,11/10/25 03:50:53 PM,1.67,2.67,102.5,16.164,39.324,1069.350,2.330
1753,11/10/25 04:00:53 PM,1.34,2.67,88.4,16.652,38.621,1069.350,2.513
1754,11/10/25 04:10:53 PM,1.00,2.00,108.1,16.555,38.648,1069.350,2.436
1755,11/10/25 04:20:53 PM,0.33,1.67,73.0,17.193,37.417,1069.350,2.550
1756,11/10/25 04:30:53 PM,0.67,1.34,150.2,16.700,38.300,1069.350,2.438
1757,11/10/25 04:40:53 PM,0.33,1.00,113.7,16.845,38.160,1069.350,2.516
1758,11/10/25 04:50:53 PM,0.33,1.00,238.7,17.336,37.386,1069.350,2.665
1759,11/10/25 05:00:53 PM,0.33,1.34,216.2,16.523,38.604,1069.350,2.391
1760,11/10/25 05:10:53 PM,0.33,0.67,212.0,16.435,38.920,1069.350,2.427
1761,11/10/25 05:20:53 PM,0.33,1.00,212.0,16.405,38.920,1069.350,2.400
1762,11/10/25 05:30:53 PM,0.67,1.34,212.0,15.807,40.493,1069.350,2.421
1763,11/10/25 05:40:53 PM,0.67,1.34,212.0,15.148,42.129,1069.350,2.383
1764,11/10/25 05:50:53 PM,0.67,1.00,212.0,14.459,43.252,1069.350,2.129
1765,11/10/25 06:00:53 PM,1.00,1.34,249.9,13.574,45.643,1069.350,2.079
1766,11/10/25 06:10:53 PM,1.00,1.67,285.0,11.966,49.129,1069.350,1.634
1767,11/10/25 06:20:53 PM,1.00,2.00,294.8,10.306,53.587,1069.350,1.309
1768,11/10/25 06:30:53 PM,1.00,1.34,308.9,9.081,57.502,1069.350,1.145
1769,11/10/25 06:40:53 PM,1.00,2.00,259.7,7.719,62.217,1069.350,0.956
1770,11/10/25 06:50:53 PM,1.00,1.67,269.6,6.142,67.485,1069.350,0.581
1771,11/10/25 07:00:53 PM,1.00,2.34,255.5,5.853,69.371,1069.350,0.685
1772,11/10/25 07:10:53 PM,1.00,1.67,255.5,5.534,70.686,1069.350,0.639
1773,11/10/25 07:20:53 PM,0.67,1.67,266.7,5.421,70.982,1069.350,0.588
1774,11/10/25 07:30:53 PM,1.34,2.67,238.7,5.802,70.396,1069.350,0.839
1775,11/10/25 07:40:53 PM,0.00,0.67,262.5,5.850,70.108,1069.350,0.829
1776,11/10/25 07:50:53 PM,0.00,0.00,261.1,5.566,70.825,1069.350,0.697
1777,11/10/25 08:00:53 PM,0.00,0.67,311.7,5.558,71.113,1069.350,0.745
1778,11/10/25 08:10:53 PM,0.33,1.34,223.2,5.877,69.372,1069.350,0.708
1779,11/10/25 08:20:53 PM,1.34,2.67,259.7,6.148,69.973,1069.350,1.088
1780,11/10/25 08:30:53 PM,2.34,3.01,276.6,7.869,64.070,1069.350,1.506
1781,11/10/25 08:40:53 PM,2.00,3.01,286.4,8.341,61.897,1069.350,1.473
1782,11/10/25 08:50:53 PM,2.00,2.67,296.2,7.724,63.238,1069.350,1.186
1783,11/10/25 09:00:53 PM,2.34,3.34,301.8,7.209,64.939,1069.350,1.066
1784,11/10/25 09:10:53 PM,2.00,3.01,275.2,7.571,63.735,1069.350,1.150
1785,11/10/25 09:20:53 PM,2.00,2.67,273.8,7.317,63.920,1069.350,0.949
1786,11/10/25 09:30:53 PM,2.00,2.34,269.6,6.818,65.382,1069.350,0.788
1787,11/10/25 09:40:53 PM,2.00,2.67,276.6,6.759,65.727,1069.350,0.804
1788,11/10/25 09:50:53 PM,2.00,2.67,278.0,6.762,66.242,1069.350,0.915
1789,11/10/25 10:00:53 PM,1.67,3.01,276.6,6.073,68.136,1069.350,0.647
1790,11/10/25 10:10:53 PM,2.00,4.34,296.2,5.697,69.415,1069.350,0.544
1791,11/10/25 10:20:53 PM,3.01,5.01,308.9,6.848,65.888,1069.350,0.923
1792,11/10/25 10:30:53 PM,2.67,3.67,304.7,7.298,64.643,1069.350,1.087
1793,11/10/25 10:40:53 PM,3.01,4.01,299.0,7.065,65.483,1069.350,1.044
1794,11/10/25 10:50:53 PM,3.01,4.34,304.7,7.073,65.243,1069.350,1.001
1795,11/10/25 11:00:53 PM,2.34,3.67,287.8,6.421,66.835,1069.350,0.713
1796,11/10/25 11:10:53 PM,2.00,3.01,271.0,6.134,68.479,1069.350,0.775
1797,11/10/25 11:20:53 PM,1.67,2.67,283.6,5.287,70.736,1069.350,0.411
1798,11/10/25 11:30:53 PM,1.67,2.67,252.7,4.877,72.088,1069.350,0.277
1799,11/10/25 11:40:53 PM,1.67,2.67,255.5,3.472,76.437,1069.350,-0.275
1800,11/10/25 11:50:53 PM,1.67,2.00,271.0,2.807,79.751,1069.350,-0.340
1801,11/11/25 12:00:53 AM,0.67,1.67,310.3,2.582,80.571,1069.350,-0.419
1802,11/11/25 12:10:53 AM,0.00,0.33,342.6,3.097,80.020,1069.350,-0.011
1803,11/11/25 12:20:53 AM,1.00,2.00,279.4,4.354,76.089,1069.350,0.518
1804,11/11/25 12:30:53 AM,0.67,2.34,268.1,4.284,75.666,1069.350,0.373
1805,11/11/25 12:40:53 AM,1.00,2.34,278.0,4.158,76.449,1069.350,0.393
1806,11/11/25 12:50:53 AM,1.00,2.67,263.9,5.008,73.155,1069.350,0.607
1807,11/11/25 01:00:53 AM,0.33,1.34,235.9,3.711,76.373,1069.350,-0.055
1808,11/11/25 01:10:53 AM,0.67,2.00,279.4,3.904,76.515,1069.350,0.158
1809,11/11/25 01:20:53 AM,1.34,3.34,269.6,4.314,75.569,1069.350,0.384
1810,11/11/25 01:30:53 AM,2.67,5.01,303.2,4.904,74.781,1069.350,0.811
1811,11/11/25 01:40:53 AM,3.01,4.68,315.9,5.582,72.250,1069.350,0.988
1812,11/11/25 01:50:53 AM,3.01,4.68,315.9,4.743,74.917,1069.350,0.680
1813,11/11/25 02:00:53 AM,3.34,4.68,320.1,4.630,74.960,1069.350,0.578
1814,11/11/25 02:10:53 AM,3.67,4.68,321.5,4.448,74.943,1069.350,0.399
1815,11/11/25 02:20:53 AM,2.00,4.34,301.8,4.209,75.822,1069.350,0.328
1816,11/11/25 02:30:53 AM,1.00,2.00,259.7,4.145,76.588,1069.350,0.405
1817,11/11/25 02:40:53 AM,1.67,3.01,275.2,4.386,75.578,1069.350,0.455
1818,11/11/25 02:50:53 AM,1.67,3.01,300.4,4.118,76.509,1069.350,0.365
1819,11/11/25 03:00:53 AM,1.34,2.67,292.0,4.191,76.761,1069.350,0.481
1820,11/11/25 03:10:53 AM,2.34,3.67,266.7,4.126,77.581,1069.350,0.565
1821,11/11/25 03:20:53 AM,2.00,3.34,254.1,4.158,77.185,1069.350,0.525
1822,11/11/25 03:30:53 AM,2.00,3.34,275.2,3.791,77.861,1069.350,0.289
1823,11/11/25 03:40:53 AM,3.34,5.01,318.7,4.118,77.012,1069.350,0.455
1824,11/11/25 03:50:53 AM,3.34,5.34,324.3,4.137,76.617,1069.350,0.403
1825,11/11/25 04:00:53 AM,3.34,4.68,327.1,4.716,74.438,1069.350,0.565
1826,11/11/25 04:10:53 AM,3.67,4.68,325.7,4.606,74.310,1069.350,0.435
1827,11/11/25 04:20:53 AM,4.01,5.34,322.9,4.274,75.175,1069.350,0.273
1828,11/11/25 04:30:53 AM,3.67,5.34,320.1,4.142,75.740,1069.350,0.248
1829,11/11/25 04:40:53 AM,2.00,3.67,307.5,4.258,75.766,1069.350,0.366
1830,11/11/25 04:50:53 AM,0.33,1.67,50.5,2.437,79.553,1069.350,-0.735
1831,11/11/25 05:00:53 AM,0.67,1.67,87.0,0.654,86.195,1069.350,-1.388
1832,11/11/25 05:10:53 AM,0.33,1.00,80.0,1.027,87.393,1069.350,-0.833
1833,11/11/25 05:20:53 AM,0.67,3.01,98.3,2.140,84.233,1069.350,-0.242
1834,11/11/25 05:30:53 AM,1.34,2.67,275.2,3.625,78.636,1069.350,0.264
1835,11/11/25 05:40:53 AM,2.34,4.01,299.0,3.303,80.153,1069.350,0.213
1836,11/11/25 05:50:53 AM,1.67,4.01,283.6,3.354,79.467,1069.350,0.145
1837,11/11/25 06:00:53 AM,2.34,3.67,272.4,3.421,79.747,1069.350,0.258
1838,11/11/25 06:10:53 AM,2.00,2.67,279.4,3.419,79.863,1069.350,0.276
1839,11/11/25 06:20:53 AM,2.00,3.34,287.8,3.593,79.416,1069.350,0.369
1840,11/11/25 06:30:53 AM,2.67,4.01,296.2,3.890,78.230,1069.350,0.450
1841,11/11/25 06:40:53 AM,2.34,4.01,278.0,3.421,79.289,1069.350,0.179
1842,11/11/25 06:50:53 AM,2.34,3.67,266.7,3.574,79.059,1069.350,0.288
1843,11/11/25 07:00:53 AM,2.00,3.34,265.3,3.751,78.161,1069.350,0.303
1844,11/11/25 07:10:53 AM,1.67,2.67,280.8,4.014,77.513,1069.350,0.444
1845,11/11/25 07:20:53 AM,2.00,4.01,310.3,3.826,77.862,1069.350,0.323
1846,11/11/25 07:30:53 AM,1.34,3.34,275.2,4.175,77.122,1069.350,0.530
1847,11/11/25 07:40:53 AM,1.34,3.01,276.6,4.486,76.017,1069.350,0.633
1848,11/11/25 07:50:53 AM,1.67,3.67,290.6,4.116,77.055,1069.350,0.461
1849,11/11/25 08:00:53 AM,1.67,3.67,268.1,3.821,77.586,1069.350,0.269
1850,11/11/25 08:10:53 AM,1.00,2.67,278.0,3.169,79.602,1069.350,-0.013
1851,11/11/25 08:20:53 AM,1.00,3.01,252.7,1.947,83.261,1069.350,-0.591
1852,11/11/25 08:30:53 AM,2.00,3.34,297.6,2.496,82.211,1069.350,-0.227
1853,11/11/25 08:40:53 AM,1.67,2.67,299.0,3.445,79.319,1069.350,0.208
1854,11/11/25 08:50:53 AM,2.00,3.01,297.6,3.392,78.999,1069.350,0.100
1855,11/11/25 09:00:53 AM,2.00,3.34,294.8,3.662,78.581,1069.350,0.290
1856,11/11/25 09:10:53 AM,0.33,1.67,299.0,4.523,75.712,1069.350,0.613
1857,11/11/25 09:20:53 AM,0.67,2.00,310.3,5.577,72.905,1069.350,1.109
1858,11/11/25 09:30:53 AM,0.67,2.67,289.2,6.252,71.341,1069.350,1.457
1859,11/11/25 09:40:53 AM,1.00,2.67,266.7,7.043,69.410,1069.350,1.835
1860,11/11/25 09:50:53 AM,0.67,1.34,172.7,5.609,73.817,1069.350,1.312
1861,11/11/25 10:00:53 AM,0.00,0.67,168.5,8.276,66.894,1069.350,2.497
1862,11/11/25 10:10:53 AM,0.00,0.00,168.5,9.628,63.964,1069.350,3.154
1863,11/11/25 10:20:53 AM,0.33,1.67,258.3,10.411,61.057,1069.350,3.238
1864,11/11/25 10:30:53 AM,1.34,2.67,299.0,10.518,60.194,1069.350,3.138
1865,11/11/25 10:40:53 AM,1.34,2.67,290.6,11.365,58.831,1069.350,3.611
1866,11/11/25 10:50:53 AM,2.00,3.01,290.6,11.848,57.670,1069.350,3.781
1867,11/11/25 11:00:53 AM,2.00,4.01,294.8,12.201,57.389,1069.350,4.043
1868,11/11/25 11:10:53 AM,2.67,4.01,287.8,12.601,56.573,1069.350,4.213
1869,11/11/25 11:20:53 AM,2.67,4.34,286.4,13.041,55.473,1069.350,4.344
1870,11/11/25 11:30:53 AM,3.34,5.01,273.8,13.309,54.093,1069.350,4.235
1871,11/11/25 11:40:53 AM,3.01,5.01,263.9,13.794,52.973,1069.350,4.387
1872,11/11/25 11:50:53 AM,3.01,4.68,254.1,14.175,51.809,1069.350,4.423
1873,11/11/25 12:00:53 PM,3.01,5.01,256.9,14.411,51.203,1069.350,4.473
1874,11/11/25 12:10:53 PM,3.34,5.34,244.3,14.381,51.228,1069.350,4.452
1875,11/11/25 12:20:53 PM,3.67,5.34,245.7,14.555,50.661,1069.350,4.454
1876,11/11/25 12:30:53 PM,3.01,4.68,261.1,14.687,50.675,1069.350,4.580
1877,11/11/25 12:40:53 PM,3.01,5.01,263.9,14.601,50.544,1069.350,4.463
1878,11/11/25 12:50:53 PM,3.01,6.01,265.3,15.027,49.671,1069.350,4.607
1879,11/11/25 01:00:53 PM,3.01,4.68,282.2,14.821,49.297,1069.350,4.309
1880,11/11/25 01:10:53 PM,2.67,5.01,276.6,15.301,47.941,1069.350,4.352
1881,11/11/25 01:20:53 PM,3.01,5.01,249.9,15.448,47.912,1069.350,4.478
1882,11/11/25 01:30:53 PM,3.34,5.01,259.7,15.247,48.130,1069.350,4.359
1883,11/11/25 01:40:53 PM,3.34,6.01,248.5,15.504,48.042,1069.350,4.568
1884,11/11/25 01:50:53 PM,3.01,5.68,261.1,15.499,47.596,1069.350,4.430
1885,11/11/25 02:00:53 PM,2.67,4.68,275.2,15.743,46.108,1069.350,4.200
1886,11/11/25 02:10:53 PM,3.34,4.68,241.5,15.815,42.313,1069.350,3.047
1887,11/11/25 02:20:53 PM,3.01,5.01,252.7,16.073,40.836,1069.350,2.778
1888,11/11/25 02:30:53 PM,3.34,6.01,272.4,15.740,39.257,1069.350,1.926
1889,11/11/25 02:40:53 PM,3.34,5.34,279.4,16.094,38.408,1069.350,1.937
1890,11/11/25 02:50:53 PM,3.67,5.68,268.1,16.075,37.205,1069.350,1.476
1891,11/11/25 03:00:53 PM,3.34,6.01,265.3,15.944,38.325,1069.350,1.773
1892,11/11/25 03:10:53 PM,3.34,5.68,265.3,16.126,38.653,1069.350,2.054
1893,11/11/25 03:20:53 PM,3.01,5.01,282.2,16.033,39.055,1069.350,2.116
1894,11/11/25 03:30:53 PM,3.01,5.68,263.9,16.008,39.599,1069.350,2.288
1895,11/11/25 03:40:53 PM,3.01,5.68,258.3,16.395,39.315,1069.350,2.533
1896,11/11/25 03:50:53 PM,2.67,4.34,259.7,16.341,39.408,1069.350,2.518
1897,11/11/25 04:00:53 PM,3.01,5.01,268.1,16.084,40.233,1069.350,2.579
1898,11/11/25 04:10:53 PM,3.01,5.01,280.8,15.655,41.369,1069.350,2.585
1899,11/11/25 04:20:53 PM,3.01,4.68,273.8,14.853,43.450,1069.350,2.550
1900,11/11/25 04:30:53 PM,2.67,4.34,282.2,15.236,43.404,1069.350,2.882
1901,11/11/25 04:40:53 PM,3.01,4.68,282.2,15.094,43.565,1069.350,2.806
1902,11/11/25 04:50:53 PM,2.67,5.01,282.2,14.885,44.211,1069.350,2.824
1903,11/11/25 05:00:53 PM,3.01,4.34,294.8,14.856,44.605,1069.350,2.923
1904,11/11/25 05:10:53 PM,2.67,4.01,283.6,14.660,45.187,1069.350,2.927
1905,11/11/25 05:20:53 PM,2.34,3.34,283.6,13.904,47.308,1069.350,2.884
1906,11/11/25 05:30:53 PM,1.67,2.67,280.8,13.435,48.899,1069.350,2.920
1907,11/11/25 05:40:53 PM,1.34,2.00,272.4,12.362,51.647,1069.350,2.700
1908,11/11/25 05:50:53 PM,1.00,1.67,292.0,11.301,54.330,1069.350,2.427
1909,11/11/25 06:00:53 PM,1.00,1.67,265.3,10.145,57.517,1069.350,2.147
1910,11/11/25 06:10:53 PM,1.34,2.00,258.3,9.869,58.105,1069.350,2.030
1911,11/11/25 06:20:53 PM,1.34,2.34,280.8,9.317,59.889,1069.350,1.934
1912,11/11/25 06:30:53 PM,1.67,2.34,279.4,8.234,63.462,1069.350,1.720
1913,11/11/25 06:40:53 PM,1.34,2.34,269.6,8.217,63.137,1069.350,1.632
1914,11/11/25 06:50:53 PM,2.00,2.67,273.8,6.941,66.642,1069.350,1.170
1915,11/11/25 07:00:53 PM,1.34,2.34,275.2,7.614,64.912,1069.350,1.445
1916,11/11/25 07:10:53 PM,0.33,1.34,139.0,6.303,68.527,1069.350,0.947
1917,11/11/25 07:20:53 PM,0.00,0.00,130.6,5.228,72.058,1069.350,0.610
1918,11/11/25 07:30:53 PM,0.67,1.67,256.9,4.663,74.047,1069.350,0.441
1919,11/11/25 07:40:53 PM,1.34,2.00,294.8,4.898,73.977,1069.350,0.655
1920,11/11/25 07:50:53 PM,1.34,2.00,314.5,5.810,71.244,1069.350,1.013
1921,11/11/25 08:00:53 PM,1.00,2.00,271.0,6.193,70.137,1069.350,1.164
1922,11/11/25 08:10:53 PM,1.34,1.67,293.4,5.049,73.977,1069.350,0.801
1923,11/11/25 08:20:53 PM,1.34,2.00,301.8,5.494,72.744,1069.350,0.998
1924,11/11/25 08:30:53 PM,1.67,2.34,286.4,5.362,72.491,1069.350,0.822
1925,11/11/25 08:40:53 PM,2.00,2.34,287.8,4.968,73.924,1069.350,0.713
1926,11/11/25 08:50:53 PM,2.00,3.01,301.8,5.234,73.716,1069.350,0.931
1927,11/11/25 09:00:53 PM,2.00,3.34,294.8,5.335,73.306,1069.350,0.951
1928,11/11/25 09:10:53 PM,1.67,2.67,294.8,5.537,72.674,1069.350,1.026
1929,11/11/25 09:20:53 PM,1.00,2.67,290.6,5.606,72.323,1069.350,1.025
1930,11/11/25 09:30:53 PM,0.00,1.00,292.0,4.906,74.360,1069.350,0.734
1931,11/11/25 09:40:53 PM,0.00,1.34,303.2,4.697,75.550,1069.350,0.752
1932,11/11/25 09:50:53 PM,1.34,2.67,289.2,4.654,75.456,1069.350,0.693
1933,11/11/25 10:00:53 PM,1.67,3.01,294.8,4.250,76.873,1069.350,0.558
1934,11/11/25 10:10:53 PM,1.34,2.67,287.8,4.094,77.206,1069.350,0.467
1935,11/11/25 10:20:53 PM,1.67,3.01,297.6,4.024,77.636,1069.350,0.475
1936,11/11/25 10:30:53 PM,1.67,2.67,293.4,3.721,78.322,1069.350,0.302
1937,11/11/25 10:40:53 PM,1.00,2.00,299.0,3.789,77.894,1069.350,0.293
1938,11/11/25 10:50:53 PM,1.34,2.00,296.2,3.834,77.621,1069.350,0.288
1939,11/11/25 11:00:53 PM,1.00,1.67,292.0,3.933,77.374,1069.350,0.340
1940,11/11/25 11:10:53 PM,0.33,1.34,321.5,3.528,78.230,1069.350,0.098
1941,11/11/25 11:20:53 PM,1.00,1.67,300.4,3.480,78.375,1069.350,0.077
1942,11/11/25 11:30:53 PM,1.00,1.34,289.2,3.338,78.418,1069.350,-0.054
1943,11/11/25 11:40:53 PM,1.00,1.67,335.5,3.097,79.190,1069.350,-0.154
1944,11/11/25 11:50:53 PM,0.67,1.67,338.3,2.719,80.066,1069.350,-0.372
1945,11/12/25 12:00:53 AM,0.67,1.34,321.5,3.156,78.532,1069.350,-0.211
1946,11/12/25 12:10:53 AM,0.00,0.67,317.3,3.236,78.143,1069.350,-0.202
1947,11/12/25 12:20:53 AM,0.00,0.67,317.3,3.309,78.108,1069.350,-0.137
1948,11/12/25 12:30:53 AM,0.67,1.34,261.1,2.697,79.702,1069.350,-0.456
1949,11/12/25 12:40:53 AM,1.34,2.00,296.2,1.982,82.675,1069.350,-0.653
1950,11/12/25 12:50:53 AM,1.34,1.67,297.6,2.815,79.841,1069.350,-0.317
1951,11/12/25 01:00:53 AM,1.00,1.34,310.3,2.606,80.246,1069.350,-0.451
1952,11/12/25 01:10:53 AM,0.33,1.34,329.9,2.378,80.439,1069.350,-0.641
1953,11/12/25 01:20:53 AM,0.00,0.00,331.3,2.335,80.145,1069.350,-0.733
1954,11/12/25 01:30:53 AM,0.00,0.00,331.3,1.829,82.663,1069.350,-0.805
1955,11/12/25 01:40:53 AM,0.00,0.00,331.3,1.906,82.664,1069.350,-0.729
1956,11/12/25 01:50:53 AM,0.00,0.00,331.3,2.099,81.601,1069.350,-0.717
1957,11/12/25 02:00:53 AM,0.00,0.00,331.3,1.955,81.173,1069.350,-0.930
1958,11/12/25 02:10:53 AM,0.00,0.00,331.3,0.818,83.572,1069.350,-1.647
1959,11/12/25 02:20:53 AM,0.00,0.00,331.3,0.175,87.167,1069.350,-1.708
1960,11/12/25 02:30:53 AM,0.00,0.00,331.3,0.754,85.286,1069.350,-1.434
1961,11/12/25 02:40:53 AM,0.00,0.00,322.9,1.258,83.421,1069.350,-1.240
1962,11/12/25 02:50:53 AM,0.33,1.34,283.6,0.188,86.145,1069.350,-1.855
1963,11/12/25 03:00:53 AM,0.00,1.00,282.2,-0.069,87.381,1069.350,-1.915
1964,11/12/25 03:10:53 AM,0.67,1.34,287.8,0.169,86.929,1069.350,-1.751
1965,11/12/25 03:20:53 AM,0.67,1.34,307.5,0.649,86.606,1069.350,-1.328
1966,11/12/25 03:30:53 AM,0.67,1.00,310.3,0.437,86.696,1069.350,-1.523
1967,11/12/25 03:40:53 AM,0.33,1.00,304.7,1.727,84.623,1069.350,-0.584
1968,11/12/25 03:50:53 AM,0.33,1.00,296.2,1.118,84.689,1069.350,-1.172
1969,11/12/25 04:00:53 AM,0.00,0.00,259.7,1.027,85.237,1069.350,-1.173
1970,11/12/25 04:10:53 AM,0.00,0.00,238.7,-0.024,86.941,1069.350,-1.939
1971,11/12/25 04:20:53 AM,0.33,1.00,263.9,-0.434,89.551,1069.350,-1.943
1972,11/12/25 04:30:53 AM,0.67,1.34,271.0,0.161,88.548,1069.350,-1.508
1973,11/12/25 04:40:53 AM,1.34,1.67,283.6,-0.734,89.393,1069.350,-2.264
1974,11/12/25 04:50:53 AM,1.00,1.67,289.2,-0.249,90.188,1069.350,-1.664
1975,11/12/25 05:00:53 AM,1.00,1.34,306.1,0.362,88.501,1069.350,-1.317
1976,11/12/25 05:10:53 AM,0.67,1.34,315.9,1.083,87.443,1069.350,-0.769
1977,11/12/25 05:20:53 AM,0.67,1.34,297.6,2.035,84.782,1069.350,-0.256
1978,11/12/25 05:30:53 AM,1.00,1.34,247.1,2.445,83.267,1069.350,-0.101
1979,11/12/25 05:40:53 AM,1.00,1.34,234.5,1.105,87.897,1069.350,-0.677
1980,11/12/25 05:50:53 AM,0.33,1.00,244.3,1.274,87.958,1069.350,-0.501
1981,11/12/25 06:00:53 AM,0.00,0.00,241.5,0.799,89.659,1069.350,-0.708
1982,11/12/25 06:10:53 AM,0.33,1.34,300.4,1.003,89.421,1069.350,-0.542
1983,11/12/25 06:20:53 AM,0.00,1.00,355.2,1.834,86.537,1069.350,-0.172
1984,11/12/25 06:30:53 AM,0.00,0.67,353.8,1.217,87.063,1069.350,-0.697
1985,11/12/25 06:40:53 AM,0.00,0.00,4.2,0.360,91.031,1069.350,-0.935
1986,11/12/25 06:50:53 AM,0.00,0.00,22.5,0.539,90.513,1069.350,-0.835
1987,11/12/25 07:00:53 AM,0.00,0.00,22.5,0.746,89.636,1069.350,-0.764
1988,11/12/25 07:10:53 AM,0.33,1.00,328.5,0.271,90.523,1069.350,-1.099
1989,11/12/25 07:20:53 AM,0.33,1.00,315.9,0.370,90.271,1069.350,-1.039
1990,11/12/25 07:30:53 AM,0.33,1.00,304.7,-0.324,90.799,1069.350,-1.647
1991,11/12/25 07:40:53 AM,0.67,1.34,304.7,0.051,90.416,1069.350,-1.333
1992,11/12/25 07:50:53 AM,0.33,1.00,303.2,0.362,88.664,1069.350,-1.292
1993,11/12/25 08:00:53 AM,0.00,0.00,303.2,0.636,88.298,1069.350,-1.078
1994,11/12/25 08:10:53 AM,0.00,0.00,269.6,0.051,88.400,1069.350,-1.640
1995,11/12/25 08:20:53 AM,0.00,0.00,262.5,-0.925,92.197,1069.350,-2.036
1996,11/12/25 08:30:53 AM,0.00,0.00,262.5,-0.362,91.745,1069.350,-1.544
1997,11/12/25 08:40:53 AM,0.00,0.00,265.3,0.247,90.010,1069.350,-1.200
1998,11/12/25 08:50:53 AM,0.00,0.00,287.8,-0.013,90.088,1069.350,-1.446
1999,11/12/25 09:00:53 AM,1.34,1.67,279.4,0.180,90.025,1069.350,-1.264
2000,11/12/25 09:10:53 AM,1.34,2.00,297.6,1.113,88.585,1069.350,-0.562
2001,11/12/25 09:20:53 AM,0.33,1.00,289.2,1.671,87.314,1069.350,-0.210
2002,11/12/25 09:30:53 AM,0.33,1.00,231.6,0.885,89.319,1069.350,-0.675
2003,11/12/25 09:40:53 AM,0.00,0.33,89.9,0.917,91.229,1069.350,-0.353
2004,11/12/25 09:50:53 AM,0.00,0.00,67.4,0.901,92.213,1069.350,-0.222
2005,11/12/25 10:00:53 AM,0.00,0.00,67.4,1.786,90.375,1069.350,0.378
2006,11/12/25 10:10:53 AM,0.00,0.00,67.4,3.145,85.087,1069.350,0.884
2007,11/12/25 10:20:53 AM,0.00,1.00,84.2,5.877,74.386,1069.350,1.678
2008,11/12/25 10:30:53 AM,0.33,1.00,165.7,6.697,69.699,1069.350,1.561
2009,11/12/25 10:40:53 AM,0.00,1.00,165.7,7.499,67.864,1069.350,1.957
2010,11/12/25 10:50:53 AM,0.33,1.34,127.8,8.432,65.843,1069.350,2.424
2011,11/12/25 11:00:53 AM,0.67,1.67,115.1,8.585,64.033,1069.350,2.178
2012,11/12/25 11:10:53 AM,1.00,1.67,134.8,8.673,63.896,1069.350,2.232
2013,11/12/25 11:20:53 AM,0.67,1.67,98.3,8.952,61.915,1069.350,2.055
2014,11/12/25 11:30:53 AM,0.67,1.67,102.5,9.606,59.443,1069.350,2.102
2015,11/12/25 11:40:53 AM,1.34,2.34,84.2,9.898,60.026,1069.350,2.514
2016,11/12/25 11:50:53 AM,1.67,3.34,112.3,9.510,61.668,1069.350,2.527
2017,11/12/25 12:00:53 PM,1.67,3.67,105.3,10.692,58.511,1069.350,2.901
2018,11/12/25 12:10:53 PM,2.00,3.67,98.3,10.840,57.415,1069.350,2.774
2019,11/12/25 12:20:53 PM,2.34,3.67,95.5,11.665,54.846,1069.350,2.900
2020,11/12/25 12:30:53 PM,2.34,4.01,99.7,11.998,53.457,1069.350,2.848
2021,11/12/25 12:40:53 PM,3.01,4.34,89.9,12.655,50.694,1069.350,2.709
2022,11/12/25 12:50:53 PM,3.01,4.68,88.4,13.153,50.195,1069.350,3.029
2023,11/12/25 01:00:53 PM,3.01,4.34,92.7,12.807,51.186,1069.350,2.986
2024,11/12/25 01:10:53 PM,3.01,4.34,101.1,12.746,51.667,1069.350,3.061
2025,11/12/25 01:20:53 PM,3.01,4.68,102.5,12.979,50.910,1069.350,3.068
2026,11/12/25 01:30:53 PM,3.01,4.34,91.3,13.159,50.776,1069.350,3.197
2027,11/12/25 01:40:53 PM,3.01,4.34,95.5,13.435,50.413,1069.350,3.351
2028,11/12/25 01:50:53 PM,2.67,4.01,96.9,13.885,49.815,1069.350,3.596
2029,11/12/25 02:00:53 PM,2.34,4.34,88.4,14.183,49.157,1069.350,3.682
2030,11/12/25 02:10:53 PM,2.67,4.01,91.3,14.547,48.081,1069.350,3.702
2031,11/12/25 02:20:53 PM,2.34,4.01,84.2,15.459,46.383,1069.350,4.026
2032,11/12/25 02:30:53 PM,2.67,4.68,91.3,15.837,45.389,1069.350,4.062
2033,11/12/25 02:40:53 PM,2.34,4.34,95.5,16.073,45.020,1069.350,4.160
2034,11/12/25 02:50:53 PM,2.34,4.34,108.1,15.746,45.185,1069.350,3.915
2035,11/12/25 03:00:53 PM,2.34,4.34,78.6,16.311,44.050,1069.350,4.066
2036,11/12/25 03:10:53 PM,2.67,4.34,80.0,15.880,44.851,1069.350,3.931
2037,11/12/25 03:20:53 PM,2.34,3.34,89.9,15.555,45.084,1069.350,3.709
2038,11/12/25 03:30:53 PM,2.34,4.01,85.6,15.467,45.295,1069.350,3.696
2039,11/12/25 03:40:53 PM,2.67,4.01,77.2,15.976,43.915,1069.350,3.719
2040,11/12/25 03:50:53 PM,2.34,3.67,74.4,15.759,43.983,1069.350,3.544
2041,11/12/25 04:00:53 PM,2.34,4.01,80.0,15.944,43.702,1069.350,3.621
2042,11/12/25 04:10:53 PM,3.01,4.34,80.0,15.984,43.488,1069.350,3.587
2043,11/12/25 04:20:53 PM,2.34,4.01,77.2,16.196,43.209,1069.350,3.688
2044,11/12/25 04:30:53 PM,2.67,4.68,61.8,15.708,44.067,1069.350,3.525
2045,11/12/25 04:40:53 PM,2.00,3.34,73.0,15.126,45.570,1069.350,3.471
2046,11/12/25 04:50:53 PM,1.67,3.01,73.0,15.151,45.902,1069.350,3.597
2047,11/12/25 05:00:53 PM,1.67,2.67,68.8,14.794,46.976,1069.350,3.598
2048,11/12/25 05:10:53 PM,1.67,3.34,94.1,14.421,48.188,1069.350,3.618
2049,11/12/25 05:20:53 PM,2.00,3.01,80.0,13.815,49.380,1069.350,3.408
2050,11/12/25 05:30:53 PM,1.67,2.00,80.0,13.148,51.325,1069.350,3.339
2051,11/12/25 05:40:53 PM,1.34,2.34,74.4,12.748,52.245,1069.350,3.220
2052,11/12/25 05:50:53 PM,1.00,1.67,56.2,11.923,54.476,1069.350,3.045
2053,11/12/25 06:00:53 PM,1.00,1.67,78.6,11.445,55.178,1069.350,2.780
2054,11/12/25 06:10:53 PM,1.00,3.01,98.3,10.861,57.273,1069.350,2.758
2055,11/12/25 06:20:53 PM,1.67,3.01,28.1,10.268,58.761,1069.350,2.563
2056,11/12/25 06:30:53 PM,2.00,4.01,39.3,9.668,60.073,1069.350,2.308
2057,11/12/25 06:40:53 PM,2.00,3.34,35.1,8.823,62.322,1069.350,2.025
2058,11/12/25 06:50:53 PM,3.01,4.01,21.1,9.156,61.231,1069.350,2.092
2059,11/12/25 07:00:53 PM,2.34,4.01,39.3,9.209,60.700,1069.350,2.020
2060,11/12/25 07:10:53 PM,0.67,3.01,157.2,7.976,64.350,1069.350,1.668
2061,11/12/25 07:20:53 PM,1.34,3.34,165.7,7.175,67.257,1069.350,1.521
2062,11/12/25 07:30:53 PM,0.33,1.34,160.0,6.335,69.770,1069.350,1.227
2063,11/12/25 07:40:53 PM,0.00,0.00,158.6,6.274,70.436,1069.350,1.301
2064,11/12/25 07:50:53 PM,0.00,0.00,158.6,6.451,69.686,1069.350,1.322
2065,11/12/25 08:00:53 PM,0.33,1.00,210.6,6.327,69.781,1069.350,1.222
2066,11/12/25 08:10:53 PM,0.00,0.00,216.2,6.392,69.691,1069.350,1.266
2067,11/12/25 08:20:53 PM,0.33,0.67,216.2,6.255,69.805,1069.350,1.157
2068,11/12/25 08:30:53 PM,0.67,1.00,224.6,5.754,70.988,1069.350,0.909
2069,11/12/25 08:40:53 PM,0.67,1.00,234.5,5.065,72.569,1069.350,0.551
2070,11/12/25 08:50:53 PM,0.00,0.33,234.5,5.268,72.992,1069.350,0.827
2071,11/12/25 09:00:53 PM,0.33,1.00,249.9,4.169,74.554,1069.350,0.057
2072,11/12/25 09:10:53 PM,0.33,0.67,272.4,4.201,76.312,1069.350,0.410
2073,11/12/25 09:20:53 PM,0.00,0.00,279.4,4.309,75.085,1069.350,0.291
2074,11/12/25 09:30:53 PM,0.67,1.34,289.2,4.169,76.283,1069.350,0.373
2075,11/12/25 09:40:53 PM,0.33,0.67,289.2,4.772,75.195,1069.350,0.759
2076,11/12/25 09:50:53 PM,0.00,0.00,289.2,4.542,75.648,1069.350,0.620
2077,11/12/25 10:00:53 PM,0.00,0.00,289.2,4.587,75.462,1069.350,0.629
2078,11/12/25 10:10:53 PM,0.00,0.00,317.3,4.231,77.127,1069.350,0.586
2079,11/12/25 10:20:53 PM,0.00,0.00,318.7,4.756,74.974,1069.350,0.703
2080,11/12/25 10:30:53 PM,0.00,0.00,318.7,3.893,77.377,1069.350,0.302
2081,11/12/25 10:40:53 PM,0.00,0.00,318.7,3.743,78.190,1069.350,0.300
2082,11/12/25 10:50:53 PM,0.00,0.00,355.2,3.998,77.556,1069.350,0.436
2083,11/12/25 11:00:53 PM,0.33,1.34,14.0,3.571,79.310,1069.350,0.329
2084,11/12/25 11:10:53 PM,0.00,0.00,22.5,3.520,79.442,1069.350,0.302
2085,11/12/25 11:20:53 PM,0.00,0.00,22.5,3.271,80.430,1069.350,0.230
2086,11/12/25 11:30:53 PM,0.00,0.00,22.5,3.287,80.728,1069.350,0.296
2087,11/12/25 11:40:53 PM,0.00,0.00,22.5,3.593,79.942,1069.350,0.460
2088,11/12/25 11:50:53 PM,0.00,0.00,22.5,3.721,79.251,1069.350,0.465
2089,11/13/25 12:00:53 AM,0.00,0.00,19.7,3.062,81.071,1069.350,0.135
2090,11/13/25 12:10:53 AM,0.00,0.00,16.8,3.451,80.000,1069.350,0.331
2091,11/13/25 12:20:53 AM,0.00,0.00,16.8,3.421,79.312,1069.350,0.183
2092,11/13/25 12:30:53 AM,0.00,0.00,16.8,2.818,80.845,1069.350,-0.142
2093,11/13/25 12:40:53 AM,0.67,1.00,4.2,2.558,81.311,1069.350,-0.317
2094,11/13/25 12:50:53 AM,0.67,1.00,339.7,1.898,83.342,1069.350,-0.625
2095,11/13/25 01:00:53 AM,0.67,1.00,346.8,3.024,80.310,1069.350,-0.032
2096,11/13/25 01:10:53 AM,1.00,1.34,349.6,2.051,81.672,1069.350,-0.752
2097,11/13/25 01:20:53 AM,1.00,2.00,331.3,1.614,83.882,1069.350,-0.816
2098,11/13/25 01:30:53 AM,1.00,1.34,329.9,1.802,84.063,1069.350,-0.602
2099,11/13/25 01:40:53 AM,0.67,1.00,336.9,2.427,81.988,1069.350,-0.332
2100,11/13/25 01:50:53 AM,0.67,1.67,322.9,1.957,82.434,1069.350,-0.717
2101,11/13/25 02:00:53 AM,0.67,1.67,287.8,1.019,85.502,1069.350,-1.139
2102,11/13/25 02:10:53 AM,0.33,1.00,292.0,1.279,84.823,1069.350,-0.992
2103,11/13/25 02:20:53 AM,1.00,1.34,292.0,0.579,86.374,1069.350,-1.434
2104,11/13/25 02:30:53 AM,1.00,1.34,292.0,0.732,86.607,1069.350,-1.247
2105,11/13/25 02:40:53 AM,1.67,2.00,282.2,0.019,87.541,1069.350,-1.804
2106,11/13/25 02:50:53 AM,1.67,2.00,282.2,-0.528,89.435,1069.350,-2.054
2107,11/13/25 03:00:53 AM,0.67,1.34,293.4,1.713,85.367,1069.350,-0.478
2108,11/13/25 03:10:53 AM,0.00,0.00,293.4,2.116,81.776,1069.350,-0.671
2109,11/13/25 03:20:53 AM,0.00,0.00,293.4,1.252,83.796,1069.350,-1.185
2110,11/13/25 03:30:53 AM,0.00,0.00,292.0,0.161,86.481,1069.350,-1.829
2111,11/13/25 03:40:53 AM,0.00,0.00,317.3,0.153,88.202,1069.350,-1.569
2112,11/13/25 03:50:53 AM,0.00,0.00,1.4,1.290,85.385,1069.350,-0.891
2113,11/13/25 04:00:53 AM,0.00,0.00,1.4,1.105,85.504,1069.350,-1.054
2114,11/13/25 04:10:53 AM,0.67,1.67,280.8,0.287,86.102,1069.350,-1.764
2115,11/13/25 04:20:53 AM,1.34,1.67,269.6,-0.887,90.069,1069.350,-2.314
2116,11/13/25 04:30:53 AM,0.67,1.34,278.0,-0.335,89.245,1069.350,-1.892
2117,11/13/25 04:40:53 AM,1.34,1.67,279.4,-1.295,89.842,1069.350,-2.751
2118,11/13/25 04:50:53 AM,1.00,1.34,282.2,-0.903,92.021,1069.350,-2.040
2119,11/13/25 05:00:53 AM,1.00,1.34,296.2,0.062,88.753,1069.350,-1.575
2120,11/13/25 05:10:53 AM,0.67,1.34,331.3,1.038,85.901,1069.350,-1.057
2121,11/13/25 05:20:53 AM,0.00,0.00,331.3,0.373,85.884,1069.350,-1.714
2122,11/13/25 05:30:53 AM,0.00,0.00,331.3,-1.439,90.451,1069.350,-2.803
2123,11/13/25 05:40:53 AM,0.00,0.00,331.3,-2.190,92.703,1069.350,-3.218
2124,11/13/25 05:50:53 AM,1.00,1.34,286.4,-1.842,92.526,1069.350,-2.898
2125,11/13/25 06:00:53 AM,0.67,1.00,290.6,-1.635,93.831,1069.350,-2.504
2126,11/13/25 06:10:53 AM,0.33,1.00,296.2,-0.517,91.075,1069.350,-1.797
2127,11/13/25 06:20:53 AM,0.00,0.67,318.7,-0.528,91.362,1069.350,-1.765
2128,11/13/25 06:30:53 AM,0.33,1.00,283.6,-1.480,90.170,1069.350,-2.885
2129,11/13/25 06:40:53 AM,1.00,1.34,287.8,-2.702,93.017,1069.350,-3.681
2130,11/13/25 06:50:53 AM,1.00,1.67,304.7,-2.608,94.656,1069.350,-3.354
2131,11/13/25 07:00:53 AM,1.34,2.00,336.9,-1.447,93.065,1069.350,-2.427
2132,11/13/25 07:10:53 AM,1.00,1.67,341.2,-0.689,91.220,1069.350,-1.946
2133,11/13/25 07:20:53 AM,0.33,1.34,327.1,-0.895,90.098,1069.350,-2.317
2134,11/13/25 07:30:53 AM,0.33,1.34,231.6,-2.466,93.634,1069.350,-3.358
2135,11/13/25 07:40:53 AM,0.00,0.67,231.6,-2.413,95.395,1069.350,-3.056
2136,11/13/25 07:50:53 AM,0.67,1.67,268.1,-2.729,95.085,1069.350,-3.414
2137,11/13/25 08:00:53 AM,1.00,1.67,338.3,-1.919,94.627,1069.350,-2.673
2138,11/13/25 08:10:53 AM,0.67,1.67,355.2,-0.539,90.571,1069.350,-1.894
2139,11/13/25 08:20:53 AM,0.00,0.33,254.1,-1.295,89.793,1069.350,-2.759
2140,11/13/25 08:30:53 AM,0.00,0.00,237.3,-1.708,92.413,1069.350,-2.781
2141,11/13/25 08:40:53 AM,0.00,0.00,237.3,-1.190,91.318,1069.350,-2.428
2142,11/13/25 08:50:53 AM,0.00,0.00,256.9,-0.989,89.879,1069.350,-2.443
2143,11/13/25 09:00:53 AM,0.00,0.00,325.7,-0.045,88.923,1069.350,-1.654
2144,11/13/25 09:10:53 AM,0.00,0.00,313.1,0.791,85.963,1069.350,-1.290
2145,11/13/25 09:20:53 AM,0.00,0.00,256.9,1.333,86.116,1069.350,-0.732
2146,11/13/25 09:30:53 AM,0.00,0.00,221.8,0.684,87.752,1069.350,-1.115
2147,11/13/25 09:40:53 AM,0.00,0.00,221.8,1.810,86.358,1069.350,-0.224
2148,11/13/25 09:50:53 AM,0.33,1.67,181.1,3.502,78.094,1069.350,0.049
2149,11/13/25 10:00:53 AM,1.34,2.34,110.9,3.319,78.518,1069.350,-0.055
2150,11/13/25 10:10:53 AM,1.00,1.67,133.4,3.290,78.923,1069.350,-0.012
2151,11/13/25 10:20:53 AM,0.33,1.00,112.3,4.440,76.001,1069.350,0.585
2152,11/13/25 10:30:53 AM,0.67,1.34,115.1,5.226,73.495,1069.350,0.882
2153,11/13/25 10:40:53 AM,0.67,2.34,144.6,5.293,74.763,1069.350,1.184
2154,11/13/25 10:50:53 AM,1.00,2.34,137.6,6.309,72.404,1069.350,1.719
2155,11/13/25 11:00:53 AM,1.34,2.34,105.3,6.936,69.691,1069.350,1.788
2156,11/13/25 11:10:53 AM,2.00,3.01,92.7,8.008,67.630,1069.350,2.395
2157,11/13/25 11:20:53 AM,2.00,3.01,112.3,8.866,65.914,1069.350,2.853
2158,11/13/25 11:30:53 AM,2.67,6.35,113.7,10.451,59.757,1069.350,2.972
2159,11/13/25 11:40:53 AM,4.34,6.68,89.9,11.386,54.652,1069.350,2.590
2160,11/13/25 11:50:53 AM,4.34,7.01,92.7,11.625,53.274,1069.350,2.453
2161,11/13/25 12:00:53 PM,4.68,6.68,95.5,12.772,49.876,1069.350,2.588
2162,11/13/25 12:10:53 PM,5.01,7.01,102.5,12.931,49.020,1069.350,2.491
2163,11/13/25 12:20:53 PM,5.01,7.01,98.3,13.325,47.996,1069.350,2.556
2164,11/13/25 12:30:53 PM,4.68,6.68,96.9,13.394,47.956,1069.350,2.608
2165,11/13/25 12:40:53 PM,4.01,6.35,91.3,14.086,46.667,1069.350,2.858
2166,11/13/25 12:50:53 PM,4.34,6.68,75.8,14.764,43.566,1069.350,2.507
2167,11/13/25 01:00:53 PM,4.34,6.68,80.0,15.199,41.860,1069.350,2.339
2168,11/13/25 01:10:53 PM,4.68,7.01,71.6,15.550,41.501,1069.350,2.535
2169,11/13/25 01:20:53 PM,4.68,7.35,70.2,15.239,41.666,1069.350,2.310
2170,11/13/25 01:30:53 PM,4.34,7.68,73.0,15.770,40.307,1069.350,2.323
2171,11/13/25 01:40:53 PM,4.01,6.68,70.2,14.890,41.625,1069.350,1.982
2172,11/13/25 01:50:53 PM,4.01,6.01,77.2,15.462,41.120,1069.350,2.326
2173,11/13/25 02:00:53 PM,4.34,6.68,78.6,16.185,39.858,1069.350,2.538
2174,11/13/25 02:10:53 PM,4.34,6.68,73.0,16.298,39.472,1069.350,2.502
2175,11/13/25 02:20:53 PM,4.68,6.68,73.0,16.882,38.225,1069.350,2.573
2176,11/13/25 02:30:53 PM,5.01,7.68,70.2,16.638,38.631,1069.350,2.504
2177,11/13/25 02:40:53 PM,4.68,7.01,66.0,16.695,38.509,1069.350,2.510
2178,11/13/25 02:50:53 PM,5.34,8.02,57.6,16.534,38.830,1069.350,2.483
2179,11/13/25 03:00:53 PM,5.01,8.02,66.0,16.483,38.705,1069.350,2.392
2180,11/13/25 03:10:53 PM,5.01,8.68,66.0,16.290,38.686,1069.350,2.213
2181,11/13/25 03:20:53 PM,4.68,7.35,68.8,16.159,38.724,1069.350,2.110
2182,11/13/25 03:30:53 PM,5.34,7.68,70.2,17.585,36.768,1069.350,2.652
2183,11/13/25 03:40:53 PM,5.34,9.02,68.8,16.732,37.916,1069.350,2.325
2184,11/13/25 03:50:53 PM,4.68,7.35,67.4,16.885,37.243,1069.350,2.210
2185,11/13/25 04:00:53 PM,4.34,6.68,70.2,16.982,36.550,1069.350,2.033
2186,11/13/25 04:10:53 PM,4.34,6.68,75.8,16.866,36.432,1069.350,1.885
2187,11/13/25 04:20:53 PM,3.34,5.34,81.4,15.681,38.735,1069.350,1.686
2188,11/13/25 04:30:53 PM,3.34,5.68,78.6,15.724,39.017,1069.350,1.826
2189,11/13/25 04:40:53 PM,3.34,5.01,80.0,15.912,38.341,1069.350,1.750
2190,11/13/25 04:50:53 PM,2.67,4.68,85.6,15.252,39.382,1069.350,1.533
2191,11/13/25 05:00:53 PM,2.34,4.01,92.7,14.738,41.216,1069.350,1.707
2192,11/13/25 05:10:53 PM,1.34,2.67,91.3,14.453,42.185,1069.350,1.774
2193,11/13/25 05:20:53 PM,2.67,5.34,71.6,14.121,43.798,1069.350,1.998
2194,11/13/25 05:30:53 PM,4.34,7.01,61.8,14.038,43.584,1069.350,1.855
2195,11/13/25 05:40:53 PM,3.67,6.35,64.6,13.671,44.068,1069.350,1.676
2196,11/13/25 05:50:53 PM,4.34,6.01,56.2,13.596,43.833,1069.350,1.533
2197,11/13/25 06:00:53 PM,4.01,5.68,51.9,13.443,44.097,1069.350,1.478
2198,11/13/25 06:10:53 PM,4.01,6.35,44.9,13.207,44.678,1069.350,1.446
2199,11/13/25 06:20:53 PM,3.67,5.68,42.1,13.003,44.999,1069.350,1.360
2200,11/13/25 06:30:53 PM,4.01,5.68,44.9,13.100,44.459,1069.350,1.280
2201,11/13/25 06:40:53 PM,2.67,5.01,64.6,12.944,44.938,1069.350,1.287
2202,11/13/25 06:50:53 PM,1.34,2.67,98.3,11.770,49.554,1069.350,1.574
2203,11/13/25 07:00:53 PM,1.34,2.67,116.5,10.679,53.454,1069.350,1.621
2204,11/13/25 07:10:53 PM,0.67,1.67,179.7,10.504,54.556,1069.350,1.743
2205,11/13/25 07:20:53 PM,1.00,1.67,301.8,10.416,54.701,1069.350,1.698
2206,11/13/25 07:30:53 PM,0.67,2.34,36.5,11.089,51.789,1069.350,1.560
2207,11/13/25 07:40:53 PM,1.67,3.67,44.9,10.901,53.368,1069.350,1.805
2208,11/13/25 07:50:53 PM,3.01,6.68,96.9,11.403,51.870,1069.350,1.873
2209,11/13/25 08:00:53 PM,0.67,1.34,193.7,11.000,53.542,1069.350,1.943
2210,11/13/25 08:10:53 PM,1.00,2.34,60.4,10.907,53.283,1069.350,1.788
2211,11/13/25 08:20:53 PM,1.00,2.00,57.6,10.775,53.608,1069.350,1.750
2212,11/13/25 08:30:53 PM,0.67,1.67,16.8,11.011,52.612,1069.350,1.708
2213,11/13/25 08:40:53 PM,1.34,3.34,271.0,11.534,51.307,1069.350,1.842
2214,11/13/25 08:50:53 PM,1.34,3.34,78.6,12.692,47.758,1069.350,1.906
2215,11/13/25 09:00:53 PM,1.67,3.34,35.1,12.049,52.009,1069.350,2.509
2216,11/13/25 09:10:53 PM,2.34,4.01,47.7,12.000,53.811,1069.350,2.943
2217,11/13/25 09:20:53 PM,2.00,3.67,33.7,12.094,52.973,1069.350,2.809
2218,11/13/25 09:30:53 PM,2.00,3.01,5.6,11.451,54.791,1069.350,2.686
2219,11/13/25 09:40:53 PM,1.67,3.67,77.2,10.783,57.855,1069.350,2.828
2220,11/13/25 09:50:53 PM,1.00,2.34,133.4,9.947,61.221,1069.350,2.837
2221,11/13/25 10:00:53 PM,0.33,1.00,134.8,9.762,61.602,1069.350,2.750
2222,11/13/25 10:10:53 PM,0.33,1.00,134.8,10.116,60.093,1069.350,2.735
2223,11/13/25 10:20:53 PM,0.33,1.67,130.6,9.679,61.462,1069.350,2.640
2224,11/13/25 10:30:53 PM,0.00,0.00,99.7,9.220,63.082,1069.350,2.571
2225,11/13/25 10:40:53 PM,0.33,1.34,108.1,9.094,63.586,1069.350,2.563
2226,11/13/25 10:50:53 PM,0.33,1.00,134.8,8.982,65.003,1069.350,2.767
2227,11/13/25 11:00:53 PM,0.33,1.00,148.8,8.882,65.525,1069.350,2.784
2228,11/13/25 11:10:53 PM,0.67,1.34,71.6,8.427,69.799,1069.350,3.241
2229,11/13/25 11:20:53 PM,0.33,1.67,293.4,7.976,72.888,1069.350,3.420
2230,11/13/25 11:30:53 PM,0.00,0.00,292.0,8.751,67.660,1069.350,3.112
2231,11/13/25 11:40:53 PM,0.00,0.00,307.5,8.644,69.126,1069.350,3.312
2232,11/13/25 11:50:53 PM,0.00,0.00,341.2,8.317,72.139,1069.350,3.603
2233,11/14/25 12:00:53 AM,0.00,1.00,327.1,8.177,73.733,1069.350,3.778
2234,11/14/25 12:10:53 AM,0.67,1.67,304.7,8.054,74.678,1069.350,3.840
2235,11/14/25 12:20:53 AM,0.00,0.00,5.6,7.936,73.994,1069.350,3.595
2236,11/14/25 12:30:53 AM,0.67,1.67,4.2,8.215,73.594,1069.350,3.788
2237,11/14/25 12:40:53 AM,0.67,1.34,230.2,7.665,77.693,1069.350,4.025
2238,11/14/25 12:50:53 AM,0.00,0.67,224.6,7.794,75.364,1069.350,3.718
2239,11/14/25 01:00:53 AM,0.33,1.34,102.5,8.306,71.609,1069.350,3.487
2240,11/14/25 01:10:53 AM,0.67,1.67,98.3,8.113,72.412,1069.350,3.459
2241,11/14/25 01:20:53 AM,0.67,1.67,223.2,7.601,75.274,1069.350,3.514
2242,11/14/25 01:30:53 AM,0.33,1.34,237.3,7.547,74.005,1069.350,3.221
2243,11/14/25 01:40:53 AM,0.00,1.00,113.7,7.601,73.913,1069.350,3.256
2244,11/14/25 01:50:53 AM,0.00,0.33,126.4,7.612,72.546,1069.350,3.003
2245,11/14/25 02:00:53 AM,0.33,1.34,231.6,7.853,71.170,1069.350,2.964
2246,11/14/25 02:10:53 AM,0.00,0.00,235.9,7.523,74.009,1069.350,3.199
2247,11/14/25 02:20:53 AM,0.00,0.00,290.6,7.223,74.965,1069.350,3.090
2248,11/14/25 02:30:53 AM,0.00,0.00,297.6,7.534,72.789,1069.350,2.975
2249,11/14/25 02:40:53 AM,0.00,0.00,317.3,7.518,72.946,1069.350,2.990
2250,11/14/25 02:50:53 AM,0.00,0.00,355.2,7.435,73.005,1069.350,2.921
2251,11/14/25 03:00:53 AM,0.00,0.00,325.7,7.443,73.326,1069.350,2.990
2252,11/14/25 03:10:53 AM,0.00,0.00,303.2,7.445,72.515,1069.350,2.836
2253,11/14/25 03:20:53 AM,0.00,0.00,303.2,7.534,71.955,1069.350,2.812
2254,11/14/25 03:30:53 AM,0.00,0.00,321.5,7.480,71.301,1069.350,2.631
2255,11/14/25 03:40:53 AM,0.00,0.00,338.3,6.845,73.333,1069.350,2.414
2256,11/14/25 03:50:53 AM,0.00,0.00,334.1,6.325,75.001,1069.350,2.227
2257,11/14/25 04:00:53 AM,0.00,0.00,325.7,5.724,77.528,1069.350,2.109
2258,11/14/25 04:10:53 AM,0.00,0.00,325.7,6.295,75.441,1069.350,2.280
2259,11/14/25 04:20:53 AM,0.00,0.00,303.2,5.882,77.696,1069.350,2.293
2260,11/14/25 04:30:53 AM,0.67,1.34,296.2,5.402,80.322,1069.350,2.291
2261,11/14/25 04:40:53 AM,0.33,1.00,294.8,6.365,76.262,1069.350,2.500
2262,11/14/25 04:50:53 AM,0.33,1.34,304.7,6.365,76.165,1069.350,2.482
2263,11/14/25 05:00:53 AM,1.00,2.00,311.7,5.974,76.721,1069.350,2.205
2264,11/14/25 05:10:53 AM,1.00,1.67,311.7,5.502,78.515,1069.350,2.070
2265,11/14/25 05:20:53 AM,0.67,1.34,320.1,5.963,77.841,1069.350,2.398
2266,11/14/25 05:30:53 AM,0.67,1.34,317.3,6.778,75.128,1069.350,2.690
2267,11/14/25 05:40:53 AM,1.00,1.34,303.2,6.512,76.954,1069.350,2.770
2268,11/14/25 05:50:53 AM,0.00,0.67,313.1,7.022,75.084,1069.350,2.918
2269,11/14/25 06:00:53 AM,0.33,1.34,283.6,6.695,77.131,1069.350,2.980
2270,11/14/25 06:10:53 AM,0.67,2.00,265.3,6.065,80.301,1069.350,2.935
2271,11/14/25 06:20:53 AM,1.00,2.34,269.6,6.226,80.224,1069.350,3.078
2272,11/14/25 06:30:53 AM,1.00,2.00,266.7,7.081,76.086,1069.350,3.162
2273,11/14/25 06:40:53 AM,1.00,2.34,273.8,6.697,78.340,1069.350,3.202
2274,11/14/25 06:50:53 AM,0.67,2.34,251.3,6.582,78.805,1069.350,3.173
2275,11/14/25 07:00:53 AM,1.00,2.34,286.4,6.491,80.700,1069.350,3.421
2276,11/14/25 07:10:53 AM,0.00,1.00,307.5,6.856,77.902,1069.350,3.277
2277,11/14/25 07:20:53 AM,1.34,4.01,294.8,6.764,77.331,1069.350,3.084
2278,11/14/25 07:30:53 AM,3.67,5.68,325.7,7.697,75.149,1069.350,3.583
2279,11/14/25 07:40:53 AM,4.34,6.35,328.5,8.027,74.752,1069.350,3.828
2280,11/14/25 07:50:53 AM,4.68,6.35,327.1,8.049,74.907,1069.350,3.878
2281,11/14/25 08:00:53 AM,3.67,5.34,322.9,8.327,74.282,1069.350,4.028
2282,11/14/25 08:10:53 AM,3.01,4.68,321.5,7.936,78.444,1069.350,4.426
2283,11/14/25 08:20:53 AM,1.67,3.01,285.0,7.129,84.971,1069.350,4.780
2284,11/14/25 08:30:53 AM,1.34,2.67,269.6,6.483,90.216,1069.350,5.002
2285,11/14/25 08:40:53 AM,1.67,3.34,231.6,6.400,91.029,1069.350,5.049
2286,11/14/25 08:50:53 AM,1.00,2.34,294.8,6.427,92.424,1069.350,5.294
2287,11/14/25 09:00:53 AM,0.67,1.00,269.6,6.188,94.585,1069.350,5.389
2288,11/14/25 09:10:53 AM,0.00,0.67,254.1,6.049,95.628,1069.350,5.408
2289,11/14/25 09:20:53 AM,0.00,1.00,216.2,5.831,96.184,1069.350,5.275
2290,11/14/25 09:30:53 AM,0.00,0.00,216.2,5.735,96.699,1069.350,5.256
2291,11/14/25 09:40:53 AM,0.00,0.00,324.3,5.692,97.681,1069.350,5.358
2292,11/14/25 09:50:53 AM,0.00,0.00,339.7,5.665,98.109,1069.350,5.394
2293,11/14/25 10:00:53 AM,0.00,0.00,339.7,5.692,98.396,1069.350,5.463
2294,11/14/25 10:10:53 AM,0.33,1.34,334.1,5.810,98.688,1069.350,5.624
2295,11/14/25 10:20:53 AM,0.33,1.67,329.9,6.059,98.436,1069.350,5.836
2296,11/14/25 10:30:53 AM,1.34,2.34,315.9,6.542,97.574,1069.350,6.191
2297,11/14/25 10:40:53 AM,0.67,1.34,266.7,6.920,96.596,1069.350,6.422
2298,11/14/25 10:50:53 AM,1.00,2.34,216.2,7.172,96.332,1069.350,6.634
2299,11/14/25 11:00:53 AM,0.67,1.67,199.4,7.212,97.815,1069.350,6.896
2300,11/14/25 11:10:53 AM,0.00,0.00,199.4,7.638,97.285,1069.350,7.242
2301,11/14/25 11:20:53 AM,0.67,2.00,283.6,7.933,96.773,1069.350,7.460
2302,11/14/25 11:30:53 AM,0.67,1.34,280.8,8.188,96.925,1069.350,7.737
2303,11/14/25 11:40:53 AM,0.00,1.34,289.2,8.563,97.157,1069.350,8.146
2304,11/14/25 11:50:53 AM,1.00,1.67,293.4,9.177,94.408,1069.350,8.335
2305,11/14/25 12:00:53 PM,1.67,3.01,303.2,10.024,90.494,1069.350,8.551
2306,11/14/25 12:10:53 PM,2.00,3.34,294.8,10.440,87.294,1069.350,8.430
2307,11/14/25 12:20:53 PM,2.34,4.01,282.2,11.547,83.610,1069.350,8.880
2308,11/14/25 12:30:53 PM,2.00,4.01,276.6,12.148,82.118,1069.350,9.202
2309,11/14/25 12:40:53 PM,2.67,4.01,268.1,12.193,79.628,1069.350,8.789
2310,11/14/25 12:50:53 PM,2.34,3.67,283.6,12.177,78.335,1069.350,8.532
2311,11/14/25 01:00:53 PM,2.67,5.01,272.4,12.748,74.517,1069.350,8.348
2312,11/14/25 01:10:53 PM,2.67,4.68,273.8,12.974,72.738,1069.350,8.210
2313,11/14/25 01:20:53 PM,3.01,5.34,272.4,12.858,71.067,1069.350,7.756
2314,11/14/25 01:30:53 PM,3.67,5.68,280.8,12.864,68.325,1069.350,7.186
2315,11/14/25 01:40:53 PM,4.01,6.01,278.0,12.941,66.227,1069.350,6.805
2316,11/14/25 01:50:53 PM,4.34,6.35,271.0,13.016,65.006,1069.350,6.605
2317,11/14/25 02:00:53 PM,3.67,6.01,272.4,13.480,63.168,1069.350,6.629
2318,11/14/25 02:10:53 PM,4.01,5.68,272.4,13.381,63.626,1069.350,6.640
2319,11/14/25 02:20:53 PM,4.01,7.35,276.6,13.403,63.037,1069.350,6.525
2320,11/14/25 02:30:53 PM,4.68,6.68,280.8,13.073,62.161,1069.350,6.010
2321,11/14/25 02:40:53 PM,5.01,7.35,271.0,13.260,62.135,1069.350,6.181
2322,11/14/25 02:50:53 PM,5.68,8.02,271.0,13.322,60.499,1069.350,5.853
2323,11/14/25 03:00:53 PM,5.01,7.35,272.4,13.376,60.194,1069.350,5.831
2324,11/14/25 03:10:53 PM,5.68,8.35,271.0,13.515,59.086,1069.350,5.694
2325,11/14/25 03:20:53 PM,5.34,8.68,268.1,13.456,58.613,1069.350,5.523
2326,11/14/25 03:30:53 PM,5.01,7.68,262.5,13.628,58.293,1069.350,5.605
2327,11/14/25 03:40:53 PM,5.34,8.35,266.7,13.638,58.785,1069.350,5.736
2328,11/14/25 03:50:53 PM,5.34,9.02,258.3,13.472,59.184,1069.350,5.677
2329,11/14/25 04:00:53 PM,5.34,8.02,263.9,13.520,59.420,1069.350,5.780
2330,11/14/25 04:10:53 PM,5.34,7.68,261.1,13.386,60.017,1069.350,5.798
2331,11/14/25 04:20:53 PM,4.68,8.35,266.7,13.502,60.310,1069.350,5.978
2332,11/14/25 04:30:53 PM,4.01,6.35,269.6,13.354,60.354,1069.350,5.849
2333,11/14/25 04:40:53 PM,4.01,6.01,273.8,13.322,61.579,1069.350,6.109
2334,11/14/25 04:50:53 PM,4.01,6.68,279.4,13.279,61.106,1069.350,5.957
2335,11/14/25 05:00:53 PM,4.01,7.01,283.6,13.038,61.740,1069.350,5.879
2336,11/14/25 05:10:53 PM,4.01,5.34,272.4,13.011,61.865,1069.350,5.883
2337,11/14/25 05:20:53 PM,4.34,6.35,279.4,12.727,62.196,1069.350,5.691
2338,11/14/25 05:30:53 PM,4.01,6.35,282.2,12.480,62.889,1069.350,5.617
2339,11/14/25 05:40:53 PM,4.01,6.01,279.4,12.169,63.568,1069.350,5.477
2340,11/14/25 05:50:53 PM,3.01,4.68,273.8,11.748,65.454,1069.350,5.498
2341,11/14/25 06:00:53 PM,2.67,4.01,287.8,11.108,67.993,1069.350,5.436
2342,11/14/25 06:10:53 PM,3.01,4.68,297.6,10.067,71.376,1069.350,5.136
2343,11/14/25 06:20:53 PM,2.67,3.67,293.4,9.309,73.779,1069.350,4.880
2344,11/14/25 06:30:53 PM,3.01,4.34,300.4,8.976,74.800,1069.350,4.755
2345,11/14/25 06:40:53 PM,2.67,4.01,296.2,8.823,75.067,1069.350,4.658
2346,11/14/25 06:50:53 PM,2.00,2.67,299.0,8.252,76.555,1069.350,4.385
2347,11/14/25 07:00:53 PM,1.67,3.34,300.4,7.402,78.335,1069.350,3.887
2348,11/14/25 07:10:53 PM,1.34,1.67,279.4,6.689,80.438,1069.350,3.568
2349,11/14/25 07:20:53 PM,0.67,1.34,285.0,6.604,80.632,1069.350,3.519
2350,11/14/25 07:30:53 PM,1.34,2.00,271.0,5.563,84.062,1069.350,3.090
2351,11/14/25 07:40:53 PM,1.67,2.67,290.6,6.349,81.831,1069.350,3.479
2352,11/14/25 07:50:53 PM,1.67,2.67,296.2,6.180,82.037,1069.350,3.349
2353,11/14/25 08:00:53 PM,1.67,2.34,294.8,5.577,83.864,1069.350,3.070
2354,11/14/25 08:10:53 PM,1.34,2.34,283.6,5.523,85.013,1069.350,3.209
2355,11/14/25 08:20:53 PM,1.67,2.34,273.8,4.901,87.428,1069.350,2.993
2356,11/14/25 08:30:53 PM,1.34,2.00,286.4,4.555,88.725,1069.350,2.859
2357,11/14/25 08:40:53 PM,1.34,1.67,286.4,4.475,89.067,1069.350,2.834
2358,11/14/25 08:50:53 PM,1.00,1.34,282.2,4.764,88.771,1069.350,3.073
2359,11/14/25 09:00:53 PM,0.67,1.34,285.0,4.955,88.318,1069.350,3.189
2360,11/14/25 09:10:53 PM,0.67,1.00,278.0,4.925,88.562,1069.350,3.198
2361,11/14/25 09:20:53 PM,0.00,0.67,271.0,4.818,89.731,1069.350,3.278
2362,11/14/25 09:30:53 PM,1.00,1.67,258.3,4.936,88.663,1069.350,3.225
2363,11/14/25 09:40:53 PM,1.34,2.00,240.1,4.893,87.532,1069.350,3.002
2364,11/14/25 09:50:53 PM,1.00,1.67,244.3,4.330,88.246,1069.350,2.561
2365,11/14/25 10:00:53 PM,1.34,1.67,287.8,4.193,88.411,1069.350,2.452
2366,11/14/25 10:10:53 PM,1.34,2.00,313.1,4.298,87.654,1069.350,2.435
2367,11/14/25 10:20:53 PM,1.00,2.00,310.3,4.335,87.437,1069.350,2.436
2368,11/14/25 10:30:53 PM,1.34,1.67,301.8,4.394,87.727,1069.350,2.541
2369,11/14/25 10:40:53 PM,1.34,1.67,296.2,4.499,86.485,1069.350,2.444
2370,11/14/25 10:50:53 PM,1.34,2.00,301.8,4.271,86.497,1069.350,2.221
2371,11/14/25 11:00:53 PM,1.67,2.34,313.1,3.413,88.388,1069.350,1.678
2372,11/14/25 11:10:53 PM,1.34,2.00,307.5,3.183,90.063,1069.350,1.713
2373,11/14/25 11:20:53 PM,1.67,2.00,306.1,3.365,88.907,1069.350,1.712
2374,11/14/25 11:30:53 PM,1.34,1.67,299.0,3.687,87.553,1069.350,1.816
2375,11/14/25 11:40:53 PM,1.34,2.00,310.3,3.587,87.834,1069.350,1.762
2376,11/14/25 11:50:53 PM,1.34,1.67,310.3,3.577,88.000,1069.350,1.778
2377,11/15/25 12:00:53 AM,1.34,2.00,306.1,3.713,87.303,1069.350,1.801
2378,11/15/25 12:10:53 AM,1.34,1.67,300.4,3.990,84.472,1069.350,1.614
2379,11/15/25 12:20:53 AM,1.34,2.00,296.2,3.478,85.704,1069.350,1.312
2380,11/15/25 12:30:53 AM,2.00,2.34,294.8,2.681,86.883,1069.350,0.717
2381,11/15/25 12:40:53 AM,1.34,1.67,301.8,2.939,87.187,1069.350,1.020
2382,11/15/25 12:50:53 AM,1.34,1.67,296.2,2.990,86.204,1069.350,0.913
2383,11/15/25 01:00:53 AM,1.00,1.67,278.0,3.258,84.988,1069.350,0.979
2384,11/15/25 01:10:53 AM,1.67,2.34,247.1,3.062,85.255,1069.350,0.830
2385,11/15/25 01:20:53 AM,1.67,2.34,303.2,2.786,85.626,1069.350,0.619
2386,11/15/25 01:30:53 AM,2.00,3.34,313.1,2.909,87.088,1069.350,0.975
2387,11/15/25 01:40:53 AM,1.67,3.34,290.6,2.893,86.265,1069.350,0.827
2388,11/15/25 01:50:53 AM,1.00,2.00,231.6,1.762,88.855,1069.350,0.121
2389,11/15/25 02:00:53 AM,1.67,2.34,241.5,1.928,88.931,1069.350,0.296
2390,11/15/25 02:10:53 AM,1.34,2.00,272.4,1.338,90.561,1069.350,-0.037
2391,11/15/25 02:20:53 AM,1.67,2.00,303.2,1.542,91.165,1069.350,0.257
2392,11/15/25 02:30:53 AM,1.34,2.00,310.3,2.813,87.254,1069.350,0.906
2393,11/15/25 02:40:53 AM,1.34,2.34,286.4,3.486,84.488,1069.350,1.121
2394,11/15/25 02:50:53 AM,2.00,3.01,244.3,2.936,85.776,1069.350,0.791
2395,11/15/25 03:00:53 AM,1.67,2.34,261.1,2.343,87.755,1069.350,0.522
2396,11/15/25 03:10:53 AM,1.67,2.00,286.4,1.831,89.100,1069.350,0.227
2397,11/15/25 03:20:53 AM,2.00,3.01,289.2,2.078,88.682,1069.350,0.406
2398,11/15/25 03:30:53 AM,1.67,3.01,290.6,2.499,87.295,1069.350,0.603
2399,11/15/25 03:40:53 AM,1.34,2.67,280.8,2.429,87.080,1069.350,0.500
2400,11/15/25 03:50:53 AM,1.00,2.67,311.7,2.486,86.801,1069.350,0.512
2401,11/15/25 04:00:53 AM,1.00,2.34,313.1,2.121,87.440,1069.350,0.254
2402,11/15/25 04:10:53 AM,1.00,2.00,278.0,1.743,88.254,1069.350,0.008
2403,11/15/25 04:20:53 AM,1.34,2.00,248.5,2.215,86.299,1069.350,0.165
2404,11/15/25 04:30:53 AM,1.34,2.34,252.7,2.121,86.011,1069.350,0.027
2405,11/15/25 04:40:53 AM,1.00,2.34,233.1,1.987,86.361,1069.350,-0.049
2406,11/15/25 04:50:53 AM,2.00,3.34,240.1,1.116,90.301,1069.350,-0.296
2407,11/15/25 05:00:53 AM,2.00,3.34,255.5,1.628,88.637,1069.350,-0.046
2408,11/15/25 05:10:53 AM,1.67,2.34,285.0,0.477,91.705,1069.350,-0.718
2409,11/15/25 05:20:53 AM,1.67,2.00,286.4,1.008,90.311,1069.350,-0.402
2410,11/15/25 05:30:53 AM,2.00,2.67,263.9,0.590,90.265,1069.350,-0.822
2411,11/15/25 05:40:53 AM,2.00,2.67,287.8,0.191,93.019,1069.350,-0.807
2412,11/15/25 05:50:53 AM,1.34,2.00,296.2,1.475,90.341,1069.350,0.065
2413,11/15/25 06:00:53 AM,1.34,2.00,275.2,1.730,88.054,1069.350,-0.036
2414,11/15/25 06:10:53 AM,1.67,2.00,271.0,0.869,90.809,1069.350,-0.464
2415,11/15/25 06:20:53 AM,1.34,1.67,286.4,0.815,90.756,1069.350,-0.525
2416,11/15/25 06:30:53 AM,1.67,2.34,283.6,0.770,91.086,1069.350,-0.520
2417,11/15/25 06:40:53 AM,2.00,2.34,287.8,0.823,90.677,1069.350,-0.529
2418,11/15/25 06:50:53 AM,2.00,2.67,286.4,1.268,88.681,1069.350,-0.394
2419,11/15/25 07:00:53 AM,2.00,2.67,276.6,1.137,88.528,1069.350,-0.547
2420,11/15/25 07:10:53 AM,2.00,2.67,265.3,1.175,87.828,1069.350,-0.619
2421,11/15/25 07:20:53 AM,2.34,3.01,285.0,0.620,88.733,1069.350,-1.026
2422,11/15/25 07:30:53 AM,2.34,3.01,286.4,1.086,87.982,1069.350,-0.682
2423,11/15/25 07:40:53 AM,1.34,2.34,287.8,1.338,87.343,1069.350,-0.534
2424,11/15/25 07:50:53 AM,2.00,3.67,255.5,1.330,86.773,1069.350,-0.631
2425,11/15/25 08:00:53 AM,2.00,3.01,282.2,1.499,84.868,1069.350,-0.769
2426,11/15/25 08:10:53 AM,2.67,4.01,287.8,0.550,87.654,1069.350,-1.262
2427,11/15/25 08:20:53 AM,2.67,4.01,286.4,1.006,85.670,1069.350,-1.125
2428,11/15/25 08:30:53 AM,2.34,4.01,266.7,0.738,85.447,1069.350,-1.424
2429,11/15/25 08:40:53 AM,2.00,3.01,261.1,0.853,85.104,1069.350,-1.366
2430,11/15/25 08:50:53 AM,1.67,3.01,271.0,1.327,82.983,1069.350,-1.244
2431,11/15/25 09:00:53 AM,1.67,3.01,258.3,1.488,83.163,1069.350,-1.057
2432,11/15/25 09:10:53 AM,1.34,3.01,240.1,2.563,79.680,1069.350,-0.590
2433,11/15/25 09:20:53 AM,0.67,1.67,207.8,3.156,79.394,1069.350,-0.061
2434,11/15/25 09:30:53 AM,1.34,2.00,210.6,3.303,80.615,1069.350,0.293
2435,11/15/25 09:40:53 AM,1.34,2.00,241.5,3.716,80.095,1069.350,0.606
2436,11/15/25 09:50:53 AM,1.00,2.00,266.7,4.652,77.763,1069.350,1.109
2437,11/15/25 10:00:53 AM,1.00,1.67,290.6,5.448,76.303,1069.350,1.618
2438,11/15/25 10:10:53 AM,1.34,2.34,283.6,6.933,72.656,1069.350,2.369
2439,11/15/25 10:20:53 AM,1.67,2.67,265.3,8.802,63.497,1069.350,2.266
2440,11/15/25 10:30:53 AM,2.00,2.67,272.4,9.435,57.807,1069.350,1.551
2441,11/15/25 10:40:53 AM,1.67,2.67,273.8,9.893,55.900,1069.350,1.512
2442,11/15/25 10:50:53 AM,1.67,2.67,242.9,10.606,53.866,1069.350,1.660
2443,11/15/25 11:00:53 AM,1.67,3.01,256.9,10.786,54.743,1069.350,2.054
2444,11/15/25 11:10:53 AM,1.67,2.34,268.1,11.046,54.687,1069.350,2.282
2445,11/15/25 11:20:53 AM,1.00,2.34,282.2,11.646,51.778,1069.350,2.073
2446,11/15/25 11:30:53 AM,1.00,2.34,283.6,12.529,47.025,1069.350,1.541
2447,11/15/25 11:40:53 AM,1.67,3.34,293.4,12.459,46.914,1069.350,1.444
2448,11/15/25 11:50:53 AM,2.34,3.67,293.4,12.453,48.135,1069.350,1.797
2449,11/15/25 12:00:53 PM,2.34,3.67,293.4,12.555,47.648,1069.350,1.748
2450,11/15/25 12:10:53 PM,2.00,3.67,275.2,13.062,47.742,1069.350,2.241
2451,11/15/25 12:20:53 PM,2.00,4.34,285.0,13.360,47.053,1069.350,2.310
2452,11/15/25 12:30:53 PM,1.67,3.01,265.3,13.823,46.224,1069.350,2.483
2453,11/15/25 12:40:53 PM,2.34,4.01,226.0,13.625,45.780,1069.350,2.167
2454,11/15/25 12:50:53 PM,2.00,3.67,247.1,13.837,45.339,1069.350,2.225
2455,11/15/25 01:00:53 PM,1.34,3.01,210.6,14.092,45.432,1069.350,2.486
2456,11/15/25 01:10:53 PM,2.00,3.67,231.6,14.185,44.375,1069.350,2.240
2457,11/15/25 01:20:53 PM,2.34,3.67,214.8,14.231,43.523,1069.350,2.010
2458,11/15/25 01:30:53 PM,2.00,4.01,245.7,14.263,41.563,1069.350,1.396
2459,11/15/25 01:40:53 PM,2.00,3.67,258.3,14.306,41.300,1069.350,1.346
2460,11/15/25 01:50:53 PM,2.34,5.01,242.9,14.555,41.430,1069.350,1.614
2461,11/15/25 02:00:53 PM,2.00,4.34,283.6,14.882,39.603,1069.350,1.280
2462,11/15/25 02:10:53 PM,2.34,4.68,297.6,14.400,39.663,1069.350,0.869
2463,11/15/25 02:20:53 PM,2.34,5.01,318.7,14.657,39.913,1069.350,1.186
2464,11/15/25 02:30:53 PM,1.67,4.01,314.5,14.708,39.730,1069.350,1.168
2465,11/15/25 02:40:53 PM,2.00,4.01,278.0,14.974,38.343,1069.350,0.913
2466,11/15/25 02:50:53 PM,2.34,4.34,303.2,14.778,35.386,1069.350,-0.368
2467,11/15/25 03:00:53 PM,1.34,3.34,317.3,15.247,35.700,1069.350,0.168
2468,11/15/25 03:10:53 PM,1.67,2.67,311.7,15.298,35.894,1069.350,0.288
2469,11/15/25 03:20:53 PM,1.34,2.67,317.3,15.518,35.422,1069.350,0.300
2470,11/15/25 03:30:53 PM,1.34,2.67,303.2,15.872,35.297,1069.350,0.565
2471,11/15/25 03:40:53 PM,1.67,3.01,307.5,15.574,35.984,1069.350,0.567
2472,11/15/25 03:50:53 PM,1.00,2.00,336.9,15.668,35.810,1069.350,0.584
2473,11/15/25 04:00:53 PM,0.67,1.67,248.5,16.545,34.792,1069.350,0.960
2474,11/15/25 04:10:53 PM,1.00,2.34,233.1,16.226,35.312,1069.350,0.884
2475,11/15/25 04:20:53 PM,0.67,1.34,235.9,16.665,34.789,1069.350,1.064
2476,11/15/25 04:30:53 PM,1.00,2.34,203.6,16.636,35.827,1069.350,1.448
2477,11/15/25 04:40:53 PM,1.00,2.34,175.5,15.786,37.557,1069.350,1.349
2478,11/15/25 04:50:53 PM,1.34,2.34,167.1,15.057,39.779,1069.350,1.499
2479,11/15/25 05:00:53 PM,1.00,1.67,168.5,14.663,40.514,1069.350,1.400
2480,11/15/25 05:10:53 PM,1.67,3.01,178.3,13.799,48.045,1069.350,3.005
2481,11/15/25 05:20:53 PM,1.67,2.67,185.3,12.724,54.231,1069.350,3.727
2482,11/15/25 05:30:53 PM,1.00,1.67,183.9,12.285,56.817,1069.350,3.979
2483,11/15/25 05:40:53 PM,0.67,1.34,203.6,12.896,55.070,1069.350,4.105
2484,11/15/25 05:50:53 PM,0.67,1.00,214.8,13.108,54.618,1069.350,4.185
2485,11/15/25 06:00:53 PM,0.67,1.00,261.1,12.094,57.128,1069.350,3.878
2486,11/15/25 06:10:53 PM,0.33,1.00,301.8,11.405,58.909,1069.350,3.667
2487,11/15/25 06:20:53 PM,0.33,1.00,0.0,10.285,61.993,1069.350,3.334
2488,11/15/25 06:30:53 PM,0.33,1.00,5.6,9.124,65.182,1069.350,2.941
2489,11/15/25 06:40:53 PM,0.67,1.34,2.8,8.695,66.000,1069.350,2.708
2490,11/15/25 06:50:53 PM,1.00,1.34,338.3,7.531,68.836,1069.350,2.186
2491,11/15/25 07:00:53 PM,0.67,2.34,182.5,6.472,72.541,1069.350,1.902
2492,11/15/25 07:10:53 PM,0.33,1.34,227.4,6.250,73.577,1069.350,1.886
2493,11/15/25 07:20:53 PM,0.67,1.67,315.9,5.510,75.938,1069.350,1.611
2494,11/15/25 07:30:53 PM,0.00,0.00,315.9,5.480,74.426,1069.350,1.302
2495,11/15/25 07:40:53 PM,0.00,0.00,303.2,3.563,79.872,1069.350,0.419
2496,11/15/25 07:50:53 PM,0.00,0.00,293.4,3.901,78.041,1069.350,0.427
2497,11/15/25 08:00:53 PM,0.00,0.00,308.9,3.255,80.340,1069.350,0.199
2498,11/15/25 08:10:53 PM,0.00,0.00,307.5,3.815,80.069,1069.350,0.698
2499,11/15/25 08:20:53 PM,0.00,0.00,315.9,3.638,80.508,1069.350,0.601
2500,11/15/25 08:30:53 PM,0.67,1.67,322.9,3.751,79.994,1069.350,0.623
2501,11/15/25 08:40:53 PM,0.67,1.34,325.7,3.590,80.436,1069.350,0.542
2502,11/15/25 08:50:53 PM,0.67,1.34,338.3,4.041,78.125,1069.350,0.579
2503,11/15/25 09:00:53 PM,0.00,0.00,348.2,3.284,80.154,1069.350,0.195
2504,11/15/25 09:10:53 PM,0.33,1.00,329.9,2.957,81.128,1069.350,0.042
2505,11/15/25 09:20:53 PM,1.00,1.67,282.2,2.228,82.083,1069.350,-0.510
2506,11/15/25 09:30:53 PM,1.00,1.67,311.7,1.386,85.888,1069.350,-0.716
2507,11/15/25 09:40:53 PM,0.33,1.00,317.3,2.523,81.556,1069.350,-0.310
2508,11/15/25 09:50:53 PM,0.67,1.67,310.3,2.046,81.888,1069.350,-0.721
2509,11/15/25 10:00:53 PM,0.67,1.67,300.4,1.394,84.961,1069.350,-0.857
2510,11/15/25 10:10:53 PM,0.00,0.00,301.8,2.689,81.352,1069.350,-0.182
2511,11/15/25 10:20:53 PM,0.67,1.34,301.8,1.536,83.896,1069.350,-0.890
2512,11/15/25 10:30:53 PM,1.00,1.34,313.1,1.853,83.510,1069.350,-0.642
2513,11/15/25 10:40:53 PM,0.33,1.00,327.1,2.478,81.845,1069.350,-0.306
2514,11/15/25 10:50:53 PM,0.67,1.34,318.7,1.858,82.452,1069.350,-0.811
2515,11/15/25 11:00:53 PM,0.67,1.34,294.8,0.783,85.725,1069.350,-1.336
2516,11/15/25 11:10:53 PM,0.00,0.00,296.2,0.866,86.142,1069.350,-1.188
2517,11/15/25 11:20:53 PM,0.00,0.00,296.2,1.432,85.473,1069.350,-0.737
2518,11/15/25 11:30:53 PM,0.00,0.00,296.2,2.301,81.530,1069.350,-0.532
2519,11/15/25 11:40:53 PM,1.00,1.67,296.2,0.751,86.326,1069.350,-1.272
2520,11/15/25 11:50:53 PM,0.33,1.34,301.8,1.346,85.270,1069.350,-0.854
2521,11/16/25 12:00:53 AM,0.00,0.67,285.0,1.888,84.041,1069.350,-0.521
2522,11/16/25 12:10:53 AM,1.34,1.67,294.8,0.657,87.285,1069.350,-1.214
2523,11/16/25 12:20:53 AM,1.00,1.34,334.1,1.681,86.299,1069.350,-0.361
2524,11/16/25 12:30:53 AM,1.00,1.67,352.4,2.598,83.478,1069.350,0.084
2525,11/16/25 12:40:53 AM,1.00,1.34,8.4,3.022,82.293,1069.350,0.302
2526,11/16/25 12:50:53 AM,0.67,1.34,161.5,2.400,84.387,1069.350,0.038
2527,11/16/25 01:00:53 AM,0.00,0.00,183.9,1.531,88.569,1069.350,-0.152
2528,11/16/25 01:10:53 AM,0.00,1.00,176.9,1.177,90.503,1069.350,-0.205
2529,11/16/25 01:20:53 AM,0.33,0.67,176.9,1.215,90.958,1069.350,-0.099
2530,11/16/25 01:30:53 AM,1.00,1.67,335.5,1.767,89.192,1069.350,0.178
2531,11/16/25 01:40:53 AM,0.00,0.67,346.8,2.389,86.464,1069.350,0.363
2532,11/16/25 01:50:53 AM,2.34,4.34,28.1,3.067,84.552,1069.350,0.720
2533,11/16/25 02:00:53 AM,2.00,6.68,144.6,3.234,83.993,1069.350,0.793
2534,11/16/25 02:10:53 AM,0.67,2.00,186.7,2.998,85.492,1069.350,0.806
2535,11/16/25 02:20:53 AM,1.00,2.34,255.5,2.518,89.889,1069.350,1.028
2536,11/16/25 02:30:53 AM,0.00,0.00,256.9,2.885,87.509,1069.350,1.018
2537,11/16/25 02:40:53 AM,0.00,0.00,256.9,3.011,87.103,1069.350,1.078
2538,11/16/25 02:50:53 AM,0.33,2.00,290.6,2.845,88.881,1069.350,1.195
2539,11/16/25 03:00:53 AM,0.67,1.34,327.1,3.057,88.843,1069.350,1.398
2540,11/16/25 03:10:53 AM,1.34,3.34,2.8,3.960,83.856,1069.350,1.482
2541,11/16/25 03:20:53 AM,1.34,2.67,0.0,4.247,83.908,1069.350,1.773
2542,11/16/25 03:30:53 AM,0.00,1.34,244.3,4.424,83.204,1069.350,1.828
2543,11/16/25 03:40:53 AM,0.67,2.00,249.9,4.153,84.648,1069.350,1.803
2544,11/16/25 03:50:53 AM,1.67,2.67,235.9,3.408,89.091,1069.350,1.784
2545,11/16/25 04:00:53 AM,1.00,1.67,294.8,3.209,91.792,1069.350,2.004
2546,11/16/25 04:10:53 AM,0.67,2.00,336.9,3.973,86.444,1069.350,1.919
2547,11/16/25 04:20:53 AM,0.00,0.00,221.8,4.097,86.117,1069.350,1.988
2548,11/16/25 04:30:53 AM,0.00,0.00,272.4,3.512,89.487,1069.350,1.949
2549,11/16/25 04:40:53 AM,0.00,0.00,325.7,3.799,87.308,1069.350,1.887
2550,11/16/25 04:50:53 AM,0.00,0.00,327.1,4.134,85.798,1069.350,1.973
2551,11/16/25 05:00:53 AM,0.00,0.00,21.1,4.132,85.916,1069.350,1.990
2552,11/16/25 05:10:53 AM,1.00,2.00,176.9,3.043,91.640,1069.350,1.817
2553,11/16/25 05:20:53 AM,0.33,1.00,200.8,2.853,93.193,1069.350,1.863
2554,11/16/25 05:30:53 AM,0.33,1.00,271.0,3.118,91.678,1069.350,1.897
2555,11/16/25 05:40:53 AM,0.33,1.00,280.8,3.459,89.203,1069.350,1.852
2556,11/16/25 05:50:53 AM,0.67,1.34,300.4,3.772,86.715,1069.350,1.765
2557,11/16/25 06:00:53 AM,0.00,0.67,306.1,4.330,82.838,1069.350,1.675
2558,11/16/25 06:10:53 AM,0.00,0.00,306.1,4.681,80.137,1069.350,1.555
2559,11/16/25 06:20:53 AM,0.00,0.00,300.4,4.974,78.474,1069.350,1.549
2560,11/16/25 06:30:53 AM,0.00,0.00,252.7,3.429,88.072,1069.350,1.644
2561,11/16/25 06:40:53 AM,0.00,0.00,252.7,3.121,90.491,1069.350,1.718
2562,11/16/25 06:50:53 AM,0.00,0.00,252.7,3.392,88.875,1069.350,1.734
2563,11/16/25 07:00:53 AM,0.00,1.00,263.9,3.754,87.518,1069.350,1.876
2564,11/16/25 07:10:53 AM,0.00,0.00,279.4,3.719,87.424,1069.350,1.827
2565,11/16/25 07:20:53 AM,0.00,0.00,279.4,4.185,84.685,1069.350,1.840
2566,11/16/25 07:30:53 AM,0.00,0.00,269.6,4.027,85.959,1069.350,1.894
2567,11/16/25 07:40:53 AM,0.00,0.00,297.6,3.754,88.580,1069.350,2.045
2568,11/16/25 07:50:53 AM,0.33,1.34,346.8,4.260,83.581,1069.350,1.731
2569,11/16/25 08:00:53 AM,0.00,0.67,353.8,4.410,83.610,1069.350,1.883
2570,11/16/25 08:10:53 AM,0.33,1.34,355.2,4.086,86.452,1069.350,2.032
2571,11/16/25 08:20:53 AM,1.34,2.34,203.6,3.515,88.774,1069.350,1.840
2572,11/16/25 08:30:53 AM,0.00,1.34,247.1,3.150,89.404,1069.350,1.578
2573,11/16/25 08:40:53 AM,0.00,0.00,261.1,3.161,89.172,1069.350,1.552
2574,11/16/25 08:50:53 AM,0.00,0.00,269.6,3.740,85.989,1069.350,1.616
2575,11/16/25 09:00:53 AM,0.00,0.00,269.6,3.687,86.232,1069.350,1.604
2576,11/16/25 09:10:53 AM,0.00,0.00,282.2,4.183,84.460,1069.350,1.801
2577,11/16/25 09:20:53 AM,0.00,0.00,289.2,4.612,82.943,1069.350,1.969
2578,11/16/25 09:30:53 AM,0.00,0.00,289.2,4.424,84.031,1069.350,1.967
2579,11/16/25 09:40:53 AM,0.00,0.00,289.2,4.861,82.557,1069.350,2.147
2580,11/16/25 09:50:53 AM,0.33,1.34,273.8,5.276,82.647,1069.350,2.569
2581,11/16/25 10:00:53 AM,1.00,1.34,251.3,5.719,82.905,1069.350,3.047
2582,11/16/25 10:10:53 AM,0.33,1.00,259.7,5.957,82.576,1069.350,3.224
2583,11/16/25 10:20:53 AM,0.00,0.67,276.6,6.478,81.192,1069.350,3.494
2584,11/16/25 10:30:53 AM,0.00,0.00,278.0,7.022,79.280,1069.350,3.687
2585,11/16/25 10:40:53 AM,0.00,0.00,278.0,7.357,78.141,1069.350,3.808
2586,11/16/25 10:50:53 AM,0.33,2.00,338.3,8.260,75.592,1069.350,4.212
2587,11/16/25 11:00:53 AM,1.00,2.00,106.7,8.719,74.330,1069.350,4.416
2588,11/16/25 11:10:53 AM,1.34,2.67,102.5,9.046,74.714,1069.350,4.806
2589,11/16/25 11:20:53 AM,1.00,2.00,88.4,9.411,74.559,1069.350,5.130
2590,11/16/25 11:30:53 AM,2.34,5.01,68.8,9.966,73.321,1069.350,5.425
2591,11/16/25 11:40:53 AM,3.01,5.68,60.4,10.035,71.739,1069.350,5.178
2592,11/16/25 11:50:53 AM,3.01,5.34,57.6,10.177,71.331,1069.350,5.232
2593,11/16/25 12:00:53 PM,4.34,7.35,51.9,10.411,70.488,1069.350,5.286
2594,11/16/25 12:10:53 PM,4.01,6.35,54.8,10.893,69.982,1069.350,5.645
2595,11/16/25 12:20:53 PM,3.67,6.01,59.0,11.191,69.995,1069.350,5.934
2596,11/16/25 12:30:53 PM,4.34,6.01,61.8,11.204,70.616,1069.350,6.074
2597,11/16/25 12:40:53 PM,4.01,6.01,54.8,11.191,71.991,1069.350,6.341
2598,11/16/25 12:50:53 PM,4.01,6.35,60.4,11.858,70.779,1069.350,6.736
2599,11/16/25 01:00:53 PM,3.67,6.35,71.6,12.896,67.520,1069.350,7.044
2600,11/16/25 01:10:53 PM,2.67,4.68,81.4,12.789,67.951,1069.350,7.034
2601,11/16/25 01:20:53 PM,2.34,4.68,106.7,13.628,64.161,1069.350,6.996
2602,11/16/25 01:30:53 PM,3.01,5.34,105.3,13.588,62.918,1069.350,6.673
2603,11/16/25 01:40:53 PM,2.00,4.68,105.3,12.949,64.434,1069.350,6.413
2604,11/16/25 01:50:53 PM,2.00,3.67,99.7,12.671,66.343,1069.350,6.573
2605,11/16/25 02:00:53 PM,3.01,5.34,77.2,12.196,69.656,1069.350,6.828
2606,11/16/25 02:10:53 PM,4.34,7.01,59.0,11.764,71.484,1069.350,6.790
2607,11/16/25 02:20:53 PM,5.01,7.01,53.3,11.644,73.722,1069.350,7.124
2608,11/16/25 02:30:53 PM,6.01,9.35,46.3,10.534,79.553,1069.350,7.159
2609,11/16/25 02:40:53 PM,6.01,8.68,47.7,10.199,81.555,1069.350,7.195
2610,11/16/25 02:50:53 PM,5.68,8.68,59.0,10.022,82.579,1069.350,7.204
2611,11/16/25 03:00:53 PM,5.34,8.35,61.8,10.392,82.216,1069.350,7.502
2612,11/16/25 03:10:53 PM,5.01,8.02,53.3,10.314,83.392,1069.350,7.633
2613,11/16/25 03:20:53 PM,5.34,8.02,59.0,10.100,84.817,1069.350,7.672
2614,11/16/25 03:30:53 PM,5.01,7.01,59.0,9.738,86.748,1069.350,7.646
2615,11/16/25 03:40:53 PM,4.68,6.68,53.3,9.676,88.083,1069.350,7.809
2616,11/16/25 03:50:53 PM,4.68,7.35,50.5,9.746,87.945,1069.350,7.855
2617,11/16/25 04:00:53 PM,4.01,6.68,56.2,9.789,88.844,1069.350,8.047
2618,11/16/25 04:10:53 PM,3.67,5.34,54.8,9.952,90.498,1069.350,8.480
2619,11/16/25 04:20:53 PM,3.67,6.35,64.6,10.681,87.787,1069.350,8.751
2620,11/16/25 04:30:53 PM,3.01,5.01,66.0,10.212,88.498,1069.350,8.407
2621,11/16/25 04:40:53 PM,3.34,4.68,64.6,9.738,89.772,1069.350,8.150
2622,11/16/25 04:50:53 PM,3.67,5.34,60.4,9.394,91.023,1069.350,8.013
2623,11/16/25 05:00:53 PM,3.34,5.34,57.6,9.242,91.789,1069.350,7.986
2624,11/16/25 05:10:53 PM,3.34,4.68,59.0,9.102,92.866,1069.350,8.018
2625,11/16/25 05:20:53 PM,3.01,4.68,63.2,8.898,94.305,1069.350,8.042
2626,11/16/25 05:30:53 PM,2.67,4.68,64.6,8.813,94.383,1069.350,7.969
2627,11/16/25 05:40:53 PM,2.00,3.01,60.4,8.612,94.900,1069.350,7.850
2628,11/16/25 05:50:53 PM,2.00,3.34,64.6,8.486,95.360,1069.350,7.795
2629,11/16/25 06:00:53 PM,1.34,3.01,70.2,8.437,95.723,1069.350,7.802
2630,11/16/25 06:10:53 PM,1.34,2.00,95.5,8.373,96.535,1069.350,7.862
2631,11/16/25 06:20:53 PM,1.34,3.34,136.2,8.145,98.376,1069.350,7.912
2632,11/16/25 06:30:53 PM,2.00,3.67,144.6,8.344,97.533,1069.350,7.985
2633,11/16/25 06:40:53 PM,1.67,3.67,120.7,8.303,97.763,1069.350,7.978
2634,11/16/25 06:50:53 PM,0.67,2.34,110.9,8.041,97.897,1069.350,7.737
2635,11/16/25 07:00:53 PM,1.00,2.00,106.7,7.896,95.871,1069.350,7.286
2636,11/16/25 07:10:53 PM,1.34,2.00,82.8,7.681,97.694,1069.350,7.347
2637,11/16/25 07:20:53 PM,1.34,1.67,50.5,7.558,98.853,1069.350,7.396
2638,11/16/25 07:30:53 PM,0.33,1.67,35.1,7.456,98.605,1069.350,7.257
2639,11/16/25 07:40:53 PM,0.00,0.00,49.1,7.338,99.026,1069.350,7.202
2640,11/16/25 07:50:53 PM,0.00,1.00,47.7,7.258,99.255,1069.350,7.155
2641,11/16/25 08:00:53 PM,1.00,1.67,12.6,7.215,99.455,1069.350,7.142
2642,11/16/25 08:10:53 PM,0.33,1.34,0.0,7.244,98.907,1069.350,7.090
2643,11/16/25 08:20:53 PM,0.00,0.00,1.4,7.204,98.692,1069.350,7.018
2644,11/16/25 08:30:53 PM,0.00,0.00,151.6,6.979,99.011,1069.350,6.840
2645,11/16/25 08:40:53 PM,0.00,0.00,0.0,6.861,98.465,1069.350,6.642
2646,11/16/25 08:50:53 PM,0.00,0.00,0.0,6.831,98.854,1069.350,6.669
2647,11/16/25 09:00:53 PM,0.00,0.00,46.3,6.869,98.468,1069.350,6.650
2648,11/16/25 09:10:53 PM,0.67,1.34,147.4,6.606,99.654,1069.350,6.561
2649,11/16/25 09:20:53 PM,0.00,0.00,147.4,6.402,99.997,1069.350,6.407
2650,11/16/25 09:30:53 PM,0.00,0.00,77.2,6.413,99.997,1069.350,6.418
2651,11/16/25 09:40:53 PM,0.00,0.00,77.2,6.531,99.997,1069.350,6.536
2652,11/16/25 09:50:53 PM,0.33,1.00,33.7,6.483,99.997,1069.350,6.488
2653,11/16/25 10:00:53 PM,0.33,1.00,308.9,6.373,99.997,1069.350,6.378
2654,11/16/25 10:10:53 PM,0.00,0.67,308.9,6.604,99.997,1069.350,6.609
2655,11/16/25 10:20:53 PM,0.00,0.00,308.9,6.625,99.948,1069.350,6.623
2656,11/16/25 10:30:53 PM,0.00,1.00,286.4,6.199,99.988,1069.350,6.202
2657,11/16/25 10:40:53 PM,0.00,0.00,306.1,6.223,99.997,1069.350,6.228
2658,11/16/25 10:50:53 PM,0.33,1.00,308.9,6.175,99.997,1069.350,6.179
2659,11/16/25 11:00:53 PM,0.00,1.00,334.1,6.067,99.997,1069.350,6.071
2660,11/16/25 11:10:53 PM,0.00,0.00,334.1,6.150,99.997,1069.350,6.154
2661,11/16/25 11:20:53 PM,0.33,1.67,355.2,6.175,99.997,1069.350,6.179
2662,11/16/25 11:30:53 PM,0.00,0.67,33.7,6.239,99.997,1069.350,6.244
2663,11/16/25 11:40:53 PM,0.00,0.00,33.7,6.330,99.997,1069.350,6.335
2664,11/16/25 11:50:53 PM,0.00,0.00,33.7,6.252,99.997,1069.350,6.257
2665,11/17/25 12:00:53 AM,0.00,0.00,33.7,6.100,99.997,1069.350,6.104
2666,11/17/25 12:10:53 AM,0.00,0.00,33.7,6.113,99.997,1069.350,6.117
2667,11/17/25 12:20:53 AM,0.00,0.00,33.7,6.075,99.997,1069.350,6.079
2668,11/17/25 12:30:53 AM,0.00,0.00,33.7,6.062,99.997,1069.350,6.066
2669,11/17/25 12:40:53 AM,0.00,0.00,33.7,5.764,99.997,1069.350,5.768
2670,11/17/25 12:50:53 AM,0.00,0.00,33.7,5.732,99.997,1069.350,5.736
2671,11/17/25 01:00:53 AM,0.00,0.00,33.7,5.421,99.997,1069.350,5.424
2672,11/17/25 01:10:53 AM,0.00,0.00,28.1,5.405,99.997,1069.350,5.408
2673,11/17/25 01:20:53 AM,0.00,0.00,1.4,5.000,99.997,1069.350,5.003
2674,11/17/25 01:30:53 AM,0.33,2.00,331.3,4.370,99.997,1069.350,4.372
2675,11/17/25 01:40:53 AM,0.33,1.34,285.0,4.188,99.997,1069.350,4.189
2676,11/17/25 01:50:53 AM,0.00,0.00,285.0,4.789,99.997,1069.350,4.791
2677,11/17/25 02:00:53 AM,0.00,0.00,285.0,4.987,99.997,1069.350,4.990
2678,11/17/25 02:10:53 AM,0.00,0.00,285.0,5.019,99.997,1069.350,5.022
2679,11/17/25 02:20:53 AM,0.33,1.67,266.7,4.775,99.997,1069.350,4.777
2680,11/17/25 02:30:53 AM,0.67,1.67,300.4,4.743,99.997,1069.350,4.745
2681,11/17/25 02:40:53 AM,0.67,1.34,289.2,4.939,99.997,1069.350,4.942
2682,11/17/25 02:50:53 AM,0.33,0.67,289.2,5.255,99.997,1069.350,5.258
2683,11/17/25 03:00:53 AM,0.00,0.00,289.2,5.279,99.997,1069.350,5.282
2684,11/17/25 03:10:53 AM,0.00,0.00,289.2,5.295,99.997,1069.350,5.298
2685,11/17/25 03:20:53 AM,0.00,0.00,296.2,5.311,99.997,1069.350,5.314
2686,11/17/25 03:30:53 AM,0.00,0.00,297.6,4.995,99.847,1069.350,4.976
2687,11/17/25 03:40:53 AM,0.00,1.34,300.4,4.789,99.435,1069.350,4.711
2688,11/17/25 03:50:53 AM,0.67,2.00,301.8,5.038,98.735,1069.350,4.858
2689,11/17/25 04:00:53 AM,0.67,1.67,235.9,5.102,98.936,1069.350,4.952
2690,11/17/25 04:10:53 AM,1.00,2.00,278.0,5.413,98.227,1069.350,5.159
2691,11/17/25 04:20:53 AM,1.34,3.01,294.8,5.553,98.093,1069.350,5.280
2692,11/17/25 04:30:53 AM,2.34,4.01,221.8,5.456,98.491,1069.350,5.241
2693,11/17/25 04:40:53 AM,2.34,3.34,255.5,5.515,98.485,1069.350,5.299
2694,11/17/25 04:50:53 AM,1.34,2.67,266.7,5.368,99.158,1069.350,5.250
2695,11/17/25 05:00:53 AM,2.00,3.01,258.3,5.432,98.764,1069.350,5.257
2696,11/17/25 05:10:53 AM,2.00,2.67,252.7,5.207,99.446,1069.350,5.131
2697,11/17/25 05:20:53 AM,2.00,2.67,261.1,5.223,99.763,1069.350,5.192
2698,11/17/25 05:30:53 AM,2.00,3.01,248.5,5.234,99.901,1069.350,5.223
2699,11/17/25 05:40:53 AM,1.67,2.67,244.3,5.223,99.997,1069.350,5.226
2700,11/17/25 05:50:53 AM,1.34,1.67,241.5,5.201,99.997,1069.350,5.204
2701,11/17/25 06:00:53 AM,1.34,2.00,249.9,5.226,99.997,1069.350,5.229
2702,11/17/25 06:10:53 AM,1.00,1.67,242.9,5.188,99.997,1069.350,5.191
2703,11/17/25 06:20:53 AM,0.67,1.34,240.1,5.169,99.997,1069.350,5.172
2704,11/17/25 06:30:53 AM,0.67,1.34,244.3,5.129,99.997,1069.350,5.132
2705,11/17/25 06:40:53 AM,0.67,1.34,256.9,5.142,99.997,1069.350,5.145
2706,11/17/25 06:50:53 AM,0.67,1.34,271.0,5.175,99.997,1069.350,5.178
2707,11/17/25 07:00:53 AM,0.67,1.00,275.2,5.126,99.997,1069.350,5.129
2708,11/17/25 07:10:53 AM,1.00,1.34,276.6,5.220,99.997,1069.350,5.223
2709,11/17/25 07:20:53 AM,1.00,1.67,259.7,5.252,99.997,1069.350,5.255
2710,11/17/25 07:30:53 AM,1.34,2.00,261.1,5.266,99.997,1069.350,5.269
2711,11/17/25 07:40:53 AM,1.34,2.34,269.6,5.301,99.997,1069.350,5.304
2712,11/17/25 07:50:53 AM,1.34,1.67,275.2,5.258,99.997,1069.350,5.261
2713,11/17/25 08:00:53 AM,1.34,2.00,265.3,5.183,99.997,1069.350,5.186
2714,11/17/25 08:10:53 AM,1.34,2.67,272.4,5.156,99.997,1069.350,5.159
2715,11/17/25 08:20:53 AM,1.00,1.67,276.6,5.242,99.997,1069.350,5.245
2716,11/17/25 08:30:53 AM,1.00,1.34,255.5,5.201,99.997,1069.350,5.204
2717,11/17/25 08:40:53 AM,1.00,2.00,238.7,5.145,99.997,1069.350,5.148
2718,11/17/25 08:50:53 AM,1.00,1.67,231.6,5.156,99.997,1069.350,5.159
2719,11/17/25 09:00:53 AM,1.00,1.34,242.9,5.100,99.997,1069.350,5.103
2720,11/17/25 09:10:53 AM,0.67,1.67,259.7,5.091,99.997,1069.350,5.094
2721,11/17/25 09:20:53 AM,1.00,1.67,273.8,5.252,99.997,1069.350,5.255
2722,11/17/25 09:30:53 AM,1.00,2.00,276.6,5.427,99.957,1069.350,5.425
2723,11/17/25 09:40:53 AM,1.00,1.67,273.8,5.676,99.524,1069.350,5.611
2724,11/17/25 09:50:53 AM,1.34,2.00,280.8,5.869,99.065,1069.350,5.738
2725,11/17/25 10:00:53 AM,1.34,2.00,273.8,6.049,98.865,1069.350,5.889
2726,11/17/25 10:10:53 AM,1.67,3.01,258.3,6.223,98.166,1069.350,5.960
2727,11/17/25 10:20:53 AM,2.34,3.67,255.5,6.263,97.482,1069.350,5.899
2728,11/17/25 10:30:53 AM,2.00,3.01,256.9,6.317,97.424,1069.350,5.944
2729,11/17/25 10:40:53 AM,1.67,3.01,271.0,6.373,97.232,1069.350,5.972
2730,11/17/25 10:50:53 AM,2.00,3.34,271.0,6.416,96.486,1069.350,5.903
2731,11/17/25 11:00:53 AM,2.00,3.34,265.3,6.638,95.953,1069.350,6.044
2732,11/17/25 11:10:53 AM,2.34,3.67,265.3,6.861,95.111,1069.350,6.139
2733,11/17/25 11:20:53 AM,2.34,3.34,285.0,7.054,94.650,1069.350,6.261
2734,11/17/25 11:30:53 AM,2.34,3.67,287.8,7.242,93.832,1069.350,6.322
2735,11/17/25 11:40:53 AM,2.67,3.67,290.6,7.156,93.407,1069.350,6.170
2736,11/17/25 11:50:53 AM,2.34,3.34,275.2,7.389,92.811,1069.350,6.309
2737,11/17/25 12:00:53 PM,2.00,3.67,266.7,7.510,92.493,1069.350,6.379
2738,11/17/25 12:10:53 PM,1.67,3.34,263.9,7.547,92.683,1069.350,6.446
2739,11/17/25 12:20:53 PM,2.34,3.34,268.1,7.537,91.716,1069.350,6.284
2740,11/17/25 12:30:53 PM,1.67,3.34,265.3,7.614,91.492,1069.350,6.325
2741,11/17/25 12:40:53 PM,2.00,3.01,262.5,7.713,90.796,1069.350,6.312
2742,11/17/25 12:50:53 PM,2.00,3.34,259.7,7.976,90.288,1069.350,6.491
2743,11/17/25 01:00:53 PM,2.34,3.67,261.1,7.974,89.335,1069.350,6.335
2744,11/17/25 01:10:53 PM,2.00,3.34,261.1,8.207,89.067,1069.350,6.521
2745,11/17/25 01:20:53 PM,2.34,4.34,261.1,8.271,88.031,1069.350,6.415
2746,11/17/25 01:30:53 PM,2.00,3.67,261.1,8.303,87.222,1069.350,6.312
2747,11/17/25 01:40:53 PM,2.00,3.67,254.1,8.515,86.574,1069.350,6.413
2748,11/17/25 01:50:53 PM,2.00,3.34,262.5,9.006,85.562,1069.350,6.725
2749,11/17/25 02:00:53 PM,2.34,3.67,261.1,9.016,84.601,1069.350,6.570
2750,11/17/25 02:10:53 PM,2.34,3.67,269.6,8.864,84.340,1069.350,6.376
2751,11/17/25 02:20:53 PM,2.00,3.34,299.0,8.898,83.615,1069.350,6.284
2752,11/17/25 02:30:53 PM,1.67,3.01,287.8,8.856,83.290,1069.350,6.187
2753,11/17/25 02:40:53 PM,1.67,3.34,286.4,8.917,83.401,1069.350,6.266
2754,11/17/25 02:50:53 PM,1.67,3.01,299.0,9.011,82.448,1069.350,6.191
2755,11/17/25 03:00:53 PM,2.00,3.67,307.5,9.091,82.069,1069.350,6.203
2756,11/17/25 03:10:53 PM,1.34,2.67,280.8,9.268,82.783,1069.350,6.502
2757,11/17/25 03:20:53 PM,1.00,3.01,292.0,9.864,80.185,1069.350,6.621
2758,11/17/25 03:30:53 PM,1.00,2.34,320.1,9.480,79.641,1069.350,6.148
2759,11/17/25 03:40:53 PM,0.67,2.34,317.3,9.510,80.571,1069.350,6.345
2760,11/17/25 03:50:53 PM,0.67,2.34,304.7,9.274,81.068,1069.350,6.204
2761,11/17/25 04:00:53 PM,1.00,2.00,322.9,9.102,81.140,1069.350,6.049
2762,11/17/25 04:10:53 PM,0.33,1.34,331.3,9.108,80.960,1069.350,6.023
2763,11/17/25 04:20:53 PM,0.67,1.34,311.7,9.083,80.696,1069.350,5.951
2764,11/17/25 04:30:53 PM,0.67,1.67,317.3,9.027,80.580,1069.350,5.875
2765,11/17/25 04:40:53 PM,0.00,0.67,322.9,9.081,81.102,1069.350,6.022
2766,11/17/25 04:50:53 PM,0.67,1.67,258.3,8.909,82.092,1069.350,6.029
2767,11/17/25 05:00:53 PM,0.67,1.34,224.6,8.748,82.951,1069.350,6.022
2768,11/17/25 05:10:53 PM,0.67,1.00,221.8,8.673,83.645,1069.350,6.069
2769,11/17/25 05:20:53 PM,0.67,1.34,221.8,8.652,83.870,1069.350,6.087
2770,11/17/25 05:30:53 PM,0.00,1.00,221.8,8.697,83.236,1069.350,6.022
2771,11/17/25 05:40:53 PM,0.67,2.00,214.8,8.571,84.170,1069.350,6.060
2772,11/17/25 05:50:53 PM,1.67,2.67,176.9,8.217,87.912,1069.350,6.342
2773,11/17/25 06:00:53 PM,1.34,2.34,181.1,8.118,88.443,1069.350,6.331
2774,11/17/25 06:10:53 PM,1.00,2.34,178.3,7.987,88.870,1069.350,6.272
2775,11/17/25 06:20:53 PM,0.67,1.00,172.7,7.633,90.352,1069.350,6.162
2776,11/17/25 06:30:53 PM,0.00,0.67,167.1,7.043,92.313,1069.350,5.888
2777,11/17/25 06:40:53 PM,1.00,1.67,167.1,6.545,92.912,1069.350,5.487
2778,11/17/25 06:50:53 PM,1.00,1.67,182.5,6.515,93.239,1069.350,5.508
2779,11/17/25 07:00:53 PM,0.00,0.67,198.0,6.467,92.911,1069.350,5.409
2780,11/17/25 07:10:53 PM,0.00,0.00,198.0,6.467,92.763,1069.350,5.386
2781,11/17/25 07:20:53 PM,0.00,0.00,213.4,6.346,93.274,1069.350,5.345
2782,11/17/25 07:30:53 PM,0.00,0.00,210.6,6.628,91.862,1069.350,5.405
2783,11/17/25 07:40:53 PM,0.00,0.00,233.1,6.343,92.544,1069.350,5.229
2784,11/17/25 07:50:53 PM,0.00,0.00,331.3,6.180,93.101,1069.350,5.154
2785,11/17/25 08:00:53 PM,0.00,0.00,331.3,6.285,92.535,1069.350,5.170
2786,11/17/25 08:10:53 PM,0.00,0.00,331.3,6.309,92.384,1069.350,5.171
2787,11/17/25 08:20:53 PM,0.00,0.00,331.3,6.185,92.683,1069.350,5.094
2788,11/17/25 08:30:53 PM,0.00,0.00,331.3,5.789,94.192,1069.350,4.932
2789,11/17/25 08:40:53 PM,0.67,1.34,331.3,5.837,94.601,1069.350,5.042
2790,11/17/25 08:50:53 PM,0.67,1.00,341.2,5.872,94.380,1069.350,5.043
2791,11/17/25 09:00:53 PM,1.00,1.34,352.4,5.775,94.672,1069.350,4.991
2792,11/17/25 09:10:53 PM,0.33,1.34,355.2,5.939,93.281,1069.350,4.942
2793,11/17/25 09:20:53 PM,1.00,1.67,1.4,5.874,93.545,1069.350,4.918
2794,11/17/25 09:30:53 PM,0.33,1.34,227.4,5.421,95.218,1069.350,4.721
2795,11/17/25 09:40:53 PM,0.67,1.00,248.5,5.091,95.700,1069.350,4.465
2796,11/17/25 09:50:53 PM,0.00,0.67,248.5,5.113,96.196,1069.350,4.560
2797,11/17/25 10:00:53 PM,0.00,0.67,245.7,4.719,96.622,1069.350,4.231
2798,11/17/25 10:10:53 PM,0.00,0.67,227.4,4.199,98.445,1069.350,3.978
2799,11/17/25 10:20:53 PM,0.00,0.00,292.0,4.110,98.993,1069.350,3.968
2800,11/17/25 10:30:53 PM,0.00,0.00,304.7,4.201,98.534,1069.350,3.992
2801,11/17/25 10:40:53 PM,0.00,0.00,304.7,4.456,98.337,1069.350,4.219
2802,11/17/25 10:50:53 PM,0.00,0.00,304.7,4.448,98.257,1069.350,4.199
2803,11/17/25 11:00:53 PM,0.00,0.00,304.7,4.679,98.128,1069.350,4.411
2804,11/17/25 11:10:53 PM,0.00,0.00,42.1,4.654,98.181,1069.350,4.394
2805,11/17/25 11:20:53 PM,0.00,0.00,47.7,4.695,98.209,1069.350,4.439
2806,11/17/25 11:30:53 PM,0.00,0.00,47.7,4.732,98.131,1069.350,4.465
2807,11/17/25 11:40:53 PM,0.67,1.34,47.7,4.767,98.340,1069.350,4.530
2808,11/17/25 11:50:53 PM,0.67,1.00,42.1,4.780,98.418,1069.350,4.554
2809,11/18/25 12:00:53 AM,0.33,1.34,26.7,4.898,98.079,1069.350,4.623
2810,11/18/25 12:10:53 AM,1.00,1.67,28.1,5.070,97.626,1069.350,4.729
2811,11/18/25 12:20:53 AM,1.34,2.34,30.9,5.105,97.627,1069.350,4.764
2812,11/18/25 12:30:53 AM,1.67,2.34,28.1,5.105,97.630,1069.350,4.764
2813,11/18/25 12:40:53 AM,1.34,2.67,33.7,5.086,97.420,1069.350,4.714
2814,11/18/25 12:50:53 AM,0.67,1.67,67.4,5.108,97.343,1069.350,4.725
2815,11/18/25 01:00:53 AM,0.00,0.00,105.3,4.789,97.981,1069.350,4.500
2816,11/18/25 01:10:53 AM,0.00,0.00,105.3,4.657,98.535,1069.350,4.448
2817,11/18/25 01:20:53 AM,0.00,0.00,105.3,4.526,98.947,1069.350,4.377
2818,11/18/25 01:30:53 AM,0.00,0.00,105.3,4.480,99.234,1069.350,4.372
2819,11/18/25 01:40:53 AM,0.00,0.00,115.1,4.373,99.287,1069.350,4.273
2820,11/18/25 01:50:53 AM,0.00,0.00,206.4,4.126,99.675,1069.350,4.081
2821,11/18/25 02:00:53 AM,0.00,0.00,217.6,4.049,99.936,1069.350,4.041
2822,11/18/25 02:10:53 AM,0.00,0.00,217.6,4.177,99.997,1069.350,4.178
2823,11/18/25 02:20:53 AM,0.00,0.00,217.6,4.319,99.997,1069.350,4.321
2824,11/18/25 02:30:53 AM,0.00,0.00,217.6,4.343,99.658,1069.350,4.296
2825,11/18/25 02:40:53 AM,0.00,0.00,217.6,4.303,99.855,1069.350,4.284
2826,11/18/25 02:50:53 AM,0.00,0.00,217.6,4.357,99.739,1069.350,4.322
2827,11/18/25 03:00:53 AM,0.00,0.00,217.6,4.378,99.680,1069.350,4.334
2828,11/18/25 03:10:53 AM,0.00,0.00,348.2,4.212,99.757,1069.350,4.179
2829,11/18/25 03:20:53 AM,0.33,1.00,18.3,4.116,99.997,1069.350,4.117
2830,11/18/25 03:30:53 AM,0.00,0.67,37.9,4.022,99.997,1069.350,4.023
2831,11/18/25 03:40:53 AM,0.00,0.00,33.7,4.220,99.997,1069.350,4.221
2832,11/18/25 03:50:53 AM,0.00,0.00,21.1,4.343,99.985,1069.350,4.343
2833,11/18/25 04:00:53 AM,0.00,0.00,21.1,4.330,99.850,1069.350,4.311
2834,11/18/25 04:10:53 AM,0.00,0.00,102.5,4.158,99.959,1069.350,4.154
2835,11/18/25 04:20:53 AM,0.00,0.00,143.2,4.148,99.995,1069.350,4.149
2836,11/18/25 04:30:53 AM,0.00,1.34,146.0,4.073,99.997,1069.350,4.074
2837,11/18/25 04:40:53 AM,0.67,2.00,213.4,3.504,99.997,1069.350,3.504
2838,11/18/25 04:50:53 AM,0.00,0.00,223.2,3.330,99.997,1069.350,3.330
2839,11/18/25 05:00:53 AM,0.00,0.67,223.2,3.652,99.997,1069.350,3.652
2840,11/18/25 05:10:53 AM,0.33,1.00,217.6,3.783,99.997,1069.350,3.784
2841,11/18/25 05:20:53 AM,0.00,0.67,189.5,3.963,99.997,1069.350,3.964
2842,11/18/25 05:30:53 AM,0.00,0.00,189.5,3.861,99.997,1069.350,3.862
2843,11/18/25 05:40:53 AM,0.00,0.00,189.5,3.885,99.997,1069.350,3.886
2844,11/18/25 05:50:53 AM,0.00,0.00,189.5,3.965,99.997,1069.350,3.966
2845,11/18/25 06:00:53 AM,0.00,0.00,189.5,4.073,99.997,1069.350,4.074
2846,11/18/25 06:10:53 AM,0.00,0.00,189.5,4.019,99.997,1069.350,4.020
2847,11/18/25 06:20:53 AM,0.00,0.00,87.0,4.041,99.997,1069.350,4.042
2848,11/18/25 06:30:53 AM,0.00,0.00,85.6,3.965,99.997,1069.350,3.966
2849,11/18/25 06:40:53 AM,0.00,0.00,85.6,3.898,99.997,1069.350,3.899
2850,11/18/25 06:50:53 AM,0.33,1.34,33.7,3.965,99.997,1069.350,3.966
2851,11/18/25 07:00:53 AM,0.00,0.00,26.7,3.973,99.997,1069.350,3.974
2852,11/18/25 07:10:53 AM,0.00,0.00,26.7,4.008,99.997,1069.350,4.009
2853,11/18/25 07:20:53 AM,0.00,0.00,26.7,4.073,99.997,1069.350,4.074
2854,11/18/25 07:30:53 AM,0.00,0.00,26.7,4.175,99.997,1069.350,4.176
2855,11/18/25 07:40:53 AM,0.33,1.00,26.7,4.145,99.997,1069.350,4.146
2856,11/18/25 07:50:53 AM,0.33,1.00,26.7,4.169,99.983,1069.350,4.168
2857,11/18/25 08:00:53 AM,1.00,1.67,32.3,4.188,99.567,1069.350,4.128
2858,11/18/25 08:10:53 AM,0.67,1.34,32.3,4.191,99.498,1069.350,4.121
2859,11/18/25 08:20:53 AM,0.33,1.34,49.1,4.078,99.696,1069.350,4.036
2860,11/18/25 08:30:53 AM,0.00,0.67,91.3,3.909,99.841,1069.350,3.888
2861,11/18/25 08:40:53 AM,0.00,0.00,91.3,3.662,99.997,1069.350,3.662
2862,11/18/25 08:50:53 AM,0.00,0.00,91.3,3.478,99.997,1069.350,3.478
2863,11/18/25 09:00:53 AM,0.00,0.00,91.3,3.504,99.997,1069.350,3.504
2864,11/18/25 09:10:53 AM,0.00,0.00,91.3,3.928,99.976,1069.350,3.926
2865,11/18/25 09:20:53 AM,0.00,0.00,91.3,4.207,98.927,1069.350,4.055
2866,11/18/25 09:30:53 AM,0.00,0.00,92.7,4.236,98.660,1069.350,4.046
2867,11/18/25 09:40:53 AM,0.00,0.00,185.3,3.944,99.831,1069.350,3.921
2868,11/18/25 09:50:53 AM,0.00,1.00,235.9,4.150,99.997,1069.350,4.151
2869,11/18/25 10:00:53 AM,0.00,0.00,279.4,4.445,99.997,1069.350,4.447
2870,11/18/25 10:10:53 AM,0.00,0.00,279.4,4.695,99.997,1069.350,4.697
2871,11/18/25 10:20:53 AM,0.00,0.00,279.4,4.936,99.188,1069.350,4.822
2872,11/18/25 10:30:53 AM,0.00,0.00,279.4,5.212,98.030,1069.350,4.930
2873,11/18/25 10:40:53 AM,0.00,0.00,307.5,5.392,96.901,1069.350,4.943
2874,11/18/25 10:50:53 AM,0.00,0.00,339.7,5.786,95.859,1069.350,5.181
2875,11/18/25 11:00:53 AM,0.33,1.00,223.2,6.043,95.311,1069.350,5.355
2876,11/18/25 11:10:53 AM,0.67,1.34,147.4,6.268,94.282,1069.350,5.422
2877,11/18/25 11:20:53 AM,0.33,1.67,108.1,6.909,91.826,1069.350,5.678
2878,11/18/25 11:30:53 AM,1.34,2.00,102.5,7.370,90.874,1069.350,5.985
2879,11/18/25 11:40:53 AM,1.00,2.00,67.4,8.620,86.616,1069.350,6.523
2880,11/18/25 11:50:53 AM,2.00,4.01,84.2,10.049,79.062,1069.350,6.596
2881,11/18/25 12:00:53 PM,3.01,4.68,71.6,10.226,76.277,1069.350,6.247
2882,11/18/25 12:10:53 PM,3.34,5.68,84.2,10.646,71.180,1069.350,5.653
2883,11/18/25 12:20:53 PM,3.34,4.68,84.2,10.874,68.695,1069.350,5.360
2884,11/18/25 12:30:53 PM,3.01,5.01,101.1,10.781,66.458,1069.350,4.795
2885,11/18/25 12:40:53 PM,2.67,4.68,94.1,11.065,65.595,1069.350,4.879
2886,11/18/25 12:50:53 PM,3.01,5.34,98.3,11.014,65.551,1069.350,4.821
2887,11/18/25 01:00:53 PM,2.34,4.68,92.7,11.561,63.487,1069.350,4.882
2888,11/18/25 01:10:53 PM,3.01,5.01,80.0,11.705,63.429,1069.350,5.005
2889,11/18/25 01:20:53 PM,3.01,5.34,77.2,10.692,66.874,1069.350,4.800
2890,11/18/25 01:30:53 PM,3.67,6.35,67.4,10.510,67.141,1069.350,4.683
2891,11/18/25 01:40:53 PM,4.01,6.01,84.2,10.692,65.962,1069.350,4.603
2892,11/18/25 01:50:53 PM,3.67,6.01,71.6,9.730,70.874,1069.350,4.710
2893,11/18/25 02:00:53 PM,3.34,5.68,70.2,10.134,71.446,1069.350,5.214
2894,11/18/25 02:10:53 PM,3.67,5.68,64.6,10.218,68.132,1069.350,4.614
2895,11/18/25 02:20:53 PM,4.01,6.01,68.8,10.751,65.942,1069.350,4.655
2896,11/18/25 02:30:53 PM,3.67,5.34,68.8,10.872,65.092,1069.350,4.585
2897,11/18/25 02:40:53 PM,3.67,5.68,70.2,11.397,62.968,1069.350,4.609
2898,11/18/25 02:50:53 PM,3.01,4.68,68.8,10.534,64.923,1069.350,4.226
2899,11/18/25 03:00:53 PM,3.34,5.01,66.0,10.587,65.132,1069.350,4.322
2900,11/18/25 03:10:53 PM,3.01,4.68,61.8,10.376,65.667,1069.350,4.238
2901,11/18/25 03:20:53 PM,2.34,4.34,78.6,10.692,65.434,1069.350,4.488
2902,11/18/25 03:30:53 PM,2.34,5.34,71.6,12.555,59.477,1069.350,4.886
2903,11/18/25 03:40:53 PM,4.01,6.01,60.4,12.435,59.632,1069.350,4.810
2904,11/18/25 03:50:53 PM,3.34,6.35,57.6,12.604,59.080,1069.350,4.836
2905,11/18/25 04:00:53 PM,4.01,6.68,59.0,12.298,59.330,1069.350,4.609
2906,11/18/25 04:10:53 PM,3.67,5.68,57.6,12.617,59.054,1069.350,4.842
2907,11/18/25 04:20:53 PM,2.34,5.01,80.0,12.539,58.738,1069.350,4.692
2908,11/18/25 04:30:53 PM,2.00,4.34,140.4,11.869,57.238,1069.350,3.694
2909,11/18/25 04:40:53 PM,2.67,4.01,92.7,10.767,62.635,1069.350,3.936
2910,11/18/25 04:50:53 PM,3.01,4.68,47.7,10.016,66.387,1069.350,4.051
2911,11/18/25 05:00:53 PM,3.01,4.68,40.7,9.748,67.254,1069.350,3.979
2912,11/18/25 05:10:53 PM,2.67,4.01,51.9,9.531,68.186,1069.350,3.968
2913,11/18/25 05:20:53 PM,2.34,4.01,61.8,9.381,69.076,1069.350,4.009
2914,11/18/25 05:30:53 PM,2.67,4.01,63.2,9.250,69.667,1069.350,4.004
2915,11/18/25 05:40:53 PM,2.67,4.34,57.6,9.842,67.703,1069.350,4.164
2916,11/18/25 05:50:53 PM,3.01,4.68,57.6,9.810,67.730,1069.350,4.139
2917,11/18/25 06:00:53 PM,2.67,4.34,54.8,9.429,69.232,1069.350,4.087
2918,11/18/25 06:10:53 PM,2.34,3.34,54.8,8.684,72.297,1069.350,3.987
2919,11/18/25 06:20:53 PM,2.00,3.34,54.8,8.394,73.715,1069.350,3.984
2920,11/18/25 06:30:53 PM,2.00,3.67,57.6,8.140,74.656,1069.350,3.919
2921,11/18/25 06:40:53 PM,1.67,2.67,66.0,7.936,75.657,1069.350,3.911
2922,11/18/25 06:50:53 PM,1.34,2.34,87.0,7.587,77.574,1069.350,3.928
2923,11/18/25 07:00:53 PM,1.34,1.67,73.0,7.132,79.774,1069.350,3.882
2924,11/18/25 07:10:53 PM,1.34,1.67,56.2,6.582,81.318,1069.350,3.618
2925,11/18/25 07:20:53 PM,1.34,1.67,46.3,5.872,83.326,1069.350,3.268
2926,11/18/25 07:30:53 PM,1.34,1.67,51.9,5.842,84.012,1069.350,3.355
2927,11/18/25 07:40:53 PM,1.00,1.67,46.3,5.394,85.382,1069.350,3.144
2928,11/18/25 07:50:53 PM,0.67,1.67,30.9,4.947,87.124,1069.350,2.989
2929,11/18/25 08:00:53 PM,0.33,1.00,44.9,4.553,88.441,1069.350,2.812
2930,11/18/25 08:10:53 PM,0.33,1.34,192.3,4.215,89.093,1069.350,2.581
2931,11/18/25 08:20:53 PM,1.00,1.67,268.1,3.719,90.603,1069.350,2.327
2932,11/18/25 08:30:53 PM,0.67,1.00,275.2,4.384,90.196,1069.350,2.922
2933,11/18/25 08:40:53 PM,0.67,1.34,275.2,3.831,89.520,1069.350,2.269
2934,11/18/25 08:50:53 PM,1.00,1.34,308.9,2.923,91.781,1069.350,1.719
2935,11/18/25 09:00:53 PM,1.00,1.67,327.1,3.137,92.459,1069.350,2.034
2936,11/18/25 09:10:53 PM,1.00,1.67,0.0,3.955,91.078,1069.350,2.634
2937,11/18/25 09:20:53 PM,0.67,1.34,342.6,4.247,89.435,1069.350,2.667
2938,11/18/25 09:30:53 PM,0.33,1.00,273.8,3.486,91.080,1069.350,2.170
2939,11/18/25 09:40:53 PM,0.67,1.00,280.8,2.823,92.782,1069.350,1.771
2940,11/18/25 09:50:53 PM,0.00,0.67,283.6,3.376,91.716,1069.350,2.158
2941,11/18/25 10:00:53 PM,0.00,0.00,283.6,3.504,92.552,1069.350,2.413
2942,11/18/25 10:10:53 PM,0.33,1.34,275.2,3.617,90.759,1069.350,2.250
2943,11/18/25 10:20:53 PM,1.00,1.34,279.4,2.271,93.964,1069.350,1.399
2944,11/18/25 10:30:53 PM,0.67,1.34,282.2,2.861,94.717,1069.350,2.098
2945,11/18/25 10:40:53 PM,0.67,1.00,282.2,3.142,92.981,1069.350,2.118
2946,11/18/25 10:50:53 PM,1.00,1.34,282.2,2.968,93.436,1069.350,2.014
2947,11/18/25 11:00:53 PM,1.00,1.67,271.0,2.882,93.417,1069.350,1.925
2948,11/18/25 11:10:53 PM,1.34,1.67,273.8,2.024,94.833,1069.350,1.282
2949,11/18/25 11:20:53 PM,1.00,1.34,297.6,2.346,95.560,1069.350,1.709
2950,11/18/25 11:30:53 PM,0.67,1.34,334.1,2.571,93.266,1069.350,1.594
2951,11/18/25 11:40:53 PM,0.00,0.67,15.4,2.357,93.326,1069.350,1.390
2952,11/18/25 11:50:53 PM,0.00,0.00,44.9,1.298,95.383,1069.350,0.639
2953,11/19/25 12:00:53 AM,0.00,0.00,25.3,1.040,97.942,1069.350,0.748
2954,11/19/25 12:10:53 AM,0.00,0.00,8.4,1.483,96.316,1069.350,0.958
2955,11/19/25 12:20:53 AM,0.00,0.00,317.3,1.204,96.651,1069.350,0.728
2956,11/19/25 12:30:53 AM,0.00,0.00,310.3,2.043,96.233,1069.350,1.505
2957,11/19/25 12:40:53 AM,0.00,0.00,310.3,2.445,94.491,1069.350,1.651
2958,11/19/25 12:50:53 AM,0.00,0.00,308.9,2.636,94.336,1069.350,1.818
2959,11/19/25 01:00:53 AM,0.00,0.00,148.8,1.786,93.631,1069.350,0.868
2960,11/19/25 01:10:53 AM,0.67,2.00,256.9,0.467,97.151,1069.350,0.064
2961,11/19/25 01:20:53 AM,1.00,1.34,317.3,1.317,98.483,1069.350,1.102
2962,11/19/25 01:30:53 AM,1.00,1.67,355.2,2.526,96.202,1069.350,1.982
2963,11/19/25 01:40:53 AM,0.33,1.00,336.9,2.831,95.071,1069.350,2.120
2964,11/19/25 01:50:53 AM,0.00,0.00,271.0,2.523,96.085,1069.350,1.962
2965,11/19/25 02:00:53 AM,0.00,0.00,271.0,2.225,96.304,1069.350,1.697
2966,11/19/25 02:10:53 AM,0.67,1.34,271.0,2.368,96.461,1069.350,1.862
2967,11/19/25 02:20:53 AM,0.67,1.00,271.0,2.303,96.921,1069.350,1.864
2968,11/19/25 02:30:53 AM,0.67,1.00,293.4,2.622,96.896,1069.350,2.178
2969,11/19/25 02:40:53 AM,0.33,0.67,294.8,2.797,96.521,1069.350,2.299
2970,11/19/25 02:50:53 AM,0.00,0.67,294.8,3.086,95.901,1069.350,2.496
2971,11/19/25 03:00:53 AM,0.33,1.34,271.0,2.893,95.755,1069.350,2.283
2972,11/19/25 03:10:53 AM,0.67,1.34,242.9,2.073,97.958,1069.350,1.783
2973,11/19/25 03:20:53 AM,1.00,1.34,286.4,2.276,98.631,1069.350,2.081
2974,11/19/25 03:30:53 AM,1.00,1.34,287.8,2.842,97.432,1069.350,2.475
2975,11/19/25 03:40:53 AM,0.33,1.00,286.4,3.083,96.283,1069.350,2.549
2976,11/19/25 03:50:53 AM,0.00,0.00,290.6,3.075,96.085,1069.350,2.512
2977,11/19/25 04:00:53 AM,0.00,0.00,317.3,3.620,93.912,1069.350,2.733
2978,11/19/25 04:10:53 AM,0.67,2.00,299.0,3.402,95.344,1069.350,2.729
2979,11/19/25 04:20:53 AM,1.34,2.00,346.8,3.896,93.738,1069.350,2.981
2980,11/19/25 04:30:53 AM,1.00,1.67,4.2,4.177,92.639,1069.350,3.094
2981,11/19/25 04:40:53 AM,1.00,1.67,60.4,3.957,93.118,1069.350,2.948
2982,11/19/25 04:50:53 AM,0.67,1.34,144.6,2.901,96.007,1069.350,2.327
2983,11/19/25 05:00:53 AM,0.33,1.34,144.6,2.373,98.030,1069.350,2.093
2984,11/19/25 05:10:53 AM,0.33,1.00,195.1,2.325,98.621,1069.350,2.129
2985,11/19/25 05:20:53 AM,0.67,1.34,285.0,2.711,98.033,1069.350,2.431
2986,11/19/25 05:30:53 AM,0.33,1.00,289.2,2.877,96.773,1069.350,2.415
2987,11/19/25 05:40:53 AM,0.00,0.67,294.8,2.896,96.329,1069.350,2.369
2988,11/19/25 05:50:53 AM,0.33,1.34,313.1,2.815,95.682,1069.350,2.194
2989,11/19/25 06:00:53 AM,0.67,1.00,331.3,2.786,95.955,1069.350,2.205
2990,11/19/25 06:10:53 AM,1.00,1.34,331.3,2.973,95.300,1069.350,2.295
2991,11/19/25 06:20:53 AM,0.00,0.67,327.1,3.083,94.691,1069.350,2.315
2992,11/19/25 06:30:53 AM,0.67,1.67,265.3,2.357,96.138,1069.350,1.804
2993,11/19/25 06:40:53 AM,0.00,0.67,292.0,2.502,96.847,1069.350,2.052
2994,11/19/25 06:50:53 AM,0.00,0.00,259.7,2.416,96.863,1069.350,1.968
2995,11/19/25 07:00:53 AM,0.00,0.00,259.7,2.325,97.343,1069.350,1.946
2996,11/19/25 07:10:53 AM,0.00,0.00,259.7,1.955,97.470,1069.350,1.595
2997,11/19/25 07:20:53 AM,0.33,1.00,294.8,2.212,96.986,1069.350,1.782
2998,11/19/25 07:30:53 AM,0.00,0.00,301.8,2.582,95.853,1069.350,1.987
2999,11/19/25 07:40:53 AM,0.00,0.00,299.0,2.440,95.848,1069.350,1.845
3000,11/19/25 07:50:53 AM,1.00,2.00,259.7,1.448,97.205,1069.350,1.051
3001,11/19/25 08:00:53 AM,0.67,1.34,278.0,1.445,98.532,1069.350,1.236
3002,11/19/25 08:10:53 AM,0.00,0.67,278.0,2.065,98.326,1069.350,1.827
3003,11/19/25 08:20:53 AM,0.00,0.00,278.0,2.260,96.706,1069.350,1.790
3004,11/19/25 08:30:53 AM,0.00,0.00,278.0,1.788,97.884,1069.350,1.487
3005,11/19/25 08:40:53 AM,0.00,0.00,278.0,2.271,98.087,1069.350,1.999
3006,11/19/25 08:50:53 AM,0.00,0.00,278.0,2.427,96.980,1069.350,1.996
3007,11/19/25 09:00:53 AM,0.00,0.00,289.2,2.561,97.173,1069.350,2.158
3008,11/19/25 09:10:53 AM,0.00,0.00,355.2,2.813,96.077,1069.350,2.250
3009,11/19/25 09:20:53 AM,0.00,0.00,0.0,2.528,96.623,1069.350,2.045
3010,11/19/25 09:30:53 AM,0.00,0.00,25.3,1.979,97.615,1069.350,1.640
3011,11/19/25 09:40:53 AM,0.67,1.34,116.5,2.032,98.408,1069.350,1.806
3012,11/19/25 09:50:53 AM,0.33,1.34,150.2,2.207,98.911,1069.350,2.052
3013,11/19/25 10:00:53 AM,0.00,0.00,150.2,2.472,98.300,1069.350,2.230
3014,11/19/25 10:10:53 AM,0.00,0.00,147.4,2.754,97.644,1069.350,2.418
3015,11/19/25 10:20:53 AM,0.00,1.34,124.9,3.043,97.052,1069.350,2.621
3016,11/19/25 10:30:53 AM,0.33,1.67,42.1,3.161,97.223,1069.350,2.764
3017,11/19/25 10:40:53 AM,0.33,1.34,308.9,3.333,96.333,1069.350,2.806
3018,11/19/25 10:50:53 AM,0.00,0.00,294.8,3.708,94.455,1069.350,2.902
3019,11/19/25 11:00:53 AM,0.33,1.34,224.6,4.075,93.544,1069.350,3.130
3020,11/19/25 11:10:53 AM,1.00,1.67,134.8,4.437,92.601,1069.350,3.346
3021,11/19/25 11:20:53 AM,1.34,2.00,92.7,5.091,90.994,1069.350,3.746
3022,11/19/25 11:30:53 AM,1.34,2.00,81.4,5.542,89.400,1069.350,3.942
3023,11/19/25 11:40:53 AM,1.34,3.01,91.3,5.890,88.598,1069.350,4.157
3024,11/19/25 11:50:53 AM,1.67,2.67,71.6,6.419,86.886,1069.350,4.400
3025,11/19/25 12:00:53 PM,1.67,3.01,81.4,6.687,85.812,1069.350,4.487
3026,11/19/25 12:10:53 PM,2.00,3.67,88.4,6.797,83.911,1069.350,4.275
3027,11/19/25 12:20:53 PM,2.67,5.01,77.2,7.365,81.660,1069.350,4.443
3028,11/19/25 12:30:53 PM,2.67,4.68,75.8,8.373,78.296,1069.350,4.824
3029,11/19/25 12:40:53 PM,2.34,3.67,108.1,9.459,75.180,1069.350,5.295
3030,11/19/25 12:50:53 PM,2.34,4.34,102.5,9.502,73.912,1069.350,5.092
3031,11/19/25 01:00:53 PM,2.67,4.68,96.9,9.330,73.893,1069.350,4.922
3032,11/19/25 01:10:53 PM,2.67,5.01,92.7,8.893,74.777,1069.350,4.670
3033,11/19/25 01:20:53 PM,2.34,4.01,85.6,9.907,71.460,1069.350,4.999
3034,11/19/25 01:30:53 PM,2.34,4.01,71.6,9.456,72.712,1069.350,4.813
3035,11/19/25 01:40:53 PM,3.01,5.01,54.8,9.016,74.336,1069.350,4.705
3036,11/19/25 01:50:53 PM,3.01,4.68,70.2,8.813,75.048,1069.350,4.645
3037,11/19/25 02:00:53 PM,3.01,4.68,67.4,8.620,76.565,1069.350,4.744
3038,11/19/25 02:10:53 PM,3.34,5.01,56.2,8.842,76.715,1069.350,4.988
3039,11/19/25 02:20:53 PM,3.01,5.01,60.4,10.762,70.079,1069.350,5.540
3040,11/19/25 02:30:53 PM,2.00,3.34,60.4,9.896,71.855,1069.350,5.067
3041,11/19/25 02:40:53 PM,3.01,5.34,88.4,10.352,69.677,1069.350,5.063
3042,11/19/25 02:50:53 PM,2.67,4.68,73.0,10.445,69.610,1069.350,5.139
3043,11/19/25 03:00:53 PM,2.67,5.01,95.5,11.132,67.228,1069.350,5.296
3044,11/19/25 03:10:53 PM,3.01,6.35,75.8,11.311,67.108,1069.350,5.441
3045,11/19/25 03:20:53 PM,3.34,5.34,68.8,11.268,67.465,1069.350,5.476
3046,11/19/25 03:30:53 PM,3.01,5.01,67.4,11.360,66.023,1069.350,5.253
3047,11/19/25 03:40:53 PM,3.01,5.01,61.8,11.397,64.535,1069.350,4.961
3048,11/19/25 03:50:53 PM,2.34,3.67,85.6,10.081,67.051,1069.350,4.254
3049,11/19/25 04:00:53 PM,2.00,3.01,82.8,10.327,66.857,1069.350,4.448
3050,11/19/25 04:10:53 PM,2.67,5.34,87.0,11.614,63.871,1069.350,5.019
3051,11/19/25 04:20:53 PM,3.01,5.34,119.3,11.172,65.812,1069.350,5.028
3052,11/19/25 04:30:53 PM,3.67,6.01,134.8,10.550,68.219,1069.350,4.950
3053,11/19/25 04:40:53 PM,3.34,4.68,157.2,9.762,74.331,1069.350,5.425
3054,11/19/25 04:50:53 PM,3.01,5.01,153.0,9.432,76.361,1069.350,5.493
3055,11/19/25 05:00:53 PM,3.34,5.34,162.9,8.813,78.430,1069.350,5.277
3056,11/19/25 05:10:53 PM,2.67,4.01,167.1,8.494,79.551,1069.350,5.170
3057,11/19/25 05:20:53 PM,2.34,4.01,171.3,8.373,79.857,1069.350,5.107
3058,11/19/25 05:30:53 PM,2.00,3.34,185.3,8.285,80.072,1069.350,5.060
3059,11/19/25 05:40:53 PM,2.67,4.01,186.7,7.386,82.519,1069.350,4.613
3060,11/19/25 05:50:53 PM,1.34,3.01,192.3,6.330,85.853,1069.350,4.142
3061,11/19/25 06:00:53 PM,0.33,1.00,202.2,6.126,86.513,1069.350,4.051
3062,11/19/25 06:10:53 PM,0.00,0.00,214.8,5.834,87.576,1069.350,3.937
3063,11/19/25 06:20:53 PM,0.67,1.00,297.6,5.488,88.110,1069.350,3.682
3064,11/19/25 06:30:53 PM,0.67,1.00,317.3,5.177,89.014,1069.350,3.519
3065,11/19/25 06:40:53 PM,1.00,1.67,345.4,4.378,89.975,1069.350,2.881
3066,11/19/25 06:50:53 PM,1.00,2.00,355.2,3.923,91.408,1069.350,2.653
3067,11/19/25 07:00:53 PM,0.67,1.67,351.0,3.427,92.750,1069.350,2.366
3068,11/19/25 07:10:53 PM,0.67,1.34,332.7,3.713,92.621,1069.350,2.631
3069,11/19/25 07:20:53 PM,1.00,1.34,300.4,3.140,93.155,1069.350,2.142
3070,11/19/25 07:30:53 PM,0.67,1.34,297.6,2.700,92.924,1069.350,1.671
3071,11/19/25 07:40:53 PM,0.00,1.00,297.6,2.853,95.863,1069.350,2.259
3072,11/19/25 07:50:53 PM,0.00,0.00,297.6,3.609,94.923,1069.350,2.873
3073,11/19/25 08:00:53 PM,0.00,0.00,297.6,3.475,94.974,1069.350,2.747
3074,11/19/25 08:10:53 PM,0.67,1.34,297.6,2.432,94.313,1069.350,1.611
3075,11/19/25 08:20:53 PM,0.33,1.00,297.6,2.555,96.411,1069.350,2.041
3076,11/19/25 08:30:53 PM,0.33,0.67,297.6,2.805,94.981,1069.350,2.081
3077,11/19/25 08:40:53 PM,0.33,1.00,297.6,1.427,95.209,1069.350,0.742
3078,11/19/25 08:50:53 PM,1.34,1.67,289.2,1.309,97.069,1069.350,0.893
3079,11/19/25 09:00:53 PM,0.67,1.34,289.2,2.705,97.827,1069.350,2.395
3080,11/19/25 09:10:53 PM,0.67,1.67,278.0,3.051,95.732,1069.350,2.437
3081,11/19/25 09:20:53 PM,1.00,1.67,271.0,1.837,96.033,1069.350,1.271
3082,11/19/25 09:30:53 PM,1.00,1.34,293.4,1.727,97.858,1069.350,1.423
3083,11/19/25 09:40:53 PM,0.00,1.00,327.1,2.957,97.305,1069.350,2.572
3084,11/19/25 09:50:53 PM,0.00,0.00,0.0,3.357,95.213,1069.350,2.665
3085,11/19/25 10:00:53 PM,0.00,0.00,0.0,2.797,95.996,1069.350,2.222
3086,11/19/25 10:10:53 PM,0.00,0.00,0.0,2.582,97.229,1069.350,2.187
3087,11/19/25 10:20:53 PM,0.00,0.00,349.6,2.630,97.125,1069.350,2.219
3088,11/19/25 10:30:53 PM,0.00,0.00,216.2,2.351,97.598,1069.350,2.009
3089,11/19/25 10:40:53 PM,0.00,0.00,216.2,2.185,97.855,1069.350,1.880
3090,11/19/25 10:50:53 PM,0.67,1.34,205.0,2.145,98.315,1069.350,1.906
3091,11/19/25 11:00:53 PM,1.00,1.34,43.5,2.507,98.576,1069.350,2.305
3092,11/19/25 11:10:53 PM,0.67,2.00,244.3,1.788,97.171,1069.350,1.386
3093,11/19/25 11:20:53 PM,0.33,1.67,313.1,1.593,99.353,1069.350,1.500
3094,11/19/25 11:30:53 PM,1.00,2.34,47.7,2.957,97.948,1069.350,2.665
3095,11/19/25 11:40:53 PM,1.34,2.00,102.5,2.915,97.015,1069.350,2.488
3096,11/19/25 11:50:53 PM,1.00,2.00,108.1,2.110,98.312,1069.350,1.870
3097,11/20/25 12:00:53 AM,1.34,2.34,66.0,2.906,97.920,1069.350,2.610
3098,11/20/25 12:10:53 AM,1.00,1.67,96.9,2.646,97.420,1069.350,2.278
3099,11/20/25 12:20:53 AM,0.67,1.34,78.6,2.231,98.161,1069.350,1.970
3100,11/20/25 12:30:53 AM,1.00,1.67,95.5,1.990,99.236,1069.350,1.881
3101,11/20/25 12:40:53 AM,0.67,1.34,157.2,1.864,99.297,1069.350,1.763
3102,11/20/25 12:50:53 AM,2.00,4.01,46.3,2.604,99.686,1069.350,2.559
3103,11/20/25 01:00:53 AM,3.01,4.68,50.5,3.826,96.800,1069.350,3.366
3104,11/20/25 01:10:53 AM,3.01,4.68,42.1,3.585,96.692,1069.350,3.110
3105,11/20/25 01:20:53 AM,2.00,3.67,57.6,3.180,97.530,1069.350,2.827
3106,11/20/25 01:30:53 AM,1.34,2.34,64.6,2.839,97.864,1069.350,2.535
3107,11/20/25 01:40:53 AM,1.67,3.01,85.6,2.748,98.253,1069.350,2.499
3108,11/20/25 01:50:53 AM,1.67,3.34,80.0,2.788,99.136,1069.350,2.665
3109,11/20/25 02:00:53 AM,1.67,2.67,124.9,2.311,99.229,1069.350,2.201
3110,11/20/25 02:10:53 AM,1.34,1.67,139.0,1.687,99.963,1069.350,1.680
3111,11/20/25 02:20:53 AM,1.34,1.67,129.2,1.542,99.997,1069.350,1.539
3112,11/20/25 02:30:53 AM,1.34,2.00,140.4,1.547,99.997,1069.350,1.544
3113,11/20/25 02:40:53 AM,0.67,2.00,95.5,1.735,99.997,1069.350,1.732
3114,11/20/25 02:50:53 AM,0.33,1.67,60.4,1.775,99.997,1069.350,1.772
3115,11/20/25 03:00:53 AM,1.67,3.01,60.4,1.858,99.997,1069.350,1.856
3116,11/20/25 03:10:53 AM,1.34,2.00,63.2,1.998,99.997,1069.350,1.996
3117,11/20/25 03:20:53 AM,1.34,2.34,67.4,2.043,99.997,1069.350,2.041
3118,11/20/25 03:30:53 AM,1.00,1.67,50.5,1.987,99.997,1069.350,1.985
3119,11/20/25 03:40:53 AM,1.00,2.00,60.4,2.046,99.997,1069.350,2.044
3120,11/20/25 03:50:53 AM,0.67,2.34,122.1,1.998,99.997,1069.350,1.996
3121,11/20/25 04:00:53 AM,0.67,2.34,167.1,2.051,99.997,1069.350,2.049
3122,11/20/25 04:10:53 AM,0.33,1.34,103.9,2.301,99.997,1069.350,2.299
3123,11/20/25 04:20:53 AM,1.67,2.00,91.3,2.242,99.997,1069.350,2.240
3124,11/20/25 04:30:53 AM,1.34,2.00,95.5,1.928,99.997,1069.350,1.926
3125,11/20/25 04:40:53 AM,1.00,1.67,98.3,1.864,99.997,1069.350,1.862
3126,11/20/25 04:50:53 AM,0.67,1.00,94.1,1.928,99.997,1069.350,1.926
3127,11/20/25 05:00:53 AM,1.67,2.67,42.1,2.046,99.997,1069.350,2.044
3128,11/20/25 05:10:53 AM,1.67,3.01,71.6,2.086,99.997,1069.350,2.084
3129,11/20/25 05:20:53 AM,1.67,3.01,56.2,2.014,99.997,1069.350,2.012
3130,11/20/25 05:30:53 AM,1.67,3.01,77.2,2.078,99.997,1069.350,2.076
3131,11/20/25 05:40:53 AM,0.00,1.34,119.3,1.885,99.997,1069.350,1.883
3132,11/20/25 05:50:53 AM,1.00,1.67,164.3,1.834,99.997,1069.350,1.832
3133,11/20/25 06:00:53 AM,1.00,1.67,212.0,1.933,99.997,1069.350,1.931
3134,11/20/25 06:10:53 AM,0.33,1.34,28.1,1.738,99.997,1069.350,1.735
3135,11/20/25 06:20:53 AM,0.00,1.34,307.5,1.802,99.997,1069.350,1.799
3136,11/20/25 06:30:53 AM,1.00,1.67,261.1,1.909,99.997,1069.350,1.907
3137,11/20/25 06:40:53 AM,0.00,0.00,275.2,1.864,99.997,1069.350,1.862
3138,11/20/25 06:50:53 AM,0.67,2.00,355.2,2.301,99.997,1069.350,2.299
3139,11/20/25 07:00:53 AM,0.33,1.67,49.1,2.700,99.997,1069.350,2.699
3140,11/20/25 07:10:53 AM,0.00,0.00,51.9,2.679,99.997,1069.350,2.678
3141,11/20/25 07:20:53 AM,0.00,0.00,54.8,2.628,99.997,1069.350,2.627
3142,11/20/25 07:30:53 AM,0.00,0.00,132.0,2.475,99.997,1069.350,2.474
3143,11/20/25 07:40:53 AM,0.00,0.00,186.7,2.108,99.997,1069.350,2.106
3144,11/20/25 07:50:53 AM,0.00,0.00,186.7,2.193,99.997,1069.350,2.191
3145,11/20/25 08:00:53 AM,0.00,0.00,169.9,2.384,99.997,1069.350,2.382
3146,11/20/25 08:10:53 AM,0.00,0.00,82.8,2.518,99.997,1069.350,2.517
3147,11/20/25 08:20:53 AM,0.00,0.00,101.1,2.571,99.997,1069.350,2.570
3148,11/20/25 08:30:53 AM,0.00,0.00,106.7,2.555,99.997,1069.350,2.554
3149,11/20/25 08:40:53 AM,0.00,0.00,99.7,2.625,99.997,1069.350,2.624
3150,11/20/25 08:50:53 AM,0.00,0.00,99.7,2.652,99.997,1069.350,2.651
3151,11/20/25 09:00:53 AM,0.33,1.00,132.0,2.636,99.997,1069.350,2.635
3152,11/20/25 09:10:53 AM,0.00,1.00,165.7,2.711,99.997,1069.350,2.710
3153,11/20/25 09:20:53 AM,0.33,1.67,165.7,2.799,99.997,1069.350,2.798
3154,11/20/25 09:30:53 AM,1.00,2.34,144.6,2.904,99.997,1069.350,2.903
3155,11/20/25 09:40:53 AM,0.00,0.00,116.5,2.944,99.997,1069.350,2.943
3156,11/20/25 09:50:53 AM,0.33,1.34,335.5,3.000,99.997,1069.350,2.999
3157,11/20/25 10:00:53 AM,0.00,0.00,335.5,3.126,99.997,1069.350,3.126
3158,11/20/25 10:10:53 AM,0.00,0.00,37.9,3.212,99.997,1069.350,3.212
3159,11/20/25 10:20:53 AM,0.00,1.00,143.2,3.156,99.997,1069.350,3.156
3160,11/20/25 10:30:53 AM,0.00,0.33,77.2,3.199,99.997,1069.350,3.199
3161,11/20/25 10:40:53 AM,0.33,1.34,63.2,3.258,99.997,1069.350,3.258
3162,11/20/25 10:50:53 AM,1.34,2.00,75.8,3.306,99.991,1069.350,3.305
3163,11/20/25 11:00:53 AM,1.00,2.00,87.0,3.215,99.982,1069.350,3.213
3164,11/20/25 11:10:53 AM,1.67,3.34,56.2,3.250,99.556,1069.350,3.187
3165,11/20/25 11:20:53 AM,2.34,3.34,56.2,3.373,99.884,1069.350,3.357
3166,11/20/25 11:30:53 AM,3.01,4.34,54.8,3.638,99.533,1069.350,3.572
3167,11/20/25 11:40:53 AM,2.67,4.34,64.6,3.869,99.358,1069.350,3.779
3168,11/20/25 11:50:53 AM,2.34,3.67,73.0,4.137,99.451,1069.350,4.060
3169,11/20/25 12:00:53 PM,2.67,4.01,73.0,4.057,98.814,1069.350,3.889
3170,11/20/25 12:10:53 PM,2.00,3.34,67.4,3.992,99.124,1069.350,3.868
3171,11/20/25 12:20:53 PM,2.00,3.01,54.8,3.893,98.917,1069.350,3.740
3172,11/20/25 12:30:53 PM,2.00,3.67,66.0,3.965,98.579,1069.350,3.763
3173,11/20/25 12:40:53 PM,2.34,3.67,70.2,3.944,98.393,1069.350,3.715
3174,11/20/25 12:50:53 PM,1.34,2.67,81.4,4.156,98.021,1069.350,3.873
3175,11/20/25 01:00:53 PM,1.00,1.67,82.8,4.402,97.403,1069.350,4.029
3176,11/20/25 01:10:53 PM,1.67,2.67,68.8,4.547,96.733,1069.350,4.075
3177,11/20/25 01:20:53 PM,1.34,2.34,68.8,4.625,96.544,1069.350,4.125
3178,11/20/25 01:30:53 PM,1.34,2.34,96.9,4.898,96.632,1069.350,4.411
3179,11/20/25 01:40:53 PM,1.34,2.67,108.1,4.901,96.036,1069.350,4.325
3180,11/20/25 01:50:53 PM,1.00,2.34,109.5,4.949,95.933,1069.350,4.358
3181,11/20/25 02:00:53 PM,1.34,2.34,94.1,5.038,95.863,1069.350,4.436
3182,11/20/25 02:10:53 PM,1.34,2.34,71.6,5.317,95.732,1069.350,4.695
3183,11/20/25 02:20:53 PM,1.67,2.67,73.0,5.456,94.946,1069.350,4.715
3184,11/20/25 02:30:53 PM,1.00,2.34,78.6,5.789,93.225,1069.350,4.784
3185,11/20/25 02:40:53 PM,1.00,2.34,89.9,5.979,92.119,1069.350,4.802
3186,11/20/25 02:50:53 PM,0.33,2.00,87.0,6.164,89.848,1069.350,4.628
3187,11/20/25 03:00:53 PM,0.67,2.00,87.0,6.443,88.679,1069.350,4.716
3188,11/20/25 03:10:53 PM,1.00,2.34,106.7,6.612,88.214,1069.350,4.808
3189,11/20/25 03:20:53 PM,1.00,2.00,80.0,6.842,87.103,1069.350,4.853
3190,11/20/25 03:30:53 PM,1.34,2.34,81.4,7.708,83.317,1069.350,5.066
3191,11/20/25 03:40:53 PM,1.00,3.01,103.9,7.153,83.874,1069.350,4.618
3192,11/20/25 03:50:53 PM,2.00,3.34,82.8,7.075,84.955,1069.350,4.724
3193,11/20/25 04:00:53 PM,1.67,3.34,81.4,7.807,82.649,1069.350,5.048
3194,11/20/25 04:10:53 PM,1.34,2.67,84.2,7.770,80.911,1069.350,4.707
3195,11/20/25 04:20:53 PM,1.34,2.67,103.9,7.065,82.827,1069.350,4.352
3196,11/20/25 04:30:53 PM,0.67,1.34,115.1,6.915,83.726,1069.350,4.359
3197,11/20/25 04:40:53 PM,0.33,1.34,84.2,7.134,82.754,1069.350,4.407
3198,11/20/25 04:50:53 PM,0.00,1.00,37.9,7.386,82.061,1069.350,4.534
3199,11/20/25 05:00:53 PM,0.00,1.34,88.4,7.140,83.070,1069.350,4.467
3200,11/20/25 05:10:53 PM,0.33,1.34,78.6,6.960,83.548,1069.350,4.373
3201,11/20/25 05:20:53 PM,0.33,1.34,117.9,6.968,85.461,1069.350,4.704
3202,11/20/25 05:30:53 PM,0.67,1.34,133.4,7.974,81.408,1069.350,4.994
3203,11/20/25 05:40:53 PM,0.33,1.00,113.7,8.478,78.585,1069.350,4.979
3204,11/20/25 05:50:53 PM,0.00,0.00,110.9,7.751,80.218,1069.350,4.565
3205,11/20/25 06:00:53 PM,0.00,0.00,110.9,6.271,86.250,1069.350,4.150
3206,11/20/25 06:10:53 PM,0.00,0.00,110.9,5.748,88.382,1069.350,3.982
3207,11/20/25 06:20:53 PM,0.00,0.00,106.7,4.711,90.780,1069.350,3.337
3208,11/20/25 06:30:53 PM,0.67,1.67,329.9,3.370,94.633,1069.350,2.592
3209,11/20/25 06:40:53 PM,1.34,1.67,297.6,2.813,96.255,1069.350,2.276
3210,11/20/25 06:50:53 PM,1.67,2.67,294.8,2.786,95.973,1069.350,2.208
3211,11/20/25 07:00:53 PM,1.34,2.67,287.8,2.668,95.891,1069.350,2.078
3212,11/20/25 07:10:53 PM,1.00,1.67,266.7,2.250,96.445,1069.350,1.742
3213,11/20/25 07:20:53 PM,1.00,2.00,263.9,1.949,96.959,1069.350,1.516
3214,11/20/25 07:30:53 PM,1.00,1.67,271.0,2.054,96.805,1069.350,1.598
3215,11/20/25 07:40:53 PM,1.00,2.00,265.3,1.914,96.408,1069.350,1.402
3216,11/20/25 07:50:53 PM,1.00,1.67,273.8,0.898,97.145,1069.350,0.493
3217,11/20/25 08:00:53 PM,1.34,2.00,279.4,1.351,98.441,1069.350,1.130
3218,11/20/25 08:10:53 PM,1.34,2.00,290.6,1.652,97.044,1069.350,1.232
3219,11/20/25 08:20:53 PM,1.00,1.67,286.4,1.486,97.543,1069.350,1.137
3220,11/20/25 08:30:53 PM,0.33,1.00,293.4,1.225,97.473,1069.350,0.867
3221,11/20/25 08:40:53 PM,0.33,1.67,252.7,0.923,97.899,1069.350,0.625
3222,11/20/25 08:50:53 PM,1.00,1.34,268.1,0.539,98.038,1069.350,0.261
3223,11/20/25 09:00:53 PM,0.67,1.34,282.2,0.547,98.862,1069.350,0.385
3224,11/20/25 09:10:53 PM,1.34,2.67,286.4,0.641,98.851,1069.350,0.477
3225,11/20/25 09:20:53 PM,1.00,1.67,294.8,0.630,98.648,1069.350,0.438
3226,11/20/25 09:30:53 PM,1.00,1.67,272.4,0.469,99.112,1069.350,0.342
3227,11/20/25 09:40:53 PM,1.00,1.67,276.6,0.287,99.103,1069.350,0.158
3228,11/20/25 09:50:53 PM,1.00,1.34,285.0,0.091,99.677,1069.350,0.042
3229,11/20/25 10:00:53 PM,1.00,1.67,292.0,0.252,99.835,1069.350,0.225
3230,11/20/25 10:10:53 PM,1.00,1.67,271.0,0.116,99.721,1069.350,0.073
3231,11/20/25 10:20:53 PM,1.34,2.00,272.4,-0.088,99.855,1069.350,-0.113
3232,11/20/25 10:30:53 PM,1.67,2.67,294.8,0.207,99.997,1069.350,0.202
3233,11/20/25 10:40:53 PM,1.67,2.34,273.8,0.687,99.202,1069.350,0.572
3234,11/20/25 10:50:53 PM,1.34,2.67,280.8,0.220,99.219,1069.350,0.107
3235,11/20/25 11:00:53 PM,1.34,2.67,269.6,0.973,99.443,1069.350,0.892
3236,11/20/25 11:10:53 PM,1.00,2.00,249.9,1.027,98.926,1069.350,0.874
3237,11/20/25 11:20:53 PM,1.34,2.67,266.7,1.563,98.354,1069.350,1.329
3238,11/20/25 11:30:53 PM,1.00,2.00,245.7,1.166,98.186,1069.350,0.909
3239,11/20/25 11:40:53 PM,1.00,2.00,256.9,1.199,98.537,1069.350,0.991
3240,11/20/25 11:50:53 PM,2.00,3.01,247.1,1.024,99.788,1069.350,0.991
3241,11/21/25 12:00:53 AM,2.34,3.67,259.7,1.164,99.997,1069.350,1.160
3242,11/21/25 12:10:53 AM,1.34,2.34,247.1,1.343,99.997,1069.350,1.340
3243,11/21/25 12:20:53 AM,1.00,2.00,252.7,1.566,99.983,1069.350,1.561
3244,11/21/25 12:30:53 AM,1.67,2.67,228.8,1.319,99.951,1069.350,1.309
3245,11/21/25 12:40:53 AM,1.67,2.67,244.3,1.510,99.927,1069.350,1.497
3246,11/21/25 12:50:53 AM,2.67,3.34,259.7,1.598,99.504,1069.350,1.526
3247,11/21/25 01:00:53 AM,2.67,4.01,255.5,1.641,99.069,1069.350,1.508
3248,11/21/25 01:10:53 AM,2.67,3.67,261.1,1.467,99.232,1069.350,1.357
3249,11/21/25 01:20:53 AM,2.67,4.34,256.9,1.786,98.227,1069.350,1.534
3250,11/21/25 01:30:53 AM,1.67,3.01,261.1,1.649,97.377,1069.350,1.276
3251,11/21/25 01:40:53 AM,1.34,2.34,252.7,1.574,97.188,1069.350,1.174
3252,11/21/25 01:50:53 AM,2.00,3.67,241.5,1.499,97.754,1069.350,1.180
3253,11/21/25 02:00:53 AM,2.34,3.67,242.9,1.445,98.668,1069.350,1.256
3254,11/21/25 02:10:53 AM,2.00,3.01,259.7,0.880,99.425,1069.350,0.797
3255,11/21/25 02:20:53 AM,2.00,2.67,273.8,0.716,99.930,1069.350,0.702
3256,11/21/25 02:30:53 AM,1.67,2.67,285.0,1.199,99.930,1069.350,1.186
3257,11/21/25 02:40:53 AM,0.33,1.00,290.6,1.156,99.973,1069.350,1.149
3258,11/21/25 02:50:53 AM,1.34,2.34,276.6,1.400,99.997,1069.350,1.397
3259,11/21/25 03:00:53 AM,2.67,4.68,287.8,1.837,98.441,1069.350,1.616
3260,11/21/25 03:10:53 AM,2.67,4.34,283.6,1.799,96.461,1069.350,1.295
3261,11/21/25 03:20:53 AM,1.67,3.67,266.7,1.595,97.226,1069.350,1.201
3262,11/21/25 03:30:53 AM,0.33,2.00,252.7,1.681,97.256,1069.350,1.291
3263,11/21/25 03:40:53 AM,0.33,1.67,256.9,1.630,97.252,1069.350,1.239
3264,11/21/25 03:50:53 AM,1.34,2.67,282.2,1.531,97.012,1069.350,1.106
3265,11/21/25 04:00:53 AM,1.34,2.34,235.9,1.102,97.551,1069.350,0.755
3266,11/21/25 04:10:53 AM,1.67,2.67,258.3,0.467,99.010,1069.350,0.325
3267,11/21/25 04:20:53 AM,2.00,3.34,259.7,0.472,99.124,1069.350,0.346
3268,11/21/25 04:30:53 AM,2.34,3.34,259.7,0.188,99.670,1069.350,0.138
3269,11/21/25 04:40:53 AM,2.67,3.67,263.9,0.244,99.506,1069.350,0.171
3270,11/21/25 04:50:53 AM,2.34,5.01,272.4,0.550,99.124,1069.350,0.424
3271,11/21/25 05:00:53 AM,2.34,4.34,276.6,1.360,96.522,1069.350,0.865
3272,11/21/25 05:10:53 AM,2.34,3.67,275.2,0.973,97.232,1069.350,0.581
3273,11/21/25 05:20:53 AM,4.68,7.35,318.7,1.046,96.641,1069.350,0.569
3274,11/21/25 05:30:53 AM,4.68,6.68,324.3,1.225,95.470,1069.350,0.579
3275,11/21/25 05:40:53 AM,3.67,5.34,324.3,1.134,95.331,1069.350,0.468
3276,11/21/25 05:50:53 AM,2.00,3.34,261.1,0.668,96.139,1069.350,0.120
3277,11/21/25 06:00:53 AM,1.67,3.01,255.5,0.598,96.957,1069.350,0.167
3278,11/21/25 06:10:53 AM,1.34,2.34,272.4,0.295,96.510,1069.350,-0.199
3279,11/21/25 06:20:53 AM,1.67,2.67,268.1,-0.356,98.492,1069.350,-0.570
3280,11/21/25 06:30:53 AM,1.67,2.67,296.2,-0.721,98.863,1069.350,-0.883
3281,11/21/25 06:40:53 AM,2.00,3.01,311.7,-0.466,98.849,1069.350,-0.630
3282,11/21/25 06:50:53 AM,2.34,5.68,297.6,-0.029,97.806,1069.350,-0.339
3283,11/21/25 07:00:53 AM,2.00,3.01,269.6,-0.016,96.307,1069.350,-0.538
3284,11/21/25 07:10:53 AM,2.00,2.67,251.3,-0.324,97.569,1069.350,-0.667
3285,11/21/25 07:20:53 AM,1.34,2.00,259.7,-0.410,97.993,1069.350,-0.693
3286,11/21/25 07:30:53 AM,1.00,2.00,240.1,-0.099,97.853,1069.350,-0.402
3287,11/21/25 07:40:53 AM,1.67,3.34,272.4,0.729,96.110,1069.350,0.177
3288,11/21/25 07:50:53 AM,2.67,4.68,263.9,0.697,95.430,1069.350,0.047
3289,11/21/25 08:00:53 AM,2.00,3.34,263.9,0.067,96.684,1069.350,-0.401
3290,11/21/25 08:10:53 AM,1.67,3.67,263.9,-0.439,97.676,1069.350,-0.767
3291,11/21/25 08:20:53 AM,2.34,5.01,256.9,-0.110,97.610,1069.350,-0.447
3292,11/21/25 08:30:53 AM,2.67,5.01,279.4,0.142,96.022,1069.350,-0.421
3293,11/21/25 08:40:53 AM,2.67,5.01,283.6,-0.257,96.509,1069.350,-0.749
3294,11/21/25 08:50:53 AM,2.67,4.01,268.1,-0.335,96.562,1069.350,-0.820
3295,11/21/25 09:00:53 AM,2.67,4.68,283.6,0.105,96.100,1069.350,-0.447
3296,11/21/25 09:10:53 AM,3.67,6.35,278.0,0.802,93.289,1069.350,-0.160
3297,11/21/25 09:20:53 AM,2.67,4.34,261.1,0.681,93.310,1069.350,-0.278
3298,11/21/25 09:30:53 AM,2.34,3.67,247.1,0.807,93.692,1069.350,-0.096
3299,11/21/25 09:40:53 AM,2.34,4.01,261.1,1.528,91.601,1069.350,0.309
3300,11/21/25 09:50:53 AM,2.00,2.67,276.6,1.754,91.402,1069.350,0.503
3301,11/21/25 10:00:53 AM,2.67,4.68,289.2,2.032,91.402,1069.350,0.778
3302,11/21/25 10:10:53 AM,2.00,3.67,287.8,2.901,89.448,1069.350,1.338
3303,11/21/25 10:20:53 AM,2.34,4.01,286.4,3.073,89.136,1069.350,1.460
3304,11/21/25 10:30:53 AM,3.34,5.68,315.9,2.502,89.743,1069.350,0.990
3305,11/21/25 10:40:53 AM,1.67,4.68,273.8,3.274,88.663,1069.350,1.584
3306,11/21/25 10:50:53 AM,0.67,2.34,245.7,4.201,85.618,1069.350,2.009
3307,11/21/25 11:00:53 AM,1.00,2.67,240.1,5.014,83.281,1069.350,2.420
3308,11/21/25 11:10:53 AM,1.67,2.67,240.1,5.177,83.546,1069.350,2.624
3309,11/21/25 11:20:53 AM,1.67,3.01,228.8,5.885,81.378,1069.350,2.947
3310,11/21/25 11:30:53 AM,1.67,3.01,214.8,6.228,81.045,1069.350,3.224
3311,11/21/25 11:40:53 AM,1.67,2.34,212.0,6.697,79.832,1069.350,3.469
3312,11/21/25 11:50:53 AM,1.67,2.67,254.1,7.193,77.702,1069.350,3.568
3313,11/21/25 12:00:53 PM,1.00,1.67,252.7,8.223,74.514,1069.350,3.972
3314,11/21/25 12:10:53 PM,0.67,2.00,263.9,8.759,71.565,1069.350,3.915
3315,11/21/25 12:20:53 PM,0.67,1.67,294.8,9.429,69.372,1069.350,4.115
3316,11/21/25 12:30:53 PM,0.67,2.67,230.2,9.743,67.854,1069.350,4.101
3317,11/21/25 12:40:53 PM,1.00,2.34,209.2,9.402,66.622,1069.350,3.515
3318,11/21/25 12:50:53 PM,1.34,2.67,141.8,9.496,66.134,1069.350,3.500
3319,11/21/25 01:00:53 PM,1.00,2.34,123.5,10.003,66.157,1069.350,3.989
3320,11/21/25 01:10:53 PM,0.67,1.67,28.1,10.008,65.931,1069.350,3.945
3321,11/21/25 01:20:53 PM,1.00,2.67,134.8,10.692,63.116,1069.350,3.974
3322,11/21/25 01:30:53 PM,1.67,3.34,130.6,9.499,66.604,1069.350,3.604
3323,11/21/25 01:40:53 PM,1.67,3.67,119.3,8.091,73.536,1069.350,3.657
3324,11/21/25 01:50:53 PM,0.67,1.67,96.9,8.357,73.649,1069.350,3.935
3325,11/21/25 02:00:53 PM,2.34,4.34,245.7,8.057,72.117,1069.350,3.348
3326,11/21/25 02:10:53 PM,3.01,4.68,265.3,8.140,73.610,1069.350,3.718
3327,11/21/25 02:20:53 PM,3.01,4.34,269.6,8.445,73.716,1069.350,4.033
3328,11/21/25 02:30:53 PM,3.34,5.01,278.0,7.974,76.736,1069.350,4.149
3329,11/21/25 02:40:53 PM,4.01,6.01,289.2,7.609,79.358,1069.350,4.273
3330,11/21/25 02:50:53 PM,4.68,6.35,278.0,7.333,80.008,1069.350,4.120
3331,11/21/25 03:00:53 PM,5.01,7.68,278.0,6.705,82.387,1069.350,3.924
3332,11/21/25 03:10:53 PM,4.34,7.35,283.6,6.429,84.607,1069.350,4.031
3333,11/21/25 03:20:53 PM,5.34,8.02,278.0,6.276,84.625,1069.350,3.884
3334,11/21/25 03:30:53 PM,5.34,8.68,279.4,7.676,79.030,1069.350,4.279
3335,11/21/25 03:40:53 PM,6.01,8.02,276.6,6.483,81.656,1069.350,3.580
3336,11/21/25 03:50:53 PM,5.68,7.68,272.4,7.153,78.135,1069.350,3.608
3337,11/21/25 04:00:53 PM,5.68,8.02,272.4,7.024,77.848,1069.350,3.431
3338,11/21/25 04:10:53 PM,4.01,6.01,262.5,7.445,77.350,1069.350,3.749
3339,11/21/25 04:20:53 PM,4.01,6.01,263.9,7.652,75.763,1069.350,3.655
3340,11/21/25 04:30:53 PM,4.34,6.35,258.3,7.515,75.642,1069.350,3.500
3341,11/21/25 04:40:53 PM,4.34,6.35,256.9,7.381,75.554,1069.350,3.354
3342,11/21/25 04:50:53 PM,4.68,6.68,262.5,7.322,75.650,1069.350,3.314
3343,11/21/25 05:00:53 PM,5.01,7.68,266.7,7.065,76.071,1069.350,3.144
3344,11/21/25 05:10:53 PM,4.68,6.68,273.8,6.842,76.489,1069.350,3.005
3345,11/21/25 05:20:53 PM,3.01,5.01,266.7,6.874,76.245,1069.350,2.991
3346,11/21/25 05:30:53 PM,2.67,4.01,262.5,6.628,76.611,1069.350,2.820
3347,11/21/25 05:40:53 PM,2.00,3.67,247.1,6.408,77.102,1069.350,2.696
3348,11/21/25 05:50:53 PM,2.00,3.67,263.9,5.949,79.268,1069.350,2.639
3349,11/21/25 06:00:53 PM,1.67,2.67,228.8,4.947,81.804,1069.350,2.103
3350,11/21/25 06:10:53 PM,1.67,2.34,216.2,3.719,85.434,1069.350,1.505
3351,11/21/25 06:20:53 PM,1.67,2.34,233.1,2.912,88.121,1069.350,1.141
3352,11/21/25 06:30:53 PM,2.34,3.01,256.9,2.904,88.568,1069.350,1.204
3353,11/21/25 06:40:53 PM,2.00,3.01,262.5,2.743,88.798,1069.350,1.081
3354,11/21/25 06:50:53 PM,1.67,2.00,265.3,2.043,90.426,1069.350,0.640
3355,11/21/25 07:00:53 PM,1.67,2.67,286.4,1.550,91.653,1069.350,0.338
3356,11/21/25 07:10:53 PM,1.67,2.34,290.6,1.719,92.142,1069.350,0.579
3357,11/21/25 07:20:53 PM,1.67,2.67,279.4,1.566,92.061,1069.350,0.416
3358,11/21/25 07:30:53 PM,1.67,2.34,285.0,1.440,92.224,1069.350,0.315
3359,11/21/25 07:40:53 PM,1.34,2.00,296.2,1.351,92.595,1069.350,0.282
3360,11/21/25 07:50:53 PM,1.34,2.34,289.2,1.764,91.937,1069.350,0.593
3361,11/21/25 08:00:53 PM,1.67,2.00,278.0,1.890,91.295,1069.350,0.621
3362,11/21/25 08:10:53 PM,1.34,2.34,273.8,1.464,92.372,1069.350,0.361
3363,11/21/25 08:20:53 PM,1.00,1.67,256.9,1.252,91.582,1069.350,0.032
3364,11/21/25 08:30:53 PM,1.34,2.00,282.2,0.475,93.347,1069.350,-0.477
3365,11/21/25 08:40:53 PM,1.67,3.01,266.7,0.239,94.176,1069.350,-0.590
3366,11/21/25 08:50:53 PM,1.67,3.01,265.3,0.145,94.951,1069.350,-0.572
3367,11/21/25 09:00:53 PM,1.67,3.01,287.8,0.839,95.608,1069.350,0.214
3368,11/21/25 09:10:53 PM,1.34,2.34,259.7,0.239,94.351,1069.350,-0.565
3369,11/21/25 09:20:53 PM,1.34,2.00,255.5,-0.262,96.820,1069.350,-0.710
3370,11/21/25 09:30:53 PM,1.67,2.67,248.5,-0.086,96.757,1069.350,-0.544
3371,11/21/25 09:40:53 PM,1.67,2.34,262.5,-0.367,96.658,1069.350,-0.838
3372,11/21/25 09:50:53 PM,1.34,2.34,279.4,-0.788,97.418,1069.350,-1.151
3373,11/21/25 10:00:53 PM,1.34,1.67,287.8,-0.225,97.929,1069.350,-0.517
3374,11/21/25 10:10:53 PM,1.34,1.67,293.4,0.083,97.407,1069.350,-0.283
3375,11/21/25 10:20:53 PM,1.67,2.34,300.4,0.209,97.220,1069.350,-0.184
3376,11/21/25 10:30:53 PM,2.34,3.34,304.7,0.459,97.533,1069.350,0.110
3377,11/21/25 10:40:53 PM,2.00,3.34,296.2,0.260,97.069,1069.350,-0.154
3378,11/21/25 10:50:53 PM,1.34,3.01,255.5,0.110,98.001,1069.350,-0.173
3379,11/21/25 11:00:53 PM,1.67,3.01,251.3,-0.136,97.531,1069.350,-0.484
3380,11/21/25 11:10:53 PM,2.00,3.34,275.2,0.491,97.638,1069.350,0.157
3381,11/21/25 11:20:53 PM,1.67,2.67,262.5,0.646,96.709,1069.350,0.180
3382,11/21/25 11:30:53 PM,1.34,3.01,249.9,0.569,97.185,1069.350,0.171
3383,11/21/25 11:40:53 PM,1.00,2.00,261.1,0.767,97.465,1069.350,0.408
3384,11/21/25 11:50:53 PM,2.00,4.01,286.4,1.252,96.770,1069.350,0.793
3385,11/22/25 12:00:53 AM,2.67,4.34,287.8,1.603,95.882,1069.350,1.015
3386,11/22/25 12:10:53 AM,3.34,5.34,289.2,1.429,96.170,1069.350,0.884
3387,11/22/25 12:20:53 AM,2.67,5.01,296.2,1.483,96.393,1069.350,0.970
3388,11/22/25 12:30:53 AM,2.00,4.01,280.8,0.748,96.434,1069.350,0.242
3389,11/22/25 12:40:53 AM,2.00,2.67,254.1,-0.678,97.423,1069.350,-1.041
3390,11/22/25 12:50:53 AM,1.00,2.34,272.4,-1.504,98.724,1069.350,-1.686
3391,11/22/25 01:00:53 AM,1.00,1.34,275.2,-1.504,99.500,1069.350,-1.579
3392,11/22/25 01:10:53 AM,1.34,2.67,272.4,-1.080,99.887,1069.350,-1.102
3393,11/22/25 01:20:53 AM,1.00,2.34,249.9,-0.421,99.307,1069.350,-0.522
3394,11/22/25 01:30:53 AM,1.67,2.34,279.4,-0.145,97.819,1069.350,-0.453
3395,11/22/25 01:40:53 AM,1.34,2.34,297.6,-0.405,96.950,1069.350,-0.835
3396,11/22/25 01:50:53 AM,0.33,1.34,338.3,-0.850,97.075,1069.350,-1.261
3397,11/22/25 02:00:53 AM,0.33,1.67,331.3,-1.281,96.979,1069.350,-1.705
3398,11/22/25 02:10:53 AM,1.00,2.00,328.5,-1.839,98.251,1069.350,-2.086
3399,11/22/25 02:20:53 AM,0.33,1.34,335.5,-1.831,97.887,1069.350,-2.128
3400,11/22/25 02:30:53 AM,0.33,1.34,336.9,-2.145,97.783,1069.350,-2.456
3401,11/22/25 02:40:53 AM,0.00,0.67,335.5,-2.019,98.636,1069.350,-2.213
3402,11/22/25 02:50:53 AM,0.00,0.00,335.5,-2.120,99.443,1069.350,-2.204
3403,11/22/25 03:00:53 AM,0.00,0.00,335.5,-2.340,99.284,1069.350,-2.446
3404,11/22/25 03:10:53 AM,0.00,0.00,307.5,-3.155,99.004,1069.350,-3.299
3405,11/22/25 03:20:53 AM,0.00,0.00,303.2,-3.190,99.773,1069.350,-3.231
3406,11/22/25 03:30:53 AM,0.00,0.00,322.9,-3.204,99.121,1069.350,-3.332
3407,11/22/25 03:40:53 AM,0.67,1.34,40.7,-3.756,99.997,1069.350,-3.767
3408,11/22/25 03:50:53 AM,0.00,0.67,40.7,-3.359,99.997,1069.350,-3.370
3409,11/22/25 04:00:53 AM,0.00,0.67,40.7,-3.163,99.997,1069.350,-3.173
3410,11/22/25 04:10:53 AM,0.33,1.67,44.9,-2.933,99.997,1069.350,-2.943
3411,11/22/25 04:20:53 AM,0.67,1.67,47.7,-2.834,99.997,1069.350,-2.844
3412,11/22/25 04:30:53 AM,0.33,1.67,54.8,-2.769,99.997,1069.350,-2.779
3413,11/22/25 04:40:53 AM,0.33,1.34,60.4,-2.804,99.997,1069.350,-2.814
3414,11/22/25 04:50:53 AM,1.00,1.67,102.5,-2.919,99.997,1069.350,-2.929
3415,11/22/25 05:00:53 AM,0.67,1.34,102.5,-2.890,99.997,1069.350,-2.900
3416,11/22/25 05:10:53 AM,0.00,1.00,87.0,-2.858,99.997,1069.350,-2.868
3417,11/22/25 05:20:53 AM,0.00,0.67,61.8,-2.807,99.997,1069.350,-2.817
3418,11/22/25 05:30:53 AM,0.00,0.00,35.1,-2.732,99.997,1069.350,-2.742
3419,11/22/25 05:40:53 AM,0.00,0.00,35.1,-2.748,99.997,1069.350,-2.758
3420,11/22/25 05:50:53 AM,0.00,0.00,35.1,-2.710,99.997,1069.350,-2.720
3421,11/22/25 06:00:53 AM,0.00,0.00,35.1,-2.641,99.997,1069.350,-2.651
3422,11/22/25 06:10:53 AM,0.00,0.00,35.1,-2.587,99.997,1069.350,-2.597
3423,11/22/25 06:20:53 AM,0.00,0.00,67.4,-2.512,99.997,1069.350,-2.521
3424,11/22/25 06:30:53 AM,0.00,0.00,96.9,-2.442,99.997,1069.350,-2.451
3425,11/22/25 06:40:53 AM,0.00,0.00,88.4,-2.407,99.997,1069.350,-2.416
3426,11/22/25 06:50:53 AM,0.00,0.00,42.1,-2.413,99.997,1069.350,-2.422
3427,11/22/25 07:00:53 AM,0.00,0.00,320.1,-2.514,99.997,1069.350,-2.523
3428,11/22/25 07:10:53 AM,0.00,0.00,314.5,-2.657,99.997,1069.350,-2.667
3429,11/22/25 07:20:53 AM,0.00,0.00,315.9,-2.729,99.997,1069.350,-2.739
3430,11/22/25 07:30:53 AM,0.00,0.00,314.5,-2.777,99.997,1069.350,-2.787
3431,11/22/25 07:40:53 AM,0.00,0.00,322.9,-2.753,99.997,1069.350,-2.763
3432,11/22/25 07:50:53 AM,0.00,0.00,40.7,-2.809,99.997,1069.350,-2.819
3433,11/22/25 08:00:53 AM,0.00,0.00,53.3,-2.785,99.997,1069.350,-2.795
3434,11/22/25 08:10:53 AM,0.00,0.00,110.9,-2.866,99.997,1069.350,-2.876
3435,11/22/25 08:20:53 AM,0.33,1.34,75.8,-2.820,99.997,1069.350,-2.830
3436,11/22/25 08:30:53 AM,0.00,0.00,40.7,-2.834,99.997,1069.350,-2.844
3437,11/22/25 08:40:53 AM,0.67,2.00,50.5,-2.799,99.997,1069.350,-2.809
3438,11/22/25 08:50:53 AM,1.00,2.34,77.2,-2.740,99.997,1069.350,-2.750
3439,11/22/25 09:00:53 AM,1.00,2.00,108.1,-2.630,99.997,1069.350,-2.640
3440,11/22/25 09:10:53 AM,1.67,2.67,75.8,-2.490,99.997,1069.350,-2.499
3441,11/22/25 09:20:53 AM,1.67,3.34,85.6,-2.410,99.997,1069.350,-2.419
3442,11/22/25 09:30:53 AM,2.00,3.34,87.0,-2.281,99.997,1069.350,-2.290
3443,11/22/25 09:40:53 AM,2.34,3.34,71.6,-2.265,99.997,1069.350,-2.274
3444,11/22/25 09:50:53 AM,2.34,4.68,92.7,-2.174,99.997,1069.350,-2.183
3445,11/22/25 10:00:53 AM,2.34,4.01,92.7,-2.019,99.997,1069.350,-2.028
3446,11/22/25 10:10:53 AM,2.67,4.68,82.8,-1.817,99.997,1069.350,-1.825
3447,11/22/25 10:20:53 AM,2.67,4.01,71.6,-1.697,99.997,1069.350,-1.705
3448,11/22/25 10:30:53 AM,2.67,4.01,63.2,-1.590,99.997,1069.350,-1.598
3449,11/22/25 10:40:53 AM,2.67,4.34,59.0,-1.458,99.997,1069.350,-1.466
3450,11/22/25 10:50:53 AM,3.01,4.01,54.8,-1.332,99.997,1069.350,-1.340
3451,11/22/25 11:00:53 AM,3.01,4.68,51.9,-1.182,99.997,1069.350,-1.189
3452,11/22/25 11:10:53 AM,2.34,3.67,60.4,-0.860,99.997,1069.350,-0.867
3453,11/22/25 11:20:53 AM,2.67,4.68,67.4,-0.606,99.997,1069.350,-0.612
3454,11/22/25 11:30:53 AM,3.34,5.34,63.2,-0.418,99.997,1069.350,-0.424
3455,11/22/25 11:40:53 AM,3.34,5.01,60.4,-0.324,99.997,1069.350,-0.330
3456,11/22/25 11:50:53 AM,3.01,4.34,68.8,-0.295,99.997,1069.350,-0.301
3457,11/22/25 12:00:53 PM,2.67,4.68,63.2,-0.287,99.997,1069.350,-0.293
3458,11/22/25 12:10:53 PM,2.67,4.68,77.2,-0.268,99.997,1069.350,-0.274
3459,11/22/25 12:20:53 PM,2.34,3.67,67.4,-0.126,99.997,1069.350,-0.132
3460,11/22/25 12:30:53 PM,2.34,4.01,70.2,0.011,99.997,1069.350,0.006
3461,11/22/25 12:40:53 PM,2.67,4.68,61.8,0.225,99.997,1069.350,0.220
3462,11/22/25 12:50:53 PM,2.67,4.34,84.2,0.319,99.997,1069.350,0.314
3463,11/22/25 01:00:53 PM,2.34,4.34,85.6,0.598,99.997,1069.350,0.594
3464,11/22/25 01:10:53 PM,2.00,3.67,74.4,0.754,99.997,1069.350,0.750
3465,11/22/25 01:20:53 PM,2.34,4.01,84.2,0.909,99.997,1069.350,0.905
3466,11/22/25 01:30:53 PM,2.34,4.01,74.4,1.118,99.997,1069.350,1.114
3467,11/22/25 01:40:53 PM,2.67,4.01,85.6,1.158,99.997,1069.350,1.154
3468,11/22/25 01:50:53 PM,2.34,4.34,81.4,1.217,99.997,1069.350,1.214
3469,11/22/25 02:00:53 PM,2.00,3.67,71.6,1.456,99.890,1069.350,1.438
3470,11/22/25 02:10:53 PM,2.34,3.67,95.5,1.713,98.669,1069.350,1.524
3471,11/22/25 02:20:53 PM,2.34,4.01,99.7,1.839,98.022,1069.350,1.558
3472,11/22/25 02:30:53 PM,2.00,4.01,89.9,2.129,98.076,1069.350,1.856
3473,11/22/25 02:40:53 PM,2.00,3.67,98.3,2.142,96.971,1069.350,1.710
3474,11/22/25 02:50:53 PM,2.00,3.67,95.5,2.408,95.914,1069.350,1.822
3475,11/22/25 03:00:53 PM,2.34,3.67,103.9,2.553,94.543,1069.350,1.766
3476,11/22/25 03:10:53 PM,2.67,4.01,103.9,2.759,93.118,1069.350,1.758
3477,11/22/25 03:20:53 PM,2.34,4.34,66.0,3.065,92.726,1069.350,2.003
3478,11/22/25 03:30:53 PM,2.34,4.34,60.4,2.915,92.625,1069.350,1.839
3479,11/22/25 03:40:53 PM,2.34,4.34,82.8,3.247,91.200,1069.350,1.952
3480,11/22/25 03:50:53 PM,2.34,4.01,78.6,3.333,90.086,1069.350,1.865
3481,11/22/25 04:00:53 PM,2.00,4.01,94.1,3.660,90.217,1069.350,2.209
3482,11/22/25 04:10:53 PM,1.67,3.67,82.8,4.537,87.153,1069.350,2.590
3483,11/22/25 04:20:53 PM,2.00,3.34,60.4,4.016,86.815,1069.350,2.022
3484,11/22/25 04:30:53 PM,2.00,3.34,66.0,4.070,86.401,1069.350,2.008
3485,11/22/25 04:40:53 PM,2.00,3.01,85.6,5.121,82.249,1069.350,2.349
3486,11/22/25 04:50:53 PM,1.67,3.01,78.6,5.191,82.400,1069.350,2.444
3487,11/22/25 05:00:53 PM,1.67,3.01,60.4,5.295,81.915,1069.350,2.463
3488,11/22/25 05:10:53 PM,1.34,2.67,60.4,5.199,82.054,1069.350,2.392
3489,11/22/25 05:20:53 PM,1.34,2.34,57.6,4.952,82.489,1069.350,2.225
3490,11/22/25 05:30:53 PM,1.00,1.67,74.4,5.113,81.372,1069.350,2.191
3491,11/22/25 05:40:53 PM,1.00,2.00,75.8,4.735,82.260,1069.350,1.973
3492,11/22/25 05:50:53 PM,0.67,1.34,64.6,4.204,84.544,1069.350,1.836
3493,11/22/25 06:00:53 PM,0.67,1.00,64.6,3.276,87.524,1069.350,1.406
3494,11/22/25 06:10:53 PM,0.33,1.00,64.6,2.354,90.295,1069.350,0.928
3495,11/22/25 06:20:53 PM,0.33,0.67,63.2,1.906,91.302,1069.350,0.638
3496,11/22/25 06:30:53 PM,0.33,0.67,22.5,1.158,92.706,1069.350,0.107
3497,11/22/25 06:40:53 PM,0.00,1.34,346.8,0.528,93.936,1069.350,-0.338
3498,11/22/25 06:50:53 PM,0.67,1.34,331.3,-0.027,95.421,1069.350,-0.675
3499,11/22/25 07:00:53 PM,0.67,1.34,317.3,-0.525,95.958,1069.350,-1.095
3500,11/22/25 07:10:53 PM,0.00,0.67,314.5,-0.531,96.777,1069.350,-0.985
3501,11/22/25 07:20:53 PM,1.34,2.00,271.0,-1.630,96.248,1069.350,-2.156
3502,11/22/25 07:30:53 PM,1.34,2.00,292.0,-2.072,98.540,1069.350,-2.279
3503,11/22/25 07:40:53 PM,1.00,1.34,307.5,-1.825,98.318,1069.350,-2.063
3504,11/22/25 07:50:53 PM,1.00,1.34,313.1,-1.659,98.753,1069.350,-1.837
3505,11/22/25 08:00:53 PM,1.34,1.67,299.0,-1.528,97.972,1069.350,-1.813
3506,11/22/25 08:10:53 PM,1.34,2.00,286.4,-1.989,97.591,1069.350,-2.327
3507,11/22/25 08:20:53 PM,1.00,1.67,296.2,-1.957,98.903,1069.350,-2.114
3508,11/22/25 08:30:53 PM,1.34,1.67,292.0,-1.536,99.054,1069.350,-1.673
3509,11/22/25 08:40:53 PM,1.34,2.00,261.1,-2.383,98.155,1069.350,-2.643
3510,11/22/25 08:50:53 PM,1.34,1.67,276.6,-2.490,99.763,1069.350,-2.531
3511,11/22/25 09:00:53 PM,1.00,1.34,285.0,-2.136,99.620,1069.350,-2.196
3512,11/22/25 09:10:53 PM,1.00,1.34,287.8,-2.161,99.066,1069.350,-2.296
3513,11/22/25 09:20:53 PM,1.00,1.67,315.9,-2.635,99.113,1069.350,-2.764
3514,11/22/25 09:30:53 PM,0.67,1.34,322.9,-2.354,99.271,1069.350,-2.461
3515,11/22/25 09:40:53 PM,1.34,1.67,296.2,-2.555,98.566,1069.350,-2.758
3516,11/22/25 09:50:53 PM,1.00,1.67,296.2,-2.592,99.620,1069.350,-2.652
3517,11/22/25 10:00:53 PM,0.33,1.00,296.2,-2.386,99.373,1069.350,-2.480
3518,11/22/25 10:10:53 PM,0.00,0.00,296.2,-2.675,99.472,1069.350,-2.755
3519,11/22/25 10:20:53 PM,0.00,0.00,296.2,-3.429,98.961,1069.350,-3.579
3520,11/22/25 10:30:53 PM,0.00,0.00,296.2,-3.758,99.907,1069.350,-3.781
3521,11/22/25 10:40:53 PM,0.33,1.34,332.7,-3.498,99.985,1069.350,-3.511
3522,11/22/25 10:50:53 PM,0.00,0.00,336.9,-3.112,99.701,1069.350,-3.162
3523,11/22/25 11:00:53 PM,0.00,0.00,336.9,-3.115,99.997,1069.350,-3.125
3524,11/22/25 11:10:53 PM,0.00,0.00,336.9,-3.048,99.997,1069.350,-3.058
3525,11/22/25 11:20:53 PM,0.00,0.00,328.5,-3.614,99.997,1069.350,-3.625
3526,11/22/25 11:30:53 PM,0.00,0.00,307.5,-3.399,99.997,1069.350,-3.410
3527,11/22/25 11:40:53 PM,0.00,0.00,303.2,-4.332,99.809,1069.350,-4.369
3528,11/22/25 11:50:53 PM,0.33,1.67,300.4,-4.619,99.855,1069.350,-4.651
3529,11/23/25 12:00:53 AM,0.33,1.00,311.7,-3.941,99.997,1069.350,-3.953
3530,11/23/25 12:10:53 AM,0.00,0.00,311.7,-2.919,99.997,1069.350,-2.929
3531,11/23/25 12:20:53 AM,0.00,0.00,311.7,-3.622,99.953,1069.350,-3.639
3532,11/23/25 12:30:53 AM,1.00,1.67,297.6,-5.043,99.359,1069.350,-5.141
3533,11/23/25 12:40:53 AM,1.00,1.34,299.0,-4.817,99.989,1069.350,-4.831
3534,11/23/25 12:50:53 AM,1.00,1.34,336.9,-4.088,99.997,1069.350,-4.100
3535,11/23/25 01:00:53 AM,1.00,1.67,336.9,-4.120,99.997,1069.350,-4.132
3536,11/23/25 01:10:53 AM,0.33,1.34,336.9,-4.166,99.997,1069.350,-4.178
3537,11/23/25 01:20:53 AM,1.00,1.67,335.5,-3.764,99.997,1069.350,-3.775
3538,11/23/25 01:30:53 AM,0.67,1.34,303.2,-4.131,99.997,1069.350,-4.143
3539,11/23/25 01:40:53 AM,1.34,1.67,254.1,-4.512,99.997,1069.350,-4.525
3540,11/23/25 01:50:53 AM,1.34,2.00,252.7,-5.021,99.883,1069.350,-5.049
3541,11/23/25 02:00:53 AM,1.34,1.67,256.9,-5.311,99.913,1069.350,-5.336
3542,11/23/25 02:10:53 AM,1.00,1.67,272.4,-5.643,99.734,1069.350,-5.692
3543,11/23/25 02:20:53 AM,1.00,1.34,276.6,-5.493,99.997,1069.350,-5.507
3544,11/23/25 02:30:53 AM,1.00,1.34,276.6,-5.107,99.997,1069.350,-5.121
3545,11/23/25 02:40:53 AM,0.67,1.00,276.6,-4.858,99.997,1069.350,-4.871
3546,11/23/25 02:50:53 AM,1.00,2.00,283.6,-5.053,99.145,1069.350,-5.179
3547,11/23/25 03:00:53 AM,1.67,2.34,292.0,-5.043,99.258,1069.350,-5.154
3548,11/23/25 03:10:53 AM,1.34,2.34,300.4,-4.410,98.593,1069.350,-4.610
3549,11/23/25 03:20:53 AM,0.67,1.67,286.4,-4.657,98.605,1069.350,-4.855
3550,11/23/25 03:30:53 AM,0.33,1.00,278.0,-4.855,98.260,1069.350,-5.099
3551,11/23/25 03:40:53 AM,0.00,0.00,276.6,-5.541,97.647,1069.350,-5.867
3552,11/23/25 03:50:53 AM,0.00,0.00,276.6,-5.638,99.963,1069.350,-5.657
3553,11/23/25 04:00:53 AM,0.00,0.00,303.2,-5.485,99.997,1069.350,-5.499
3554,11/23/25 04:10:53 AM,0.33,1.67,318.7,-5.094,99.586,1069.350,-5.162
3555,11/23/25 04:20:53 AM,1.34,2.00,283.6,-4.643,99.315,1069.350,-4.746
3556,11/23/25 04:30:53 AM,0.33,1.67,251.3,-4.681,97.989,1069.350,-4.962
3557,11/23/25 04:40:53 AM,0.33,1.00,231.6,-5.356,97.967,1069.350,-5.639
3558,11/23/25 04:50:53 AM,0.00,0.00,224.6,-5.828,98.343,1069.350,-6.061
3559,11/23/25 05:00:53 AM,0.00,0.67,217.6,-6.096,99.933,1069.350,-6.120
3560,11/23/25 05:10:53 AM,0.00,0.67,237.3,-5.901,99.988,1069.350,-5.917
3561,11/23/25 05:20:53 AM,0.33,1.67,342.6,-6.153,99.477,1069.350,-6.236
3562,11/23/25 05:30:53 AM,0.67,1.34,336.9,-5.225,99.763,1069.350,-5.270
3563,11/23/25 05:40:53 AM,1.00,1.67,286.4,-4.705,98.784,1069.350,-4.879
3564,11/23/25 05:50:53 AM,0.33,1.00,299.0,-5.477,95.952,1069.350,-6.032
3565,11/23/25 06:00:53 AM,0.67,1.34,241.5,-6.126,98.648,1069.350,-6.318
3566,11/23/25 06:10:53 AM,0.33,1.00,234.5,-5.799,98.965,1069.350,-5.949
3567,11/23/25 06:20:53 AM,0.00,1.00,249.9,-5.716,98.854,1069.350,-5.881
3568,11/23/25 06:30:53 AM,0.67,1.00,315.9,-5.989,98.819,1069.350,-6.159
3569,11/23/25 06:40:53 AM,0.67,1.34,321.5,-5.378,98.996,1069.350,-5.524
3570,11/23/25 06:50:53 AM,0.67,1.34,301.8,-5.410,97.401,1069.350,-5.769
3571,11/23/25 07:00:53 AM,0.67,1.00,299.0,-6.338,96.451,1069.350,-6.823
3572,11/23/25 07:10:53 AM,0.00,0.00,300.4,-7.019,98.834,1069.350,-7.187
3573,11/23/25 07:20:53 AM,0.00,0.00,300.4,-6.260,99.997,1069.350,-6.275
3574,11/23/25 07:30:53 AM,0.00,0.00,300.4,-6.313,99.530,1069.350,-6.390
3575,11/23/25 07:40:53 AM,0.00,0.00,300.4,-6.657,99.014,1069.350,-6.801
3576,11/23/25 07:50:53 AM,0.00,0.00,300.4,-6.885,99.559,1069.350,-6.958
3577,11/23/25 08:00:53 AM,0.00,0.00,300.4,-6.745,99.957,1069.350,-6.766
3578,11/23/25 08:10:53 AM,0.00,0.00,300.4,-6.343,99.997,1069.350,-6.359
3579,11/23/25 08:20:53 AM,0.00,0.00,300.4,-6.303,99.843,1069.350,-6.339
3580,11/23/25 08:30:53 AM,0.00,0.00,300.4,-6.340,99.144,1069.350,-6.467
3581,11/23/25 08:40:53 AM,0.33,1.34,317.3,-6.705,98.202,1069.350,-6.956
3582,11/23/25 08:50:53 AM,0.33,0.67,331.3,-6.276,99.681,1069.350,-6.333
3583,11/23/25 09:00:53 AM,0.00,0.00,331.3,-5.319,98.439,1069.350,-5.539
3584,11/23/25 09:10:53 AM,0.00,0.00,331.3,-4.887,93.346,1069.350,-5.805
3585,11/23/25 09:20:53 AM,0.00,0.67,331.3,-4.860,91.928,1069.350,-5.979
3586,11/23/25 09:30:53 AM,0.00,0.67,331.3,-4.584,91.322,1069.350,-5.792
3587,11/23/25 09:40:53 AM,0.00,0.00,331.3,-3.576,92.010,1069.350,-4.693
3588,11/23/25 09:50:53 AM,0.00,0.00,306.1,-2.005,90.797,1069.350,-3.312
3589,11/23/25 10:00:53 AM,0.00,0.33,210.6,-2.212,91.919,1069.350,-3.353
3590,11/23/25 10:10:53 AM,0.00,0.00,210.6,-0.520,88.833,1069.350,-2.137
3591,11/23/25 10:20:53 AM,0.00,1.00,210.6,0.392,87.565,1069.350,-1.432
3592,11/23/25 10:30:53 AM,0.00,0.33,199.4,0.813,87.373,1069.350,-1.047
3593,11/23/25 10:40:53 AM,0.00,1.00,209.2,0.673,88.255,1069.350,-1.048
3594,11/23/25 10:50:53 AM,0.33,1.00,307.5,1.526,89.479,1069.350,-0.016
3595,11/23/25 11:00:53 AM,0.00,0.67,307.5,3.180,86.644,1069.350,1.171
3596,11/23/25 11:10:53 AM,0.33,1.00,266.7,4.193,85.269,1069.350,1.944
3597,11/23/25 11:20:53 AM,0.33,1.00,224.6,4.488,84.985,1069.350,2.188
3598,11/23/25 11:30:53 AM,0.33,1.00,233.1,5.097,82.959,1069.350,2.447
3599,11/23/25 11:40:53 AM,0.67,1.67,216.2,5.124,81.875,1069.350,2.288
3600,11/23/25 11:50:53 AM,1.00,2.34,146.0,5.601,81.100,1069.350,2.621
3601,11/23/25 12:00:53 PM,1.67,3.01,139.0,5.242,81.372,1069.350,2.317
3602,11/23/25 12:10:53 PM,1.34,2.67,99.7,5.810,78.898,1069.350,2.438
3603,11/23/25 12:20:53 PM,1.34,2.34,110.9,6.132,77.498,1069.350,2.500
3604,11/23/25 12:30:53 PM,1.00,2.00,110.9,5.542,78.537,1069.350,2.113
3605,11/23/25 12:40:53 PM,0.67,2.00,81.4,6.349,76.481,1069.350,2.525
3606,11/23/25 12:50:53 PM,1.00,2.00,43.5,6.526,76.643,1069.350,2.726
3607,11/23/25 01:00:53 PM,0.67,1.67,53.3,7.274,73.254,1069.350,2.813
3608,11/23/25 01:10:53 PM,1.00,2.34,109.5,7.826,71.183,1069.350,2.941
3609,11/23/25 01:20:53 PM,1.00,2.00,147.4,7.703,71.688,1069.350,2.922
3610,11/23/25 01:30:53 PM,0.67,1.67,217.6,8.223,69.049,1069.350,2.893
3611,11/23/25 01:40:53 PM,0.67,2.00,153.0,9.091,65.776,1069.350,3.038
3612,11/23/25 01:50:53 PM,1.00,2.34,154.4,8.732,65.777,1069.350,2.696
3613,11/23/25 02:00:53 PM,1.00,2.00,148.8,8.912,65.185,1069.350,2.740
3614,11/23/25 02:10:53 PM,0.67,3.01,192.3,9.596,62.863,1069.350,2.878
3615,11/23/25 02:20:53 PM,1.34,3.34,167.1,9.480,62.956,1069.350,2.789
3616,11/23/25 02:30:53 PM,1.00,3.01,213.4,9.909,58.256,1069.350,2.104
3617,11/23/25 02:40:53 PM,2.34,4.68,258.3,9.893,53.811,1069.350,0.983
3618,11/23/25 02:50:53 PM,2.67,4.68,254.1,10.169,53.933,1069.350,1.271
3619,11/23/25 03:00:53 PM,2.00,4.01,255.5,9.933,55.335,1069.350,1.408
3620,11/23/25 03:10:53 PM,2.34,4.01,265.3,9.756,55.892,1069.350,1.382
3621,11/23/25 03:20:53 PM,2.00,3.67,271.0,10.054,55.648,1069.350,1.600
3622,11/23/25 03:30:53 PM,1.67,3.01,245.7,10.100,55.898,1069.350,1.705
3623,11/23/25 03:40:53 PM,1.67,3.67,269.6,9.864,56.703,1069.350,1.684
3624,11/23/25 03:50:53 PM,2.34,3.01,259.7,9.563,58.335,1069.350,1.798
3625,11/23/25 04:00:53 PM,2.34,3.67,278.0,9.456,58.976,1069.350,1.850
3626,11/23/25 04:10:53 PM,2.34,3.67,273.8,9.360,57.812,1069.350,1.482
3627,11/23/25 04:20:53 PM,3.01,4.68,278.0,9.153,58.680,1069.350,1.495
3628,11/23/25 04:30:53 PM,3.34,5.01,289.2,8.853,59.455,1069.350,1.395
3629,11/23/25 04:40:53 PM,3.67,5.34,289.2,8.523,61.022,1069.350,1.446
3630,11/23/25 04:50:53 PM,4.01,6.35,286.4,7.898,64.833,1069.350,1.699
3631,11/23/25 05:00:53 PM,4.34,6.01,283.6,7.528,67.150,1069.350,1.836
3632,11/23/25 05:10:53 PM,3.67,5.34,287.8,6.778,70.280,1069.350,1.754
3633,11/23/25 05:20:53 PM,3.34,5.01,293.4,6.389,72.543,1069.350,1.823
3634,11/23/25 05:30:53 PM,3.67,6.01,290.6,5.898,75.482,1069.350,1.903
3635,11/23/25 05:40:53 PM,3.01,5.01,293.4,5.486,77.415,1069.350,1.857
3636,11/23/25 05:50:53 PM,2.67,4.01,300.4,5.081,78.830,1069.350,1.716
3637,11/23/25 06:00:53 PM,2.67,4.01,292.0,4.815,79.780,1069.350,1.624
3638,11/23/25 06:10:53 PM,2.67,3.67,283.6,4.537,80.742,1069.350,1.520
3639,11/23/25 06:20:53 PM,2.00,3.34,287.8,4.290,80.978,1069.350,1.319
3640,11/23/25 06:30:53 PM,2.00,3.01,303.2,3.858,81.863,1069.350,1.048
3641,11/23/25 06:40:53 PM,2.00,3.01,296.2,3.258,84.053,1069.350,0.826
3642,11/23/25 06:50:53 PM,1.34,2.00,290.6,3.140,84.152,1069.350,0.726
3643,11/23/25 07:00:53 PM,1.67,2.34,293.4,2.904,84.425,1069.350,0.540
3644,11/23/25 07:10:53 PM,2.00,3.34,287.8,2.925,84.163,1069.350,0.517
3645,11/23/25 07:20:53 PM,2.34,3.67,261.1,3.183,82.741,1069.350,0.535
3646,11/23/25 07:30:53 PM,2.34,4.01,255.5,3.633,80.526,1069.350,0.600
3647,11/23/25 07:40:53 PM,2.00,3.34,245.7,3.936,77.931,1069.350,0.442
3648,11/23/25 07:50:53 PM,1.67,3.34,248.5,2.850,81.167,1069.350,-0.056
3649,11/23/25 08:00:53 PM,1.34,2.00,268.1,1.821,83.963,1069.350,-0.599
3650,11/23/25 08:10:53 PM,1.00,1.67,313.1,1.531,85.063,1069.350,-0.706
3651,11/23/25 08:20:53 PM,1.00,1.34,311.7,1.898,83.865,1069.350,-0.540
3652,11/23/25 08:30:53 PM,1.34,2.00,297.6,2.065,82.033,1069.350,-0.678
3653,11/23/25 08:40:53 PM,1.67,2.34,292.0,1.469,83.595,1069.350,-1.005
3654,11/23/25 08:50:53 PM,1.67,2.00,271.0,0.716,85.286,1069.350,-1.471
3655,11/23/25 09:00:53 PM,1.67,2.34,271.0,0.494,85.513,1069.350,-1.654
3656,11/23/25 09:10:53 PM,1.67,2.34,282.2,0.148,86.325,1069.350,-1.866
3657,11/23/25 09:20:53 PM,1.67,2.34,293.4,1.199,84.028,1069.350,-1.199
3658,11/23/25 09:30:53 PM,1.34,2.00,317.3,1.424,83.442,1069.350,-1.074
3659,11/23/25 09:40:53 PM,0.67,1.67,306.1,1.188,84.668,1069.350,-1.107
3660,11/23/25 09:50:53 PM,0.33,1.00,296.2,1.134,84.804,1069.350,-1.138
3661,11/23/25 10:00:53 PM,0.33,1.67,293.4,0.973,84.584,1069.350,-1.331
3662,11/23/25 10:10:53 PM,1.34,2.00,261.1,2.215,81.640,1069.350,-0.597
3663,11/23/25 10:20:53 PM,2.00,3.01,299.0,2.585,80.964,1069.350,-0.350
3664,11/23/25 10:30:53 PM,1.34,2.67,292.0,3.132,78.714,1069.350,-0.203
3665,11/23/25 10:40:53 PM,1.34,2.00,258.3,2.247,82.068,1069.350,-0.494
3666,11/23/25 10:50:53 PM,2.00,3.34,311.7,2.330,83.078,1069.350,-0.245
3667,11/23/25 11:00:53 PM,2.00,3.34,313.1,2.260,83.305,1069.350,-0.276
3668,11/23/25 11:10:53 PM,1.67,2.34,307.5,2.014,84.549,1069.350,-0.314
3669,11/23/25 11:20:53 PM,2.00,3.34,269.6,2.547,82.484,1069.350,-0.131
3670,11/23/25 11:30:53 PM,1.67,3.01,282.2,2.998,80.197,1069.350,-0.077
3671,11/23/25 11:40:53 PM,1.34,2.67,285.0,2.754,81.239,1069.350,-0.138
3672,11/23/25 11:50:53 PM,1.00,1.67,273.8,2.274,83.252,1069.350,-0.271
3673,11/24/25 12:00:53 AM,1.00,2.34,275.2,2.293,83.447,1069.350,-0.221
3674,11/24/25 12:10:53 AM,2.00,2.67,285.0,2.563,82.467,1069.350,-0.118
3675,11/24/25 12:20:53 AM,1.67,3.01,285.0,2.475,82.463,1069.350,-0.205
3676,11/24/25 12:30:53 AM,1.00,2.00,297.6,2.030,84.158,1069.350,-0.362
3677,11/24/25 12:40:53 AM,2.00,2.34,331.3,1.982,84.421,1069.350,-0.367
3678,11/24/25 12:50:53 AM,2.00,3.01,310.3,1.906,84.642,1069.350,-0.405
3679,11/24/25 01:00:53 AM,1.34,2.00,269.6,1.904,84.765,1069.350,-0.387
3680,11/24/25 01:10:53 AM,1.34,2.67,272.4,2.346,82.705,1069.350,-0.291
3681,11/24/25 01:20:53 AM,1.67,3.01,278.0,2.038,83.638,1069.350,-0.439
3682,11/24/25 01:30:53 AM,0.67,2.00,268.1,1.250,86.865,1069.350,-0.696
3683,11/24/25 01:40:53 AM,1.34,2.00,299.0,1.330,87.475,1069.350,-0.521
3684,11/24/25 01:50:53 AM,1.00,2.00,273.8,2.022,84.880,1069.350,-0.253
3685,11/24/25 02:00:53 AM,1.00,1.67,276.6,2.826,81.390,1069.350,-0.042
3686,11/24/25 02:10:53 AM,1.34,2.67,275.2,2.327,83.195,1069.350,-0.229
3687,11/24/25 02:20:53 AM,1.34,2.00,278.0,1.290,87.652,1069.350,-0.533
3688,11/24/25 02:30:53 AM,1.67,2.67,299.0,1.614,86.691,1069.350,-0.364
3689,11/24/25 02:40:53 AM,1.67,2.67,315.9,1.928,85.316,1069.350,-0.275
3690,11/24/25 02:50:53 AM,1.67,2.34,321.5,1.971,85.389,1069.350,-0.221
3691,11/24/25 03:00:53 AM,1.34,2.00,294.8,2.175,84.741,1069.350,-0.125
3692,11/24/25 03:10:53 AM,1.34,2.00,297.6,2.303,84.097,1069.350,-0.104
3693,11/24/25 03:20:53 AM,1.00,1.67,290.6,2.378,83.775,1069.350,-0.083
3694,11/24/25 03:30:53 AM,0.67,1.67,292.0,2.480,83.435,1069.350,-0.039
3695,11/24/25 03:40:53 AM,1.34,2.00,286.4,2.325,83.934,1069.350,-0.109
3696,11/24/25 03:50:53 AM,1.34,2.00,268.1,1.705,86.702,1069.350,-0.273
3697,11/24/25 04:00:53 AM,1.00,1.67,275.2,1.617,86.799,1069.350,-0.344
3698,11/24/25 04:10:53 AM,1.34,2.00,262.5,1.901,85.632,1069.350,-0.251
3699,11/24/25 04:20:53 AM,1.34,2.00,272.4,1.681,86.471,1069.350,-0.333
3700,11/24/25 04:30:53 AM,1.34,2.34,262.5,1.606,87.013,1069.350,-0.321
3701,11/24/25 04:40:53 AM,1.34,2.00,256.9,1.901,85.321,1069.350,-0.301
3702,11/24/25 04:50:53 AM,1.34,2.00,245.7,1.625,86.065,1069.350,-0.453
3703,11/24/25 05:00:53 AM,1.34,2.34,252.7,1.408,86.912,1069.350,-0.532
3704,11/24/25 05:10:53 AM,1.67,2.67,238.7,1.571,86.555,1069.350,-0.428
3705,11/24/25 05:20:53 AM,1.34,2.34,245.7,1.646,86.439,1069.350,-0.373
3706,11/24/25 05:30:53 AM,1.34,2.67,279.4,2.258,83.688,1069.350,-0.215
3707,11/24/25 05:40:53 AM,1.00,1.67,258.3,2.394,82.847,1069.350,-0.221
3708,11/24/25 05:50:53 AM,1.00,2.00,283.6,1.839,84.939,1069.350,-0.423
3709,11/24/25 06:00:53 AM,1.00,2.00,285.0,1.665,85.389,1069.350,-0.522
3710,11/24/25 06:10:53 AM,1.67,3.34,271.0,2.062,83.766,1069.350,-0.395
3711,11/24/25 06:20:53 AM,2.00,2.67,265.3,2.016,84.920,1069.350,-0.252
3712,11/24/25 06:30:53 AM,2.67,3.67,272.4,2.311,84.335,1069.350,-0.057
3713,11/24/25 06:40:53 AM,2.34,3.34,273.8,2.759,82.245,1069.350,0.036
3714,11/24/25 06:50:53 AM,2.34,3.34,271.0,2.732,82.341,1069.350,0.026
3715,11/24/25 07:00:53 AM,1.67,3.01,292.0,2.244,83.969,1069.350,-0.183
3716,11/24/25 07:10:53 AM,2.34,3.67,308.9,2.290,83.687,1069.350,-0.184
3717,11/24/25 07:20:53 AM,2.34,3.34,292.0,2.255,83.778,1069.350,-0.204
3718,11/24/25 07:30:53 AM,2.34,5.34,296.2,2.193,84.752,1069.350,-0.106
3719,11/24/25 07:40:53 AM,4.34,9.35,280.8,3.721,83.912,1069.350,1.257
3720,11/24/25 07:50:53 AM,3.01,5.01,282.2,3.132,88.246,1069.350,1.378
3721,11/24/25 08:00:53 AM,3.01,5.01,283.6,2.888,91.180,1069.350,1.593
3722,11/24/25 08:10:53 AM,3.67,5.34,293.4,2.979,92.392,1069.350,1.867
3723,11/24/25 08:20:53 AM,3.01,5.34,300.4,3.008,93.463,1069.350,2.057
3724,11/24/25 08:30:53 AM,2.34,3.67,286.4,3.059,93.657,1069.350,2.137
3725,11/24/25 08:40:53 AM,1.67,3.01,266.7,2.925,94.253,1069.350,2.093
3726,11/24/25 08:50:53 AM,1.67,2.67,252.7,2.754,95.528,1069.350,2.111
3727,11/24/25 09:00:53 AM,1.34,3.01,266.7,2.754,95.711,1069.350,2.138
3728,11/24/25 09:10:53 AM,3.01,5.01,271.0,2.944,94.864,1069.350,2.202
3729,11/24/25 09:20:53 AM,2.34,4.68,265.3,2.751,96.060,1069.350,2.186
3730,11/24/25 09:30:53 AM,2.00,3.01,259.7,2.574,96.661,1069.350,2.097
3731,11/24/25 09:40:53 AM,2.00,4.01,261.1,2.550,97.345,1069.350,2.171
3732,11/24/25 09:50:53 AM,3.34,6.01,258.3,2.976,96.509,1069.350,2.475
3733,11/24/25 10:00:53 AM,3.01,5.01,261.1,3.309,94.919,1069.350,2.574
3734,11/24/25 10:10:53 AM,3.67,6.35,259.7,3.644,93.231,1069.350,2.654
3735,11/24/25 10:20:53 AM,4.34,6.35,271.0,3.754,91.348,1069.350,2.477
3736,11/24/25 10:30:53 AM,5.34,8.68,268.1,3.842,90.227,1069.350,2.390
3737,11/24/25 10:40:53 AM,5.34,8.68,272.4,3.893,89.836,1069.350,2.380
3738,11/24/25 10:50:53 AM,6.01,9.02,266.7,4.172,87.881,1069.350,2.347
3739,11/24/25 11:00:53 AM,6.01,9.35,266.7,4.284,86.946,1069.350,2.307
3740,11/24/25 11:10:53 AM,7.01,11.35,269.6,4.435,85.728,1069.350,2.258
3741,11/24/25 11:20:53 AM,7.35,11.35,269.6,4.352,85.499,1069.350,2.138
3742,11/24/25 11:30:53 AM,7.35,11.02,269.6,4.692,83.937,1069.350,2.214
3743,11/24/25 11:40:53 AM,7.68,10.35,272.4,4.979,82.435,1069.350,2.242
3744,11/24/25 11:50:53 AM,7.01,10.02,266.7,5.595,80.636,1069.350,2.535
3745,11/24/25 12:00:53 PM,8.02,12.02,266.7,6.043,78.386,1069.350,2.573
3746,11/24/25 12:10:53 PM,7.68,11.69,268.1,5.842,78.048,1069.350,2.317
3747,11/24/25 12:20:53 PM,8.68,12.36,273.8,5.413,77.494,1069.350,1.800
3748,11/24/25 12:30:53 PM,8.35,12.02,279.4,5.070,77.636,1069.350,1.492
3749,11/24/25 12:40:53 PM,8.02,12.02,279.4,4.783,77.676,1069.350,1.220
3750,11/24/25 12:50:53 PM,8.68,14.03,280.8,4.719,77.392,1069.350,1.107
3751,11/24/25 01:00:53 PM,9.68,14.69,280.8,4.604,76.306,1069.350,0.800
3752,11/24/25 01:10:53 PM,10.02,15.03,280.8,4.847,74.183,1069.350,0.644
3753,11/24/25 01:20:53 PM,10.69,16.03,283.6,5.124,70.864,1069.350,0.279
3754,11/24/25 01:30:53 PM,10.35,16.36,278.0,4.389,72.229,1069.350,-0.166
3755,11/24/25 01:40:53 PM,11.35,16.03,279.4,5.030,68.865,1069.350,-0.205
3756,11/24/25 01:50:53 PM,11.02,15.70,279.4,5.244,66.490,1069.350,-0.482
3757,11/24/25 02:00:53 PM,10.02,15.03,279.4,5.360,65.666,1069.350,-0.542
3758,11/24/25 02:10:53 PM,11.69,17.37,272.4,5.231,63.986,1069.350,-1.020
3759,11/24/25 02:20:53 PM,10.69,15.03,279.4,5.416,63.163,1069.350,-1.020
3760,11/24/25 02:30:53 PM,10.35,15.36,280.8,5.394,62.179,1069.350,-1.255
3761,11/24/25 02:40:53 PM,10.02,13.36,283.6,5.435,60.592,1069.350,-1.568
3762,11/24/25 02:50:53 PM,9.35,14.36,289.2,5.459,61.895,1069.350,-1.256
3763,11/24/25 03:00:53 PM,9.68,14.36,287.8,4.947,62.507,1069.350,-1.608
3764,11/24/25 03:10:53 PM,11.02,16.36,290.6,4.821,61.596,1069.350,-1.926
3765,11/24/25 03:20:53 PM,9.68,14.03,286.4,4.789,59.380,1069.350,-2.451
3766,11/24/25 03:30:53 PM,9.68,14.03,283.6,4.547,58.145,1069.350,-2.962
3767,11/24/25 03:40:53 PM,9.35,13.69,278.0,4.421,58.582,1069.350,-2.980
3768,11/24/25 03:50:53 PM,8.68,13.02,280.8,4.266,59.968,1069.350,-2.812
3769,11/24/25 04:00:53 PM,7.35,10.69,285.0,4.456,60.166,1069.350,-2.588
3770,11/24/25 04:10:53 PM,7.01,10.02,294.8,4.684,59.060,1069.350,-2.623
3771,11/24/25 04:20:53 PM,7.01,10.35,286.4,4.620,58.762,1069.350,-2.751
3772,11/24/25 04:30:53 PM,7.68,12.69,299.0,4.110,57.641,1069.350,-3.489
3773,11/24/25 04:40:53 PM,7.01,10.69,296.2,4.003,59.289,1069.350,-3.213
3774,11/24/25 04:50:53 PM,6.68,10.35,287.8,3.893,59.400,1069.350,-3.291
3775,11/24/25 05:00:53 PM,7.01,10.69,286.4,3.520,59.263,1069.350,-3.674
3776,11/24/25 05:10:53 PM,6.01,9.35,287.8,3.250,60.362,1069.350,-3.684
3777,11/24/25 05:20:53 PM,5.68,9.02,292.0,3.006,60.481,1069.350,-3.888
3778,11/24/25 05:30:53 PM,4.34,6.68,290.6,2.882,61.016,1069.350,-3.888
3779,11/24/25 05:40:53 PM,4.34,6.68,285.0,2.671,61.367,1069.350,-4.011
3780,11/24/25 05:50:53 PM,4.01,7.68,285.0,2.142,61.230,1069.350,-4.542
3781,11/24/25 06:00:53 PM,4.01,6.35,279.4,1.357,62.881,1069.350,-4.934
3782,11/24/25 06:10:53 PM,3.67,5.68,279.4,0.864,64.474,1069.350,-5.073
3783,11/24/25 06:20:53 PM,3.01,5.34,280.8,0.443,66.784,1069.350,-5.011
3784,11/24/25 06:30:53 PM,3.67,6.01,282.2,0.419,67.887,1069.350,-4.817
3785,11/24/25 06:40:53 PM,3.01,4.01,278.0,-0.008,69.474,1069.350,-4.922
3786,11/24/25 06:50:53 PM,2.67,4.34,269.6,-0.378,70.811,1069.350,-5.026
3787,11/24/25 07:00:53 PM,3.67,6.01,259.7,-0.321,70.346,1069.350,-5.058
3788,11/24/25 07:10:53 PM,4.01,5.68,251.3,-0.496,71.119,1069.350,-5.083
3789,11/24/25 07:20:53 PM,3.67,6.01,249.9,-0.665,71.542,1069.350,-5.167
3790,11/24/25 07:30:53 PM,2.00,4.01,286.4,-1.102,72.766,1069.350,-5.366
3791,11/24/25 07:40:53 PM,1.34,2.34,293.4,-1.909,75.499,1069.350,-5.663
3792,11/24/25 07:50:53 PM,1.34,2.67,299.0,-2.356,76.944,1069.350,-5.848
3793,11/24/25 08:00:53 PM,1.00,1.67,301.8,-2.512,77.308,1069.350,-5.938
3794,11/24/25 08:10:53 PM,1.34,2.34,325.7,-3.134,79.211,1069.350,-6.226
3795,11/24/25 08:20:53 PM,2.00,3.01,332.7,-2.673,77.963,1069.350,-5.985
3796,11/24/25 08:30:53 PM,2.34,3.01,314.5,-2.351,77.575,1069.350,-5.736
3797,11/24/25 08:40:53 PM,2.34,3.01,293.4,-2.426,78.352,1069.350,-5.679
3798,11/24/25 08:50:53 PM,2.34,3.01,263.9,-2.630,78.950,1069.350,-5.778
3799,11/24/25 09:00:53 PM,2.34,3.34,240.1,-2.804,78.880,1069.350,-5.959
3800,11/24/25 09:10:53 PM,1.67,3.01,271.0,-3.257,80.250,1069.350,-6.176
3801,11/24/25 09:20:53 PM,1.67,2.34,286.4,-4.136,83.671,1069.350,-6.493
3802,11/24/25 09:30:53 PM,1.00,1.67,304.7,-4.332,84.840,1069.350,-6.505
3803,11/24/25 09:40:53 PM,2.00,2.67,304.7,-3.962,85.834,1069.350,-5.989
3804,11/24/25 09:50:53 PM,2.00,3.01,290.6,-3.292,83.902,1069.350,-5.628
3805,11/24/25 10:00:53 PM,1.34,2.34,240.1,-4.876,86.394,1069.350,-6.804
3806,11/24/25 10:10:53 PM,0.00,0.67,247.1,-5.246,88.324,1069.350,-6.882
3807,11/24/25 10:20:53 PM,0.00,0.00,247.1,-5.319,89.015,1069.350,-6.853
3808,11/24/25 10:30:53 PM,2.00,2.67,238.7,-5.102,87.149,1069.350,-6.914
3809,11/24/25 10:40:53 PM,1.34,2.00,278.0,-6.171,89.241,1069.350,-7.663
3810,11/24/25 10:50:53 PM,0.33,1.34,292.0,-6.067,90.636,1069.350,-7.360
3811,11/24/25 11:00:53 PM,0.00,0.00,296.2,-5.343,88.540,1069.350,-6.946
3812,11/24/25 11:10:53 PM,0.00,0.33,296.2,-5.061,86.798,1069.350,-6.926
3813,11/24/25 11:20:53 PM,0.67,1.67,303.2,-5.281,86.038,1069.350,-7.256
3814,11/24/25 11:30:53 PM,1.34,2.00,283.6,-5.045,85.080,1069.350,-7.169
3815,11/24/25 11:40:53 PM,1.34,1.67,297.6,-5.504,86.627,1069.350,-7.388
3816,11/24/25 11:50:53 PM,1.67,2.00,293.4,-5.450,86.613,1069.350,-7.337
3817,11/25/25 12:00:53 AM,1.34,2.00,297.6,-5.541,86.961,1069.350,-7.375
3818,11/25/25 12:10:53 AM,2.00,2.67,308.9,-5.565,87.649,1069.350,-7.296
3819,11/25/25 12:20:53 AM,2.00,2.67,299.0,-5.480,87.320,1069.350,-7.261
3820,11/25/25 12:30:53 AM,2.34,3.01,296.2,-5.665,88.054,1069.350,-7.336
3821,11/25/25 12:40:53 AM,2.00,2.67,289.2,-5.536,88.264,1069.350,-7.177
3822,11/25/25 12:50:53 AM,1.67,2.34,294.8,-5.236,87.810,1069.350,-6.948
3823,11/25/25 01:00:53 AM,1.67,2.67,287.8,-5.332,88.681,1069.350,-6.915
3824,11/25/25 01:10:53 AM,1.67,2.67,314.5,-5.198,88.373,1069.350,-6.827
3825,11/25/25 01:20:53 AM,2.00,3.01,286.4,-4.994,87.916,1069.350,-6.693
3826,11/25/25 01:30:53 AM,2.00,2.67,278.0,-4.426,85.478,1069.350,-6.499
3827,11/25/25 01:40:53 AM,1.67,3.34,311.7,-4.949,86.810,1069.350,-6.813
3828,11/25/25 01:50:53 AM,2.34,3.34,327.1,-4.598,86.096,1069.350,-6.575
3829,11/25/25 02:00:53 AM,1.00,3.01,310.3,-4.764,85.240,1069.350,-6.868
3830,11/25/25 02:10:53 AM,1.34,3.01,230.2,-5.378,87.312,1069.350,-7.162
3831,11/25/25 02:20:53 AM,2.67,4.34,228.8,-4.866,87.010,1069.350,-6.702
3832,11/25/25 02:30:53 AM,2.67,4.68,235.9,-4.614,86.081,1069.350,-6.593
3833,11/25/25 02:40:53 AM,0.67,2.34,268.1,-5.313,88.167,1069.350,-6.971
3834,11/25/25 02:50:53 AM,1.67,2.67,263.9,-5.490,88.661,1069.350,-7.074
3835,11/25/25 03:00:53 AM,2.00,3.01,255.5,-5.750,90.379,1069.350,-7.082
3836,11/25/25 03:10:53 AM,2.34,3.34,271.0,-4.651,87.111,1069.350,-6.475
3837,11/25/25 03:20:53 AM,2.34,3.34,231.6,-5.598,89.590,1069.350,-7.045
3838,11/25/25 03:30:53 AM,4.01,6.01,224.6,-4.807,87.996,1069.350,-6.497
3839,11/25/25 03:40:53 AM,4.34,6.01,227.4,-4.678,86.499,1069.350,-6.593
3840,11/25/25 03:50:53 AM,3.34,5.01,237.3,-4.372,85.715,1069.350,-6.410
3841,11/25/25 04:00:53 AM,3.01,4.01,240.1,-4.582,85.617,1069.350,-6.632
3842,11/25/25 04:10:53 AM,2.67,3.67,234.5,-5.091,86.712,1069.350,-6.968
3843,11/25/25 04:20:53 AM,3.34,6.01,228.8,-5.501,87.944,1069.350,-7.190
3844,11/25/25 04:30:53 AM,3.01,4.68,240.1,-5.228,87.613,1069.350,-6.969
3845,11/25/25 04:40:53 AM,2.67,3.67,238.7,-5.461,88.458,1069.350,-7.075
3846,11/25/25 04:50:53 AM,3.01,4.01,244.3,-5.059,86.868,1069.350,-6.913
3847,11/25/25 05:00:53 AM,3.34,4.68,248.5,-4.592,84.878,1069.350,-6.754
3848,11/25/25 05:10:53 AM,3.01,4.34,263.9,-4.836,85.745,1069.350,-6.862
3849,11/25/25 05:20:53 AM,2.34,3.34,275.2,-5.686,87.955,1069.350,-7.371
3850,11/25/25 05:30:53 AM,1.67,2.67,287.8,-5.906,87.984,1069.350,-7.584
3851,11/25/25 05:40:53 AM,2.34,3.01,283.6,-5.096,84.436,1069.350,-7.317
3852,11/25/25 05:50:53 AM,2.34,3.34,279.4,-5.555,84.958,1069.350,-7.689
3853,11/25/25 06:00:53 AM,3.01,4.34,307.5,-5.139,83.958,1069.350,-7.433
3854,11/25/25 06:10:53 AM,2.34,3.67,331.3,-5.976,86.290,1069.350,-7.903
3855,11/25/25 06:20:53 AM,1.67,2.67,328.5,-5.767,84.471,1069.350,-7.972
3856,11/25/25 06:30:53 AM,1.00,2.00,324.3,-5.775,83.420,1069.350,-8.140
3857,11/25/25 06:40:53 AM,0.67,1.34,321.5,-6.008,84.726,1069.350,-8.170
3858,11/25/25 06:50:53 AM,0.00,0.67,325.7,-5.654,80.993,1069.350,-8.400
3859,11/25/25 07:00:53 AM,0.33,1.34,42.1,-5.826,78.283,1069.350,-9.003
3860,11/25/25 07:10:53 AM,0.67,1.34,96.9,-7.263,85.794,1069.350,-9.244
3861,11/25/25 07:20:53 AM,0.33,1.00,61.8,-7.102,86.180,1069.350,-9.029
3862,11/25/25 07:30:53 AM,0.00,0.67,61.8,-6.608,84.889,1069.350,-8.735
3863,11/25/25 07:40:53 AM,0.00,0.33,61.8,-6.726,85.566,1069.350,-8.750
3864,11/25/25 07:50:53 AM,0.67,1.34,30.9,-7.386,87.054,1069.350,-9.180
3865,11/25/25 08:00:53 AM,1.00,1.67,308.9,-8.260,89.804,1069.350,-9.649
3866,11/25/25 08:10:53 AM,1.00,1.67,328.5,-8.051,90.011,1069.350,-9.413
3867,11/25/25 08:20:53 AM,1.00,1.67,1.4,-7.297,88.025,1069.350,-8.951
3868,11/25/25 08:30:53 AM,0.67,2.00,12.6,-7.622,88.458,1069.350,-9.210
3869,11/25/25 08:40:53 AM,0.00,0.00,21.1,-8.260,90.900,1069.350,-9.495
3870,11/25/25 08:50:53 AM,0.00,0.00,9.8,-8.496,91.492,1069.350,-9.647
3871,11/25/25 09:00:53 AM,0.67,1.00,335.5,-8.638,91.777,1069.350,-9.748
3872,11/25/25 09:10:53 AM,0.67,1.00,332.7,-8.850,91.102,1069.350,-10.052
3873,11/25/25 09:20:53 AM,0.67,1.34,303.2,-8.592,90.481,1069.350,-9.883
3874,11/25/25 09:30:53 AM,0.67,1.00,287.8,-8.078,89.859,1069.350,-9.461
3875,11/25/25 09:40:53 AM,1.00,1.00,287.8,-7.525,88.754,1069.350,-9.071
3876,11/25/25 09:50:53 AM,0.67,1.34,287.8,-6.158,87.414,1069.350,-7.916
3877,11/25/25 10:00:53 AM,0.00,0.67,287.8,-3.960,82.948,1069.350,-6.433
3878,11/25/25 10:10:53 AM,0.00,0.00,287.8,-2.697,78.125,1069.350,-5.981
3879,11/25/25 10:20:53 AM,0.00,0.67,279.4,-1.590,73.326,1069.350,-5.737
3880,11/25/25 10:30:53 AM,0.00,0.33,273.8,-0.850,69.020,1069.350,-5.817
3881,11/25/25 10:40:53 AM,0.33,1.00,251.3,-0.796,67.710,1069.350,-6.016
3882,11/25/25 10:50:53 AM,0.00,0.67,237.3,0.161,64.366,1069.350,-5.765
3883,11/25/25 11:00:53 AM,0.33,1.67,183.9,0.660,60.346,1069.350,-6.135
3884,11/25/25 11:10:53 AM,0.67,1.67,130.6,0.354,59.936,1069.350,-6.513
3885,11/25/25 11:20:53 AM,1.00,2.00,116.5,0.164,60.813,1069.350,-6.503
3886,11/25/25 11:30:53 AM,1.00,2.00,119.3,0.662,60.812,1069.350,-6.032
3887,11/25/25 11:40:53 AM,1.34,2.67,115.1,0.847,58.674,1069.350,-6.325
3888,11/25/25 11:50:53 AM,1.34,3.01,92.7,1.274,56.870,1069.350,-6.331
3889,11/25/25 12:00:53 PM,2.00,3.67,92.7,1.440,53.573,1069.350,-6.952
3890,11/25/25 12:10:53 PM,2.00,3.34,102.5,1.767,53.140,1069.350,-6.753
3891,11/25/25 12:20:53 PM,2.00,3.67,98.3,1.633,52.615,1069.350,-7.006
3892,11/25/25 12:30:53 PM,2.00,3.01,95.5,2.078,52.265,1069.350,-6.679
3893,11/25/25 12:40:53 PM,1.67,3.34,91.3,2.566,50.396,1069.350,-6.700
3894,11/25/25 12:50:53 PM,1.67,3.01,89.9,2.818,47.280,1069.350,-7.295
3895,11/25/25 01:00:53 PM,1.67,3.34,101.1,2.786,46.281,1069.350,-7.600
3896,11/25/25 01:10:53 PM,1.67,3.01,85.6,2.786,45.841,1069.350,-7.723
3897,11/25/25 01:20:53 PM,1.34,2.67,91.3,3.113,44.811,1069.350,-7.717
3898,11/25/25 01:30:53 PM,1.67,2.67,91.3,3.282,43.754,1069.350,-7.870
3899,11/25/25 01:40:53 PM,1.00,2.34,115.1,3.443,43.590,1069.350,-7.772
3900,11/25/25 01:50:53 PM,1.34,3.01,115.1,3.703,42.428,1069.350,-7.883
3901,11/25/25 02:00:53 PM,1.00,2.34,133.4,3.920,40.867,1069.350,-8.168
3902,11/25/25 02:10:53 PM,0.67,1.67,91.3,4.416,37.383,1069.350,-8.862
3903,11/25/25 02:20:53 PM,0.67,2.67,133.4,4.687,37.792,1069.350,-8.481
3904,11/25/25 02:30:53 PM,1.00,3.01,168.5,4.523,39.390,1069.350,-8.097
3905,11/25/25 02:40:53 PM,1.34,3.34,212.0,4.287,38.663,1069.350,-8.548
3906,11/25/25 02:50:53 PM,1.00,3.01,213.4,4.738,38.041,1069.350,-8.351
3907,11/25/25 03:00:53 PM,1.34,3.34,209.2,5.263,37.339,1069.350,-8.120
3908,11/25/25 03:10:53 PM,1.34,2.67,258.3,5.054,36.875,1069.350,-8.467
3909,11/25/25 03:20:53 PM,1.00,4.01,261.1,5.124,36.480,1069.350,-8.542
3910,11/25/25 03:30:53 PM,2.34,5.01,241.5,4.995,36.522,1069.350,-8.642
3911,11/25/25 03:40:53 PM,1.34,3.67,268.1,5.102,35.691,1069.350,-8.841
3912,11/25/25 03:50:53 PM,2.00,4.01,290.6,4.845,35.973,1069.350,-8.969
3913,11/25/25 04:00:53 PM,2.00,3.67,290.6,4.839,35.982,1069.350,-8.972
3914,11/25/25 04:10:53 PM,2.34,3.67,248.5,5.046,35.073,1069.350,-9.113
3915,11/25/25 04:20:53 PM,1.67,4.01,269.6,4.968,35.442,1069.350,-9.049
3916,11/25/25 04:30:53 PM,2.00,3.34,300.4,4.845,37.182,1069.350,-8.547
3917,11/25/25 04:40:53 PM,1.67,2.67,265.3,4.882,36.823,1069.350,-8.638
3918,11/25/25 04:50:53 PM,1.67,3.01,276.6,4.976,36.706,1069.350,-8.595
3919,11/25/25 05:00:53 PM,1.67,2.67,285.0,4.526,36.780,1069.350,-8.971
3920,11/25/25 05:10:53 PM,1.67,3.01,269.6,4.303,37.082,1069.350,-9.066
3921,11/25/25 05:20:53 PM,1.34,2.34,279.4,4.065,37.935,1069.350,-8.990
3922,11/25/25 05:30:53 PM,1.67,3.01,271.0,3.735,39.136,1069.350,-8.889
3923,11/25/25 05:40:53 PM,1.67,2.34,266.7,3.167,41.341,1069.350,-8.702
3924,11/25/25 05:50:53 PM,1.67,2.34,272.4,1.880,45.028,1069.350,-8.782
3925,11/25/25 06:00:53 PM,1.34,1.67,296.2,0.837,47.857,1069.350,-8.962
3926,11/25/25 06:10:53 PM,1.67,2.34,303.2,-0.394,52.184,1069.350,-8.998
3927,11/25/25 06:20:53 PM,2.00,2.67,300.4,-0.667,54.154,1069.350,-8.780
3928,11/25/25 06:30:53 PM,1.00,2.00,299.0,-0.860,55.552,1069.350,-8.635
3929,11/25/25 06:40:53 PM,0.33,1.00,297.6,-1.850,60.299,1069.350,-8.518
3930,11/25/25 06:50:53 PM,0.33,0.67,226.0,-2.844,66.059,1069.350,-8.295
3931,11/25/25 07:00:53 PM,0.00,0.67,226.0,-2.624,66.934,1069.350,-7.916
3932,11/25/25 07:10:53 PM,0.00,0.00,226.0,-2.413,67.002,1069.350,-7.701
3933,11/25/25 07:20:53 PM,0.67,2.34,251.3,-1.943,67.846,1069.350,-7.089
3934,11/25/25 07:30:53 PM,1.67,2.67,272.4,-1.525,67.427,1069.350,-6.769
3935,11/25/25 07:40:53 PM,2.00,2.34,285.0,-1.506,67.411,1069.350,-6.753
3936,11/25/25 07:50:53 PM,1.34,3.67,303.2,-1.131,67.285,1069.350,-6.419
3937,11/25/25 08:00:53 PM,2.00,3.34,313.1,-0.241,64.538,1069.350,-6.113
3938,11/25/25 08:10:53 PM,2.00,3.34,294.8,0.223,62.649,1069.350,-6.060
3939,11/25/25 08:20:53 PM,1.67,2.67,301.8,0.129,62.918,1069.350,-6.093
3940,11/25/25 08:30:53 PM,1.34,2.34,296.2,-0.163,64.900,1069.350,-5.965
3941,11/25/25 08:40:53 PM,1.34,2.00,303.2,-0.096,64.302,1069.350,-6.022
3942,11/25/25 08:50:53 PM,1.34,2.34,275.2,-0.217,65.022,1069.350,-5.992
3943,11/25/25 09:00:53 PM,1.67,2.67,265.3,-0.496,66.296,1069.350,-6.005
3944,11/25/25 09:10:53 PM,1.34,2.00,272.4,-0.863,67.832,1069.350,-6.056
3945,11/25/25 09:20:53 PM,0.67,1.34,275.2,-1.016,68.740,1069.350,-6.029
3946,11/25/25 09:30:53 PM,1.00,1.67,273.8,-1.217,70.716,1069.350,-5.852
3947,11/25/25 09:40:53 PM,1.67,2.34,262.5,-1.008,69.377,1069.350,-5.901
3948,11/25/25 09:50:53 PM,1.34,2.00,276.6,-0.954,69.046,1069.350,-5.912
3949,11/25/25 10:00:53 PM,1.67,2.00,262.5,-0.587,67.228,1069.350,-5.909
3950,11/25/25 10:10:53 PM,1.00,1.67,285.0,-0.675,68.359,1069.350,-5.775
3951,11/25/25 10:20:53 PM,1.67,2.00,273.8,-0.214,65.304,1069.350,-5.933
3952,11/25/25 10:30:53 PM,1.34,1.67,278.0,-0.056,64.120,1069.350,-6.021
3953,11/25/25 10:40:53 PM,1.34,1.67,266.7,0.049,62.852,1069.350,-6.182
3954,11/25/25 10:50:53 PM,1.00,1.67,273.8,-0.171,64.242,1069.350,-6.106
3955,11/25/25 11:00:53 PM,1.00,1.34,285.0,-0.370,64.744,1069.350,-6.194
3956,11/25/25 11:10:53 PM,1.00,1.67,282.2,-0.332,64.498,1069.350,-6.207
3957,11/25/25 11:20:53 PM,0.67,1.00,294.8,-0.388,64.457,1069.350,-6.269
3958,11/25/25 11:30:53 PM,1.00,2.00,303.2,0.040,62.885,1069.350,-6.184
3959,11/25/25 11:40:53 PM,0.00,1.00,320.1,0.022,63.102,1069.350,-6.156
3960,11/25/25 11:50:53 PM,1.00,2.00,240.1,-0.163,64.160,1069.350,-6.115
3961,11/26/25 12:00:53 AM,1.00,2.00,247.1,-0.340,63.626,1069.350,-6.393
3962,11/26/25 12:10:53 AM,1.00,2.00,275.2,-0.257,63.777,1069.350,-6.283
3963,11/26/25 12:20:53 AM,1.00,1.34,286.4,-0.753,66.528,1069.350,-6.205
3964,11/26/25 12:30:53 AM,0.33,0.67,292.0,-0.606,65.327,1069.350,-6.302
3965,11/26/25 12:40:53 AM,0.33,1.67,299.0,-0.699,64.932,1069.350,-6.470
3966,11/26/25 12:50:53 AM,1.34,1.67,292.0,-0.917,64.923,1069.350,-6.679
3967,11/26/25 01:00:53 AM,1.34,1.67,296.2,-1.582,67.337,1069.350,-6.841
3968,11/26/25 01:10:53 AM,1.00,1.67,286.4,-2.064,69.873,1069.350,-6.823
3969,11/26/25 01:20:53 AM,0.33,1.34,304.7,-2.340,71.919,1069.350,-6.714
3970,11/26/25 01:30:53 AM,0.67,1.34,195.1,-2.793,75.074,1069.350,-6.594
3971,11/26/25 01:40:53 AM,0.67,1.67,212.0,-2.236,73.918,1069.350,-6.256
3972,11/26/25 01:50:53 AM,1.00,2.00,271.0,-2.134,73.304,1069.350,-6.267
3973,11/26/25 02:00:53 AM,1.34,1.67,287.8,-2.153,74.513,1069.350,-6.071
3974,11/26/25 02:10:53 AM,1.34,1.67,261.1,-1.906,74.058,1069.350,-5.912
3975,11/26/25 02:20:53 AM,1.34,2.00,273.8,-2.131,76.559,1069.350,-5.695
3976,11/26/25 02:30:53 AM,1.34,1.67,287.8,-2.166,76.786,1069.350,-5.691
3977,11/26/25 02:40:53 AM,1.34,2.00,269.6,-2.300,77.148,1069.350,-5.759
3978,11/26/25 02:50:53 AM,1.00,1.67,273.8,-2.890,80.140,1069.350,-5.836
3979,11/26/25 03:00:53 AM,1.00,1.34,265.3,-2.635,78.770,1069.350,-5.813
3980,11/26/25 03:10:53 AM,1.00,1.34,268.1,-2.064,76.135,1069.350,-5.703
3981,11/26/25 03:20:53 AM,1.00,1.67,262.5,-1.981,75.837,1069.350,-5.674
3982,11/26/25 03:30:53 AM,0.67,2.00,251.3,-2.228,77.447,1069.350,-5.638
3983,11/26/25 03:40:53 AM,1.67,2.34,254.1,-1.665,74.379,1069.350,-5.622
3984,11/26/25 03:50:53 AM,1.34,2.00,255.5,-1.531,72.720,1069.350,-5.788
3985,11/26/25 04:00:53 AM,0.67,1.67,273.8,-2.158,75.264,1069.350,-5.945
3986,11/26/25 04:10:53 AM,1.00,1.67,287.8,-1.804,73.176,1069.350,-5.970
3987,11/26/25 04:20:53 AM,1.34,1.67,292.0,-1.705,72.204,1069.350,-6.050
3988,11/26/25 04:30:53 AM,1.00,2.00,268.1,-2.126,74.434,1069.350,-6.059
3989,11/26/25 04:40:53 AM,1.00,1.34,259.7,-2.190,75.024,1069.350,-6.018
3990,11/26/25 04:50:53 AM,1.00,1.67,280.8,-2.825,77.459,1069.350,-6.217
3991,11/26/25 05:00:53 AM,1.00,2.67,306.1,-2.354,75.486,1069.350,-6.097
3992,11/26/25 05:10:53 AM,0.33,1.00,306.1,-1.611,72.810,1069.350,-5.850
3993,11/26/25 05:20:53 AM,0.33,1.67,181.1,-2.295,76.561,1069.350,-5.854
3994,11/26/25 05:30:53 AM,0.00,0.67,160.0,-2.858,81.021,1069.350,-5.661
3995,11/26/25 05:40:53 AM,0.00,0.00,160.0,-2.799,81.773,1069.350,-5.482
3996,11/26/25 05:50:53 AM,0.00,0.33,160.0,-2.713,82.516,1069.350,-5.279
3997,11/26/25 06:00:53 AM,0.33,1.00,160.0,-2.852,84.404,1069.350,-5.118
3998,11/26/25 06:10:53 AM,0.33,1.00,146.0,-2.951,84.887,1069.350,-5.140
3999,11/26/25 06:20:53 AM,0.00,0.00,143.2,-2.989,86.259,1069.350,-4.966
4000,11/26/25 06:30:53 AM,0.00,0.00,143.2,-2.938,84.945,1069.350,-5.118
4001,11/26/25 06:40:53 AM,0.00,0.00,143.2,-2.847,84.228,1069.350,-5.140
4002,11/26/25 06:50:53 AM,0.00,0.00,143.2,-2.686,83.551,1069.350,-5.088
4003,11/26/25 07:00:53 AM,0.00,0.00,161.5,-2.493,82.591,1069.350,-5.051
4004,11/26/25 07:10:53 AM,0.00,0.00,230.2,-2.541,83.542,1069.350,-4.948
4005,11/26/25 07:20:53 AM,0.00,0.00,230.2,-2.616,85.396,1069.350,-4.731
4006,11/26/25 07:30:53 AM,0.33,1.34,245.7,-2.716,85.861,1069.350,-4.758
4007,11/26/25 07:40:53 AM,1.00,1.67,285.0,-2.742,86.203,1069.350,-4.731
4008,11/26/25 07:50:53 AM,1.00,1.67,287.8,-2.136,83.629,1069.350,-4.536
4009,11/26/25 08:00:53 AM,1.00,3.01,301.8,-1.477,80.725,1069.350,-4.359
4010,11/26/25 08:10:53 AM,2.34,3.34,249.9,-0.254,74.716,1069.350,-4.196
4011,11/26/25 08:20:53 AM,2.67,4.01,265.3,-0.313,74.426,1069.350,-4.305
4012,11/26/25 08:30:53 AM,2.00,3.01,259.7,-0.506,75.335,1069.350,-4.331
4013,11/26/25 08:40:53 AM,2.00,3.01,263.9,-0.528,75.653,1069.350,-4.296
4014,11/26/25 08:50:53 AM,1.67,2.34,275.2,-0.474,76.136,1069.350,-4.159
4015,11/26/25 09:00:53 AM,1.67,3.01,282.2,0.469,72.041,1069.350,-3.982
4016,11/26/25 09:10:53 AM,2.34,4.01,271.0,0.807,70.425,1069.350,-3.958
4017,11/26/25 09:20:53 AM,2.34,3.67,261.1,1.091,69.871,1069.350,-3.790
4018,11/26/25 09:30:53 AM,1.67,4.01,255.5,0.963,71.807,1069.350,-3.549
4019,11/26/25 09:40:53 AM,2.00,3.34,262.5,1.373,71.199,1069.350,-3.267
4020,11/26/25 09:50:53 AM,3.01,5.34,306.1,2.161,70.762,1069.350,-2.592
4021,11/26/25 10:00:53 AM,2.67,4.01,258.3,3.054,67.076,1069.350,-2.456
4022,11/26/25 10:10:53 AM,2.67,4.01,268.1,2.770,66.619,1069.350,-2.819
4023,11/26/25 10:20:53 AM,2.00,3.01,268.1,3.177,66.241,1069.350,-2.507
4024,11/26/25 10:30:53 AM,2.67,5.68,269.6,4.118,65.274,1069.350,-1.808
4025,11/26/25 10:40:53 AM,3.34,5.68,294.8,4.764,64.669,1069.350,-1.319
4026,11/26/25 10:50:53 AM,3.34,4.68,313.1,4.378,64.154,1069.350,-1.795
4027,11/26/25 11:00:53 AM,3.01,4.34,307.5,3.987,65.568,1069.350,-1.872
4028,11/26/25 11:10:53 AM,2.34,4.01,297.6,4.124,66.290,1069.350,-1.593
4029,11/26/25 11:20:53 AM,2.67,4.01,268.1,4.931,65.492,1069.350,-0.988
4030,11/26/25 11:30:53 AM,3.34,6.01,286.4,5.255,65.220,1069.350,-0.736
4031,11/26/25 11:40:53 AM,3.67,6.01,276.6,4.829,65.438,1069.350,-1.096
4032,11/26/25 11:50:53 AM,3.34,4.68,265.3,4.657,64.974,1069.350,-1.357
4033,11/26/25 12:00:53 PM,3.67,5.01,265.3,5.585,62.617,1069.350,-0.979
4034,11/26/25 12:10:53 PM,3.01,5.68,272.4,6.539,60.616,1069.350,-0.520
4035,11/26/25 12:20:53 PM,3.01,4.68,287.8,6.392,61.386,1069.350,-0.486
4036,11/26/25 12:30:53 PM,3.01,5.01,287.8,6.727,60.792,1069.350,-0.303
4037,11/26/25 12:40:53 PM,3.01,5.01,297.6,6.569,61.918,1069.350,-0.200
4038,11/26/25 12:50:53 PM,3.67,6.35,285.0,7.191,61.154,1069.350,0.218
4039,11/26/25 01:00:53 PM,4.68,6.68,279.4,6.783,61.724,1069.350,-0.041
4040,11/26/25 01:10:53 PM,4.01,6.35,266.7,7.049,61.318,1069.350,0.120
4041,11/26/25 01:20:53 PM,4.68,7.68,276.6,7.703,60.272,1069.350,0.501
4042,11/26/25 01:30:53 PM,5.34,8.02,275.2,7.998,59.997,1069.350,0.716
4043,11/26/25 01:40:53 PM,5.68,8.02,271.0,7.797,59.765,1069.350,0.472
4044,11/26/25 01:50:53 PM,5.34,7.68,269.6,7.435,61.129,1069.350,0.443
4045,11/26/25 02:00:53 PM,5.68,9.02,275.2,7.596,61.520,1069.350,0.683
4046,11/26/25 02:10:53 PM,5.34,7.68,273.8,7.944,60.908,1069.350,0.873
4047,11/26/25 02:20:53 PM,5.34,7.68,269.6,8.030,60.398,1069.350,0.838
4048,11/26/25 02:30:53 PM,4.68,7.68,259.7,7.920,60.618,1069.350,0.785
4049,11/26/25 02:40:53 PM,5.01,7.35,265.3,7.555,61.456,1069.350,0.630
4050,11/26/25 02:50:53 PM,5.34,7.68,268.1,7.869,60.940,1069.350,0.810
4051,11/26/25 03:00:53 PM,4.68,6.68,261.1,8.116,60.345,1069.350,0.907
4052,11/26/25 03:10:53 PM,4.34,6.68,261.1,7.370,62.274,1069.350,0.638
4053,11/26/25 03:20:53 PM,4.01,6.68,256.9,8.298,60.154,1069.350,1.035
4054,11/26/25 03:30:53 PM,4.01,6.01,255.5,8.362,59.191,1069.350,0.871
4055,11/26/25 03:40:53 PM,4.01,6.35,259.7,8.209,59.559,1069.350,0.813
4056,11/26/25 03:50:53 PM,4.01,6.35,258.3,8.333,59.721,1069.350,0.968
4057,11/26/25 04:00:53 PM,4.01,6.68,252.7,8.051,60.357,1069.350,0.848
4058,11/26/25 04:10:53 PM,4.01,6.35,252.7,8.038,61.091,1069.350,1.004
4059,11/26/25 04:20:53 PM,4.68,7.01,254.1,7.848,62.495,1069.350,1.140
4060,11/26/25 04:30:53 PM,3.67,6.35,251.3,7.255,64.172,1069.350,0.944
4061,11/26/25 04:40:53 PM,3.34,6.01,247.1,6.974,66.300,1069.350,1.130
4062,11/26/25 04:50:53 PM,3.01,5.01,255.5,7.019,67.298,1069.350,1.381
4063,11/26/25 05:00:53 PM,3.01,4.34,265.3,7.022,66.957,1069.350,1.313
4064,11/26/25 05:10:53 PM,3.01,4.68,271.0,6.931,67.320,1069.350,1.301
4065,11/26/25 05:20:53 PM,3.01,4.68,273.8,6.936,67.086,1069.350,1.257
4066,11/26/25 05:30:53 PM,3.34,4.68,268.1,6.805,68.353,1069.350,1.392
4067,11/26/25 05:40:53 PM,3.34,5.34,262.5,6.550,71.359,1069.350,1.748
4068,11/26/25 05:50:53 PM,3.01,4.68,261.1,6.303,74.466,1069.350,2.106
4069,11/26/25 06:00:53 PM,2.34,3.67,271.0,6.046,76.078,1069.350,2.157
4070,11/26/25 06:10:53 PM,2.00,3.01,273.8,5.834,76.959,1069.350,2.112
4071,11/26/25 06:20:53 PM,1.67,3.01,282.2,5.703,77.446,1069.350,2.073
4072,11/26/25 06:30:53 PM,2.34,3.67,279.4,5.743,78.202,1069.350,2.248
4073,11/26/25 06:40:53 PM,2.34,4.01,272.4,5.764,78.537,1069.350,2.329
4074,11/26/25 06:50:53 PM,2.34,3.67,282.2,5.695,79.023,1069.350,2.348
4075,11/26/25 07:00:53 PM,2.00,3.34,279.4,5.652,79.167,1069.350,2.332
4076,11/26/25 07:10:53 PM,2.34,4.01,297.6,5.652,78.943,1069.350,2.292
4077,11/26/25 07:20:53 PM,3.34,4.68,317.3,5.598,79.748,1069.350,2.382
4078,11/26/25 07:30:53 PM,2.34,4.01,304.7,5.156,82.597,1069.350,2.443
4079,11/26/25 07:40:53 PM,2.00,3.67,306.1,4.759,87.102,1069.350,2.800
4080,11/26/25 07:50:53 PM,3.01,4.34,318.7,4.646,89.175,1069.350,3.020
4081,11/26/25 08:00:53 PM,2.34,4.34,310.3,4.641,89.248,1069.350,3.027
4082,11/26/25 08:10:53 PM,1.34,2.67,280.8,4.566,89.541,1069.350,2.999
4083,11/26/25 08:20:53 PM,1.34,2.34,275.2,4.274,92.201,1069.350,3.123
4084,11/26/25 08:30:53 PM,1.67,2.67,290.6,4.083,94.063,1069.350,3.216
4085,11/26/25 08:40:53 PM,1.67,3.34,299.0,3.944,95.410,1069.350,3.279
4086,11/26/25 08:50:53 PM,2.67,4.34,321.5,3.839,96.281,1069.350,3.303
4087,11/26/25 09:00:53 PM,2.67,4.34,325.7,3.748,97.052,1069.350,3.325
4088,11/26/25 09:10:53 PM,1.34,3.01,306.1,3.716,97.134,1069.350,3.305
4089,11/26/25 09:20:53 PM,0.67,2.34,307.5,3.620,97.339,1069.350,3.239
4090,11/26/25 09:30:53 PM,0.67,2.34,287.8,3.746,96.838,1069.350,3.292
4091,11/26/25 09:40:53 PM,1.34,3.34,195.1,4.148,95.358,1069.350,3.474
4092,11/26/25 09:50:53 PM,0.67,1.67,279.4,4.051,95.108,1069.350,3.341
4093,11/26/25 10:00:53 PM,1.67,2.34,224.6,3.413,97.174,1069.350,3.008
4094,11/26/25 10:10:53 PM,1.34,2.34,231.6,3.142,98.434,1069.350,2.919
4095,11/26/25 10:20:53 PM,1.00,2.00,241.5,3.183,98.607,1069.350,2.985
4096,11/26/25 10:30:53 PM,1.34,2.00,262.5,3.121,98.949,1069.350,2.972
4097,11/26/25 10:40:53 PM,2.67,5.34,256.9,3.453,98.752,1069.350,3.276
4098,11/26/25 10:50:53 PM,2.67,4.01,265.3,3.711,98.111,1069.350,3.442
4099,11/26/25 11:00:53 PM,2.00,3.34,262.5,3.601,98.366,1069.350,3.368
4100,11/26/25 11:10:53 PM,2.34,3.67,254.1,3.440,99.297,1069.350,3.341
4101,11/26/25 11:20:53 PM,2.34,3.67,256.9,3.392,99.512,1069.350,3.323
4102,11/26/25 11:30:53 PM,2.00,3.34,259.7,3.437,99.956,1069.350,3.431
4103,11/26/25 11:40:53 PM,1.00,2.00,272.4,3.437,99.997,1069.350,3.437
4104,11/26/25 11:50:53 PM,0.33,1.67,276.6,3.421,99.997,1069.350,3.421
4105,11/27/25 12:00:53 AM,1.00,1.67,241.5,3.429,99.997,1069.350,3.429
4106,11/27/25 12:10:53 AM,0.67,1.67,252.7,3.335,99.997,1069.350,3.335
4107,11/27/25 12:20:53 AM,1.00,1.67,266.7,3.242,99.997,1069.350,3.242
4108,11/27/25 12:30:53 AM,1.00,1.67,278.0,3.362,99.997,1069.350,3.362
4109,11/27/25 12:40:53 AM,1.00,1.34,279.4,3.536,99.959,1069.350,3.531
4110,11/27/25 12:50:53 AM,0.33,1.00,279.4,3.660,99.348,1069.350,3.568
4111,11/27/25 01:00:53 AM,0.00,0.00,279.4,3.614,99.344,1069.350,3.521
4112,11/27/25 01:10:53 AM,0.33,1.00,289.2,3.681,99.161,1069.350,3.562
4113,11/27/25 01:20:53 AM,0.33,1.00,296.2,3.654,99.200,1069.350,3.541
4114,11/27/25 01:30:53 AM,0.33,1.00,263.9,3.451,99.358,1069.350,3.360
4115,11/27/25 01:40:53 AM,0.00,0.00,219.0,3.094,99.922,1069.350,3.083
4116,11/27/25 01:50:53 AM,0.00,0.00,304.7,3.121,99.997,1069.350,3.121
4117,11/27/25 02:00:53 AM,0.00,0.00,304.7,3.362,99.997,1069.350,3.362
4118,11/27/25 02:10:53 AM,0.00,0.00,304.7,3.453,99.960,1069.350,3.448
4119,11/27/25 02:20:53 AM,0.00,0.00,294.8,3.317,99.951,1069.350,3.310
4120,11/27/25 02:30:53 AM,0.00,0.33,206.4,2.783,99.988,1069.350,2.781
4121,11/27/25 02:40:53 AM,0.00,0.67,146.0,2.467,99.997,1069.350,2.466
4122,11/27/25 02:50:53 AM,0.00,0.00,147.4,2.528,99.997,1069.350,2.527
4123,11/27/25 03:00:53 AM,0.00,0.00,144.6,2.601,99.997,1069.350,2.600
4124,11/27/25 03:10:53 AM,0.00,0.00,44.9,2.711,99.997,1069.350,2.710
4125,11/27/25 03:20:53 AM,0.00,0.00,44.9,2.775,99.997,1069.350,2.774
4126,11/27/25 03:30:53 AM,0.00,0.00,44.9,2.936,99.997,1069.350,2.935
4127,11/27/25 03:40:53 AM,0.00,0.00,44.9,3.091,99.997,1069.350,3.091
4128,11/27/25 03:50:53 AM,0.00,0.00,44.9,3.032,99.997,1069.350,3.031
4129,11/27/25 04:00:53 AM,0.00,0.00,44.9,3.167,99.997,1069.350,3.167
4130,11/27/25 04:10:53 AM,0.00,0.00,51.9,3.126,99.997,1069.350,3.126
4131,11/27/25 04:20:53 AM,0.00,0.00,133.4,2.751,99.997,1069.350,2.750
4132,11/27/25 04:30:53 AM,0.00,0.00,153.0,2.539,99.997,1069.350,2.538
4133,11/27/25 04:40:53 AM,0.00,0.00,153.0,2.394,99.997,1069.350,2.392
4134,11/27/25 04:50:53 AM,0.00,0.00,153.0,2.357,99.997,1069.350,2.355
4135,11/27/25 05:00:53 AM,0.00,0.00,136.2,2.378,99.997,1069.350,2.376
4136,11/27/25 05:10:53 AM,0.33,2.00,82.8,2.528,99.997,1069.350,2.527
4137,11/27/25 05:20:53 AM,1.00,2.67,73.0,2.834,99.997,1069.350,2.833
4138,11/27/25 05:30:53 AM,1.00,2.00,73.0,2.861,99.997,1069.350,2.860
4139,11/27/25 05:40:53 AM,1.67,3.01,67.4,2.872,99.997,1069.350,2.871
4140,11/27/25 05:50:53 AM,1.67,2.67,70.2,2.818,99.997,1069.350,2.817
4141,11/27/25 06:00:53 AM,1.67,2.67,80.0,2.713,99.997,1069.350,2.712
4142,11/27/25 06:10:53 AM,1.00,2.00,89.9,2.628,99.997,1069.350,2.627
4143,11/27/25 06:20:53 AM,1.00,1.67,95.5,2.545,99.997,1069.350,2.544
4144,11/27/25 06:30:53 AM,1.00,1.67,91.3,2.512,99.997,1069.350,2.511
4145,11/27/25 06:40:53 AM,1.34,2.00,75.8,2.563,99.997,1069.350,2.562
4146,11/27/25 06:50:53 AM,1.67,2.67,67.4,2.633,99.997,1069.350,2.632
4147,11/27/25 07:00:53 AM,1.34,2.34,66.0,2.609,99.997,1069.350,2.608
4148,11/27/25 07:10:53 AM,1.67,2.67,71.6,2.585,99.997,1069.350,2.584
4149,11/27/25 07:20:53 AM,1.67,3.01,75.8,2.534,99.997,1069.350,2.533
4150,11/27/25 07:30:53 AM,1.67,3.01,80.0,2.504,99.997,1069.350,2.503
4151,11/27/25 07:40:53 AM,1.67,3.01,75.8,2.491,99.997,1069.350,2.490
4152,11/27/25 07:50:53 AM,1.00,2.00,88.4,2.488,99.997,1069.350,2.487
4153,11/27/25 08:00:53 AM,0.33,2.34,102.5,2.255,99.997,1069.350,2.253
4154,11/27/25 08:10:53 AM,0.33,1.34,137.6,2.014,99.997,1069.350,2.012
4155,11/27/25 08:20:53 AM,0.33,1.34,134.8,1.928,99.997,1069.350,1.926
4156,11/27/25 08:30:53 AM,1.00,1.67,122.1,1.810,99.997,1069.350,1.808
4157,11/27/25 08:40:53 AM,0.67,1.34,124.9,1.708,99.997,1069.350,1.705
4158,11/27/25 08:50:53 AM,1.00,1.67,141.8,1.630,99.997,1069.350,1.627
4159,11/27/25 09:00:53 AM,0.33,1.34,127.8,1.622,99.997,1069.350,1.619
4160,11/27/25 09:10:53 AM,0.00,0.00,120.7,1.671,99.997,1069.350,1.668
4161,11/27/25 09:20:53 AM,0.00,0.00,120.7,1.703,99.997,1069.350,1.700
4162,11/27/25 09:30:53 AM,0.00,0.00,120.7,1.807,99.997,1069.350,1.804
4163,11/27/25 09:40:53 AM,0.00,1.34,96.9,1.982,99.997,1069.350,1.980
4164,11/27/25 09:50:53 AM,0.67,1.34,94.1,2.116,99.997,1069.350,2.114
4165,11/27/25 10:00:53 AM,1.00,2.34,82.8,2.225,99.997,1069.350,2.223
4166,11/27/25 10:10:53 AM,1.34,2.00,59.0,2.215,99.997,1069.350,2.213
4167,11/27/25 10:20:53 AM,1.00,2.34,63.2,2.360,99.997,1069.350,2.358
4168,11/27/25 10:30:53 AM,1.67,3.01,88.4,2.440,99.997,1069.350,2.439
4169,11/27/25 10:40:53 AM,1.67,3.01,98.3,2.065,99.997,1069.350,2.063
4170,11/27/25 10:50:53 AM,1.67,2.67,112.3,1.931,99.997,1069.350,1.929
4171,11/27/25 11:00:53 AM,1.67,2.67,98.3,2.075,99.997,1069.350,2.073
4172,11/27/25 11:10:53 AM,1.67,2.67,122.1,1.829,99.997,1069.350,1.827
4173,11/27/25 11:20:53 AM,1.34,2.34,120.7,2.011,99.997,1069.350,2.009
4174,11/27/25 11:30:53 AM,1.67,3.01,109.5,2.038,99.997,1069.350,2.036
4175,11/27/25 11:40:53 AM,1.67,3.01,99.7,2.357,99.997,1069.350,2.355
4176,11/27/25 11:50:53 AM,1.34,2.67,99.7,2.338,99.997,1069.350,2.336
4177,11/27/25 12:00:53 PM,1.34,2.67,112.3,2.746,99.997,1069.350,2.745
4178,11/27/25 12:10:53 PM,1.67,3.01,119.3,3.183,99.997,1069.350,3.183
4179,11/27/25 12:20:53 PM,1.34,3.01,108.1,4.164,99.997,1069.350,4.165
4180,11/27/25 12:30:53 PM,2.00,3.34,94.1,4.770,97.781,1069.350,4.452
4181,11/27/25 12:40:53 PM,1.67,3.01,102.5,6.032,90.724,1069.350,4.636
4182,11/27/25 12:50:53 PM,1.67,3.01,109.5,6.601,88.409,1069.350,4.828
4183,11/27/25 01:00:53 PM,2.00,4.01,106.7,6.411,88.179,1069.350,4.604
4184,11/27/25 01:10:53 PM,2.67,4.01,81.4,7.011,82.387,1069.350,4.223
4185,11/27/25 01:20:53 PM,2.67,4.01,89.9,8.140,77.818,1069.350,4.510
4186,11/27/25 01:30:53 PM,3.01,4.68,85.6,9.177,73.626,1069.350,4.723
4187,11/27/25 01:40:53 PM,3.01,4.68,74.4,8.732,72.995,1069.350,4.170
4188,11/27/25 01:50:53 PM,3.01,5.01,70.2,8.687,70.967,1069.350,3.726
4189,11/27/25 02:00:53 PM,2.67,4.68,77.2,8.577,69.606,1069.350,3.346
4190,11/27/25 02:10:53 PM,3.01,4.68,73.0,8.955,67.338,1069.350,3.239
4191,11/27/25 02:20:53 PM,3.01,5.34,71.6,9.303,67.381,1069.350,3.581
4192,11/27/25 02:30:53 PM,2.67,4.01,67.4,9.641,64.031,1069.350,3.181
4193,11/27/25 02:40:53 PM,2.00,3.34,53.3,9.810,62.429,1069.350,2.983
4194,11/27/25 02:50:53 PM,2.34,4.01,73.0,9.561,62.721,1069.350,2.813
4195,11/27/25 03:00:53 PM,2.67,4.34,64.6,9.925,62.901,1069.350,3.199
4196,11/27/25 03:10:53 PM,2.34,4.34,64.6,9.786,63.316,1069.350,3.160
4197,11/27/25 03:20:53 PM,2.00,3.34,59.0,9.357,63.122,1069.350,2.710
4198,11/27/25 03:30:53 PM,1.67,3.01,39.3,9.033,63.383,1069.350,2.460
4199,11/27/25 03:40:53 PM,1.34,2.00,8.4,8.839,63.799,1069.350,2.368
4200,11/27/25 03:50:53 PM,1.00,3.01,80.0,8.730,64.785,1069.350,2.480
4201,11/27/25 04:00:53 PM,2.34,4.68,91.3,8.593,66.168,1069.350,2.646
4202,11/27/25 04:10:53 PM,0.67,2.67,147.4,9.368,61.118,1069.350,2.267
4203,11/27/25 04:20:53 PM,1.00,1.67,67.4,9.558,61.051,1069.350,2.431
4204,11/27/25 04:30:53 PM,0.33,1.34,124.9,9.512,61.839,1069.350,2.568
4205,11/27/25 04:40:53 PM,0.00,0.00,124.9,10.338,58.836,1069.350,2.646
4206,11/27/25 04:50:53 PM,0.33,2.67,172.7,10.909,57.015,1069.350,2.740
4207,11/27/25 05:00:53 PM,1.67,3.01,258.3,9.504,65.974,1069.350,3.474
4208,11/27/25 05:10:53 PM,1.00,2.00,269.6,8.882,68.093,1069.350,3.327
4209,11/27/25 05:20:53 PM,1.00,1.67,280.8,8.271,69.107,1069.350,2.951
4210,11/27/25 05:30:53 PM,0.00,0.00,289.2,7.885,69.596,1069.350,2.680
4211,11/27/25 05:40:53 PM,0.00,0.00,322.9,7.834,67.492,1069.350,2.200
4212,11/27/25 05:50:53 PM,0.00,0.00,317.3,7.314,69.445,1069.350,2.102
4213,11/27/25 06:00:53 PM,1.00,2.00,266.7,5.743,74.907,1069.350,1.646
4214,11/27/25 06:10:53 PM,1.67,2.00,278.0,4.483,81.071,1069.350,1.524
4215,11/27/25 06:20:53 PM,1.34,1.67,280.8,4.035,82.771,1069.350,1.374
4216,11/27/25 06:30:53 PM,1.34,2.00,285.0,2.915,85.324,1069.350,0.697
4217,11/27/25 06:40:53 PM,1.67,2.00,299.0,2.343,86.081,1069.350,0.256
4218,11/27/25 06:50:53 PM,1.67,2.00,303.2,2.148,86.680,1069.350,0.160
4219,11/27/25 07:00:53 PM,1.34,2.00,315.9,2.065,88.318,1069.350,0.336
4220,11/27/25 07:10:53 PM,1.34,2.00,292.0,2.365,87.718,1069.350,0.538
4221,11/27/25 07:20:53 PM,1.00,1.67,276.6,2.309,87.649,1069.350,0.472
4222,11/27/25 07:30:53 PM,1.00,1.67,271.0,2.169,88.070,1069.350,0.400
4223,11/27/25 07:40:53 PM,1.34,2.00,263.9,1.842,88.038,1069.350,0.072
4224,11/27/25 07:50:53 PM,1.34,1.67,290.6,1.523,90.376,1069.350,0.118
4225,11/27/25 08:00:53 PM,1.00,1.67,279.4,2.073,87.434,1069.350,0.205
4226,11/27/25 08:10:53 PM,0.67,1.67,266.7,0.834,91.241,1069.350,-0.433
4227,11/27/25 08:20:53 PM,0.67,1.00,287.8,1.049,90.605,1069.350,-0.316
4228,11/27/25 08:30:53 PM,0.33,2.00,293.4,1.797,87.576,1069.350,-0.044
4229,11/27/25 08:40:53 PM,1.34,2.67,289.2,1.091,88.742,1069.350,-0.560
4230,11/27/25 08:50:53 PM,1.67,2.00,289.2,0.933,89.982,1069.350,-0.526
4231,11/27/25 09:00:53 PM,1.00,2.00,293.4,0.759,89.334,1069.350,-0.797
4232,11/27/25 09:10:53 PM,1.67,2.00,304.7,0.424,89.718,1069.350,-1.070
4233,11/27/25 09:20:53 PM,1.67,2.34,296.2,0.526,89.499,1069.350,-1.002
4234,11/27/25 09:30:53 PM,1.34,2.34,282.2,0.630,88.615,1069.350,-1.035
4235,11/27/25 09:40:53 PM,1.00,2.00,285.0,0.402,88.927,1069.350,-1.212
4236,11/27/25 09:50:53 PM,0.67,1.34,290.6,0.317,89.242,1069.350,-1.248
4237,11/27/25 10:00:53 PM,0.00,0.00,304.7,-0.163,90.404,1069.350,-1.547
4238,11/27/25 10:10:53 PM,0.33,1.00,306.1,-0.230,90.828,1069.350,-1.550
4239,11/27/25 10:20:53 PM,0.67,1.00,308.9,0.134,89.157,1069.350,-1.442
4240,11/27/25 10:30:53 PM,0.67,1.34,310.3,0.585,87.182,1069.350,-1.301
4241,11/27/25 10:40:53 PM,0.33,1.00,287.8,0.955,85.283,1069.350,-1.237
4242,11/27/25 10:50:53 PM,0.33,1.00,226.0,-0.032,88.493,1069.350,-1.707
4243,11/27/25 11:00:53 PM,0.33,1.00,226.0,-1.289,92.741,1069.350,-2.318
4244,11/27/25 11:10:53 PM,0.67,1.00,228.8,-1.616,95.357,1069.350,-2.267
4245,11/27/25 11:20:53 PM,0.33,0.67,314.5,-0.466,92.134,1069.350,-1.590
4246,11/27/25 11:30:53 PM,0.00,0.00,314.5,-0.203,90.694,1069.350,-1.543
4247,11/27/25 11:40:53 PM,0.00,0.00,314.5,-0.413,90.997,1069.350,-1.706
4248,11/27/25 11:50:53 PM,0.00,0.00,311.7,-1.131,92.578,1069.350,-2.184
4249,11/28/25 12:00:53 AM,0.00,0.00,311.7,-0.817,92.045,1069.350,-1.951
4250,11/28/25 12:10:53 AM,0.00,0.00,311.7,-0.182,90.481,1069.350,-1.554
4251,11/28/25 12:20:53 AM,0.00,0.00,311.7,-0.029,90.198,1069.350,-1.445
4252,11/28/25 12:30:53 AM,0.00,0.00,311.7,-0.898,91.299,1069.350,-2.141
4253,11/28/25 12:40:53 AM,0.00,0.00,310.3,-0.606,93.007,1069.350,-1.600
4254,11/28/25 12:50:53 AM,0.00,0.00,244.3,-0.145,90.260,1069.350,-1.551
4255,11/28/25 01:00:53 AM,0.33,1.67,252.7,-0.903,92.175,1069.350,-2.017
4256,11/28/25 01:10:53 AM,1.34,2.00,276.6,-1.775,94.328,1069.350,-2.572
4257,11/28/25 01:20:53 AM,0.33,1.00,300.4,-0.616,93.893,1069.350,-1.482
4258,11/28/25 01:30:53 AM,0.67,2.00,279.4,-0.702,91.003,1069.350,-1.991
4259,11/28/25 01:40:53 AM,1.34,1.67,273.8,-2.244,94.557,1069.350,-3.006
4260,11/28/25 01:50:53 AM,1.00,1.67,271.0,-2.013,94.691,1069.350,-2.757
4261,11/28/25 02:00:53 AM,1.00,1.67,289.2,-2.289,95.210,1069.350,-2.958
4262,11/28/25 02:10:53 AM,1.00,1.34,296.2,-1.807,94.504,1069.350,-2.579
4263,11/28/25 02:20:53 AM,1.00,1.34,300.4,-1.273,92.557,1069.350,-2.328
4264,11/28/25 02:30:53 AM,1.34,1.67,308.9,-2.008,93.877,1069.350,-2.868
4265,11/28/25 02:40:53 AM,1.00,1.67,314.5,-1.815,94.156,1069.350,-2.636
4266,11/28/25 02:50:53 AM,1.34,2.00,304.7,-1.828,94.543,1069.350,-2.594
4267,11/28/25 03:00:53 AM,1.00,2.00,313.1,-1.348,93.462,1069.350,-2.272
4268,11/28/25 03:10:53 AM,1.34,2.34,318.7,-1.056,92.122,1069.350,-2.177
4269,11/28/25 03:20:53 AM,0.33,1.67,322.9,-0.850,91.203,1069.350,-2.108
4270,11/28/25 03:30:53 AM,0.00,0.00,327.1,-1.048,91.408,1069.350,-2.274
4271,11/28/25 03:40:53 AM,0.00,0.00,329.9,-0.938,92.030,1069.350,-2.073
4272,11/28/25 03:50:53 AM,0.33,1.34,315.9,-0.378,90.082,1069.350,-1.808
4273,11/28/25 04:00:53 AM,0.33,1.34,256.9,-1.112,90.729,1069.350,-2.438
4274,11/28/25 04:10:53 AM,0.33,1.34,241.5,-1.297,91.772,1069.350,-2.467
4275,11/28/25 04:20:53 AM,0.33,1.34,265.3,-1.407,91.603,1069.350,-2.601
4276,11/28/25 04:30:53 AM,1.00,1.67,271.0,-1.150,90.686,1069.350,-2.482
4277,11/28/25 04:40:53 AM,1.34,2.00,280.8,-1.233,90.735,1069.350,-2.557
4278,11/28/25 04:50:53 AM,1.67,2.34,275.2,-1.370,91.345,1069.350,-2.602
4279,11/28/25 05:00:53 AM,1.67,2.34,276.6,-0.246,85.843,1069.350,-2.330
4280,11/28/25 05:10:53 AM,1.67,2.34,252.7,0.083,86.741,1069.350,-1.865
4281,11/28/25 05:20:53 AM,1.67,2.67,279.4,-0.421,90.373,1069.350,-1.807
4282,11/28/25 05:30:53 AM,1.34,2.34,256.9,0.716,83.403,1069.350,-1.775
4283,11/28/25 05:40:53 AM,1.34,2.34,271.0,0.644,80.847,1069.350,-2.266
4284,11/28/25 05:50:53 AM,1.34,2.34,272.4,-0.388,86.920,1069.350,-2.301
4285,11/28/25 06:00:53 AM,2.00,3.67,245.7,-0.002,86.941,1069.350,-1.917
4286,11/28/25 06:10:53 AM,2.34,3.34,266.7,-0.238,88.211,1069.350,-1.954
4287,11/28/25 06:20:53 AM,1.67,2.34,273.8,-1.252,91.185,1069.350,-2.509
4288,11/28/25 06:30:53 AM,1.34,2.00,290.6,-1.828,91.937,1069.350,-2.970
4289,11/28/25 06:40:53 AM,1.67,2.34,286.4,-1.364,90.225,1069.350,-2.762
4290,11/28/25 06:50:53 AM,1.67,2.67,269.6,-0.590,88.498,1069.350,-2.258
4291,11/28/25 07:00:53 AM,2.34,4.34,299.0,-0.187,85.611,1069.350,-2.308
4292,11/28/25 07:10:53 AM,3.67,4.68,320.1,0.298,82.849,1069.350,-2.275
4293,11/28/25 07:20:53 AM,4.01,5.01,314.5,0.469,82.423,1069.350,-2.177
4294,11/28/25 07:30:53 AM,3.67,5.01,308.9,0.754,82.536,1069.350,-1.879
4295,11/28/25 07:40:53 AM,3.34,4.34,293.4,1.327,81.283,1069.350,-1.526
4296,11/28/25 07:50:53 AM,2.67,3.67,286.4,1.526,81.062,1069.350,-1.368
4297,11/28/25 08:00:53 AM,2.67,3.67,283.6,1.480,81.822,1069.350,-1.286
4298,11/28/25 08:10:53 AM,2.67,3.67,283.6,1.223,82.751,1069.350,-1.384
4299,11/28/25 08:20:53 AM,2.67,3.67,278.0,1.054,83.183,1069.350,-1.479
4300,11/28/25 08:30:53 AM,3.01,4.01,266.7,0.928,83.537,1069.350,-1.545
4301,11/28/25 08:40:53 AM,2.67,4.01,272.4,0.427,84.623,1069.350,-1.861
4302,11/28/25 08:50:53 AM,2.67,3.34,268.1,-0.362,86.935,1069.350,-2.273
4303,11/28/25 09:00:53 AM,2.67,3.67,265.3,-0.506,88.064,1069.350,-2.241
4304,11/28/25 09:10:53 AM,2.34,3.34,269.6,0.941,85.258,1069.350,-1.255
4305,11/28/25 09:20:53 AM,2.34,3.34,272.4,1.743,82.936,1069.350,-0.844
4306,11/28/25 09:30:53 AM,2.67,4.01,269.6,2.306,81.991,1069.350,-0.449
4307,11/28/25 09:40:53 AM,3.01,4.68,271.0,3.499,79.010,1069.350,0.206
4308,11/28/25 09:50:53 AM,4.01,6.01,255.5,4.188,76.779,1069.350,0.481
4309,11/28/25 10:00:53 AM,4.34,7.01,256.9,4.405,75.877,1069.350,0.528
4310,11/28/25 10:10:53 AM,4.68,7.35,261.1,4.158,76.468,1069.350,0.396
4311,11/28/25 10:20:53 AM,4.68,7.35,269.6,3.526,78.213,1069.350,0.093
4312,11/28/25 10:30:53 AM,4.68,7.35,271.0,3.614,78.479,1069.350,0.225
4313,11/28/25 10:40:53 AM,5.34,8.02,262.5,3.740,78.444,1069.350,0.342
4314,11/28/25 10:50:53 AM,4.68,6.68,265.3,4.228,77.363,1069.350,0.625
4315,11/28/25 11:00:53 AM,4.68,7.01,273.8,3.896,78.206,1069.350,0.452
4316,11/28/25 11:10:53 AM,4.01,6.35,262.5,3.620,78.845,1069.350,0.295
4317,11/28/25 11:20:53 AM,4.01,6.68,254.1,4.587,76.541,1069.350,0.826
4318,11/28/25 11:30:53 AM,4.34,6.68,252.7,5.263,73.877,1069.350,0.989
4319,11/28/25 11:40:53 AM,4.68,6.68,256.9,5.791,72.087,1069.350,1.158
4320,11/28/25 11:50:53 AM,4.68,6.68,258.3,6.035,70.912,1069.350,1.165
4321,11/28/25 12:00:53 PM,5.68,8.35,262.5,6.022,70.922,1069.350,1.154
4322,11/28/25 12:10:53 PM,6.01,9.35,258.3,5.979,71.244,1069.350,1.176
4323,11/28/25 12:20:53 PM,7.35,11.02,268.1,5.821,71.054,1069.350,0.987
4324,11/28/25 12:30:53 PM,7.01,10.35,266.7,5.770,71.415,1069.350,1.008
4325,11/28/25 12:40:53 PM,6.68,10.02,258.3,5.861,71.359,1069.350,1.085
4326,11/28/25 12:50:53 PM,6.35,11.02,263.9,6.196,70.764,1069.350,1.291
4327,11/28/25 01:00:53 PM,6.68,9.68,273.8,6.083,70.848,1069.350,1.198
4328,11/28/25 01:10:53 PM,6.01,9.02,278.0,6.512,69.564,1069.350,1.356
4329,11/28/25 01:20:53 PM,6.35,9.35,271.0,6.502,69.247,1069.350,1.283
4330,11/28/25 01:30:53 PM,6.01,9.02,273.8,5.888,71.241,1069.350,1.088
4331,11/28/25 01:40:53 PM,6.35,9.35,258.3,6.319,71.707,1069.350,1.593
4332,11/28/25 01:50:53 PM,7.01,10.02,265.3,6.314,72.575,1069.350,1.756
4333,11/28/25 02:00:53 PM,6.68,10.35,268.1,6.217,73.997,1069.350,1.934
4334,11/28/25 02:10:53 PM,7.01,9.68,266.7,6.046,75.372,1069.350,2.026
4335,11/28/25 02:20:53 PM,7.35,11.35,266.7,5.738,76.825,1069.350,1.995
4336,11/28/25 02:30:53 PM,7.35,12.36,271.0,6.097,76.284,1069.350,2.244
4337,11/28/25 02:40:53 PM,8.02,11.35,273.8,5.279,78.956,1069.350,1.931
4338,11/28/25 02:50:53 PM,7.35,11.35,276.6,5.327,79.358,1069.350,2.049
4339,11/28/25 03:00:53 PM,7.68,11.02,275.2,5.467,78.019,1069.350,1.947
4340,11/28/25 03:10:53 PM,7.68,12.02,278.0,5.550,76.661,1069.350,1.782
4341,11/28/25 03:20:53 PM,7.68,11.02,272.4,5.086,78.723,1069.350,1.702
4342,11/28/25 03:30:53 PM,6.68,10.69,272.4,5.276,79.063,1069.350,1.947
4343,11/28/25 03:40:53 PM,7.01,10.02,273.8,5.175,79.504,1069.350,1.927
4344,11/28/25 03:50:53 PM,6.68,10.02,269.6,5.322,79.506,1069.350,2.070
4345,11/28/25 04:00:53 PM,7.01,10.02,268.1,4.829,81.170,1069.350,1.879
4346,11/28/25 04:10:53 PM,7.01,10.02,271.0,4.813,80.404,1069.350,1.731
4347,11/28/25 04:20:53 PM,7.35,10.69,272.4,4.697,80.209,1069.350,1.584
4348,11/28/25 04:30:53 PM,7.01,11.02,271.0,4.767,78.810,1069.350,1.407
4349,11/28/25 04:40:53 PM,7.01,11.35,271.0,4.622,79.199,1069.350,1.334
4350,11/28/25 04:50:53 PM,6.68,9.35,269.6,4.877,78.350,1069.350,1.432
4351,11/28/25 05:00:53 PM,6.68,10.02,273.8,4.810,77.377,1069.350,1.193
4352,11/28/25 05:10:53 PM,6.68,9.02,272.4,4.585,77.107,1069.350,0.926
4353,11/28/25 05:20:53 PM,6.01,9.35,276.6,4.091,77.922,1069.350,0.591
4354,11/28/25 05:30:53 PM,5.34,8.02,278.0,3.936,78.386,1069.350,0.523
4355,11/28/25 05:40:53 PM,5.34,8.68,283.6,4.030,76.040,1069.350,0.194
4356,11/28/25 05:50:53 PM,5.01,8.35,287.8,3.553,76.538,1069.350,-0.179
4357,11/28/25 06:00:53 PM,4.01,6.01,285.0,2.662,79.492,1069.350,-0.526
4358,11/28/25 06:10:53 PM,4.68,6.68,272.4,2.113,82.023,1069.350,-0.633
4359,11/28/25 06:20:53 PM,4.68,7.35,276.6,1.679,83.023,1069.350,-0.892
4360,11/28/25 06:30:53 PM,4.68,6.35,279.4,1.480,83.742,1069.350,-0.970
4361,11/28/25 06:40:53 PM,4.68,6.68,276.6,0.936,85.383,1069.350,-1.240
4362,11/28/25 06:50:53 PM,5.01,6.68,279.4,1.102,85.373,1069.350,-1.078
4363,11/28/25 07:00:53 PM,4.34,6.68,282.2,0.998,85.110,1069.350,-1.222
4364,11/28/25 07:10:53 PM,5.01,8.35,275.2,1.228,83.574,1069.350,-1.244
4365,11/28/25 07:20:53 PM,3.67,5.68,262.5,0.314,86.256,1069.350,-1.713
4366,11/28/25 07:30:53 PM,3.34,5.01,269.6,-0.260,88.965,1069.350,-1.860
4367,11/28/25 07:40:53 PM,3.34,5.34,271.0,0.006,89.616,1069.350,-1.498
4368,11/28/25 07:50:53 PM,3.67,6.01,272.4,0.116,89.415,1069.350,-1.420
4369,11/28/25 08:00:53 PM,4.01,5.68,268.1,-0.067,90.004,1069.350,-1.512
4370,11/28/25 08:10:53 PM,4.34,6.35,272.4,-0.067,89.815,1069.350,-1.541
4371,11/28/25 08:20:53 PM,4.34,6.01,279.4,0.083,89.293,1069.350,-1.471
4372,11/28/25 08:30:53 PM,4.34,6.68,273.8,0.180,88.620,1069.350,-1.478
4373,11/28/25 08:40:53 PM,4.01,5.68,275.2,-0.147,89.415,1069.350,-1.680
4374,11/28/25 08:50:53 PM,4.01,5.34,273.8,-0.099,89.320,1069.350,-1.647
4375,11/28/25 09:00:53 PM,3.34,4.68,273.8,-0.051,88.655,1069.350,-1.701
4376,11/28/25 09:10:53 PM,3.34,5.01,272.4,-0.110,88.753,1069.350,-1.745
4377,11/28/25 09:20:53 PM,3.01,4.68,271.0,-0.359,89.207,1069.350,-1.921
4378,11/28/25 09:30:53 PM,2.67,4.68,272.4,-0.415,89.284,1069.350,-1.965
4379,11/28/25 09:40:53 PM,2.67,5.01,282.2,-0.088,87.716,1069.350,-1.882
4380,11/28/25 09:50:53 PM,3.01,4.68,271.0,0.266,86.567,1069.350,-1.712
4381,11/28/25 10:00:53 PM,0.67,3.67,227.4,-0.933,88.276,1069.350,-2.630
4382,11/28/25 10:10:53 PM,1.34,2.34,174.1,-1.649,91.540,1069.350,-2.850
4383,11/28/25 10:20:53 PM,2.34,3.67,175.5,-1.380,91.199,1069.350,-2.634
4384,11/28/25 10:30:53 PM,2.67,4.34,181.1,-1.426,91.223,1069.350,-2.676
4385,11/28/25 10:40:53 PM,2.67,4.01,175.5,-1.646,91.568,1069.350,-2.843
4386,11/28/25 10:50:53 PM,1.34,3.01,195.1,-1.654,91.206,1069.350,-2.904
4387,11/28/25 11:00:53 PM,1.34,2.00,240.1,-1.801,91.319,1069.350,-3.033
4388,11/28/25 11:10:53 PM,1.67,2.67,280.8,-2.423,91.624,1069.350,-3.605
4389,11/28/25 11:20:53 PM,1.67,2.67,269.6,-3.249,93.285,1069.350,-4.186
4390,11/28/25 11:30:53 PM,1.34,2.00,282.2,-3.627,94.966,1069.350,-4.325
4391,11/28/25 11:40:53 PM,0.33,1.00,304.7,-3.745,95.232,1069.350,-4.406
4392,11/28/25 11:50:53 PM,0.67,1.67,346.8,-3.552,95.247,1069.350,-4.211
4393,11/29/25 12:00:53 AM,1.67,2.00,290.6,-3.994,94.553,1069.350,-4.748
4394,11/29/25 12:10:53 AM,2.00,2.67,287.8,-3.927,95.966,1069.350,-4.485
4395,11/29/25 12:20:53 AM,2.34,3.01,279.4,-3.477,94.260,1069.350,-4.275
4396,11/29/25 12:30:53 AM,0.67,2.00,287.8,-4.236,93.722,1069.350,-5.105
4397,11/29/25 12:40:53 AM,0.67,1.67,249.9,-4.536,95.210,1069.350,-5.196
4398,11/29/25 12:50:53 AM,0.67,1.67,230.2,-4.421,93.973,1069.350,-5.254
4399,11/29/25 01:00:53 AM,2.34,4.34,283.6,-2.992,87.668,1069.350,-4.755
4400,11/29/25 01:10:53 AM,4.34,5.68,300.4,-1.053,79.425,1069.350,-4.161
4401,11/29/25 01:20:53 AM,5.34,7.01,306.1,-1.131,80.908,1069.350,-3.991
4402,11/29/25 01:30:53 AM,5.01,6.68,308.9,-1.313,82.460,1069.350,-3.916
4403,11/29/25 01:40:53 AM,3.01,6.68,321.5,-1.099,80.566,1069.350,-4.016
4404,11/29/25 01:50:53 AM,0.67,1.67,124.9,-2.667,84.045,1069.350,-4.992
4405,11/29/25 02:00:53 AM,0.00,0.67,116.5,-3.394,88.838,1069.350,-4.976
4406,11/29/25 02:10:53 AM,0.67,2.00,190.9,-2.761,87.359,1069.350,-4.573
4407,11/29/25 02:20:53 AM,1.67,3.01,206.4,-2.437,87.391,1069.350,-4.249
4408,11/29/25 02:30:53 AM,2.34,4.34,226.0,-1.464,85.032,1069.350,-3.655
4409,11/29/25 02:40:53 AM,1.67,3.01,249.9,-1.083,84.443,1069.350,-3.374
4410,11/29/25 02:50:53 AM,2.00,4.01,254.1,-0.914,83.389,1069.350,-3.376
4411,11/29/25 03:00:53 AM,2.34,5.01,259.7,-0.922,83.697,1069.350,-3.334
4412,11/29/25 03:10:53 AM,2.00,3.67,241.5,-1.603,84.955,1069.350,-3.804
4413,11/29/25 03:20:53 AM,2.00,3.67,258.3,-2.372,87.912,1069.350,-4.106
4414,11/29/25 03:30:53 AM,1.67,2.67,268.1,-2.866,90.175,1069.350,-4.257
4415,11/29/25 03:40:53 AM,0.67,1.67,303.2,-2.911,90.498,1069.350,-4.254
4416,11/29/25 03:50:53 AM,1.00,2.34,339.7,-2.437,88.887,1069.350,-4.023
4417,11/29/25 04:00:53 AM,1.67,2.34,9.8,-2.372,86.061,1069.350,-4.388
4418,11/29/25 04:10:53 AM,1.67,2.67,18.3,-2.340,83.915,1069.350,-4.691
4419,11/29/25 04:20:53 AM,1.67,4.68,42.1,-2.126,81.062,1069.350,-4.939
4420,11/29/25 04:30:53 AM,4.01,7.35,60.4,-1.383,80.124,1069.350,-4.367
4421,11/29/25 04:40:53 AM,4.34,6.68,64.6,-1.579,83.719,1069.350,-3.975
4422,11/29/25 04:50:53 AM,5.68,9.02,61.8,-1.815,86.647,1069.350,-3.750
4423,11/29/25 05:00:53 AM,6.01,8.68,61.8,-2.490,92.166,1069.350,-3.593
4424,11/29/25 05:10:53 AM,5.34,7.68,61.8,-2.815,96.330,1069.350,-3.326
4425,11/29/25 05:20:53 AM,5.01,8.02,63.2,-2.643,98.145,1069.350,-2.904
4426,11/29/25 05:30:53 AM,4.68,7.35,56.2,-2.458,98.814,1069.350,-2.628
4427,11/29/25 05:40:53 AM,4.34,7.01,57.6,-2.220,98.112,1069.350,-2.486
4428,11/29/25 05:50:53 AM,4.34,7.35,54.8,-1.925,96.764,1069.350,-2.378
4429,11/29/25 06:00:53 AM,4.01,7.01,54.8,-1.726,95.370,1069.350,-2.375
4430,11/29/25 06:10:53 AM,4.68,8.02,60.4,-1.606,93.765,1069.350,-2.484
4431,11/29/25 06:20:53 AM,4.34,7.01,67.4,-1.640,92.215,1069.350,-2.743
4432,11/29/25 06:30:53 AM,4.34,7.01,61.8,-1.732,90.996,1069.350,-3.013
4433,11/29/25 06:40:53 AM,4.01,6.35,66.0,-1.976,90.608,1069.350,-3.312
4434,11/29/25 06:50:53 AM,4.34,6.01,61.8,-2.150,90.446,1069.350,-3.508
4435,11/29/25 07:00:53 AM,3.67,5.68,60.4,-2.193,89.554,1069.350,-3.683
4436,11/29/25 07:10:53 AM,4.01,6.01,56.2,-2.303,88.690,1069.350,-3.921
4437,11/29/25 07:20:53 AM,3.34,5.34,64.6,-2.512,88.566,1069.350,-4.146
4438,11/29/25 07:30:53 AM,2.67,4.01,61.8,-2.823,89.342,1069.350,-4.337
4439,11/29/25 07:40:53 AM,2.34,3.34,64.6,-2.997,89.372,1069.350,-4.505
4440,11/29/25 07:50:53 AM,2.00,3.34,54.8,-3.338,89.708,1069.350,-4.792
4441,11/29/25 08:00:53 AM,2.00,3.34,40.7,-3.675,89.499,1069.350,-5.157
4442,11/29/25 08:10:53 AM,2.00,3.01,39.3,-4.088,91.901,1069.350,-5.217
4443,11/29/25 08:20:53 AM,2.00,2.67,36.5,-4.236,92.787,1069.350,-5.237
4444,11/29/25 08:30:53 AM,1.00,2.00,85.6,-4.863,93.668,1069.350,-5.736
4445,11/29/25 08:40:53 AM,1.34,2.67,116.5,-5.378,95.271,1069.350,-6.027
4446,11/29/25 08:50:53 AM,0.67,1.34,148.8,-5.718,94.856,1069.350,-6.422
4447,11/29/25 09:00:53 AM,0.67,1.34,162.9,-5.665,95.233,1069.350,-6.318
4448,11/29/25 09:10:53 AM,0.00,0.00,161.5,-5.783,95.242,1069.350,-6.434
4449,11/29/25 09:20:53 AM,0.00,0.00,161.5,-5.474,94.527,1069.350,-6.225
4450,11/29/25 09:30:53 AM,0.00,0.00,161.5,-5.147,92.633,1069.350,-6.164
4451,11/29/25 09:40:53 AM,0.00,0.00,161.5,-4.710,91.144,1069.350,-5.942
4452,11/29/25 09:50:53 AM,0.00,0.00,161.5,-4.289,89.003,1069.350,-5.837
4453,11/29/25 10:00:53 AM,0.00,1.00,158.6,-3.713,87.756,1069.350,-5.453
4454,11/29/25 10:10:53 AM,0.33,1.34,68.8,-2.649,84.340,1069.350,-4.928
4455,11/29/25 10:20:53 AM,0.67,2.00,87.0,-1.742,80.835,1069.350,-4.600
4456,11/29/25 10:30:53 AM,1.34,3.01,99.7,-1.750,80.481,1069.350,-4.666
4457,11/29/25 10:40:53 AM,2.00,4.01,95.5,-1.182,75.315,1069.350,-4.990
4458,11/29/25 10:50:53 AM,2.34,3.67,95.5,-1.171,71.713,1069.350,-5.624
4459,11/29/25 11:00:53 AM,2.00,3.67,77.2,-0.783,69.364,1069.350,-5.687
4460,11/29/25 11:10:53 AM,2.34,3.67,77.2,-1.182,69.555,1069.350,-6.035
4461,11/29/25 11:20:53 AM,2.34,4.01,84.2,-1.019,68.167,1069.350,-6.142
4462,11/29/25 11:30:53 AM,2.34,3.67,71.6,-0.517,67.488,1069.350,-5.791
4463,11/29/25 11:40:53 AM,2.67,5.01,75.8,-0.485,65.690,1069.350,-6.114
4464,11/29/25 11:50:53 AM,2.67,4.01,71.6,-0.051,64.469,1069.350,-5.946
4465,11/29/25 12:00:53 PM,3.01,4.68,77.2,-0.128,63.844,1069.350,-6.146
4466,11/29/25 12:10:53 PM,3.01,5.01,77.2,0.802,62.274,1069.350,-5.589
4467,11/29/25 12:20:53 PM,3.01,5.34,77.2,0.944,61.462,1069.350,-5.626
4468,11/29/25 12:30:53 PM,3.34,5.34,87.0,-0.051,62.632,1069.350,-6.323
4469,11/29/25 12:40:53 PM,3.67,5.68,92.7,-0.388,63.851,1069.350,-6.392
4470,11/29/25 12:50:53 PM,3.67,5.68,70.2,0.783,61.953,1069.350,-5.674
4471,11/29/25 01:00:53 PM,3.67,5.68,73.0,0.866,61.035,1069.350,-5.792
4472,11/29/25 01:10:53 PM,3.67,5.68,63.2,-0.198,63.975,1069.350,-6.186
4473,11/29/25 01:20:53 PM,3.67,6.01,63.2,0.341,62.991,1069.350,-5.876
4474,11/29/25 01:30:53 PM,3.67,6.35,66.0,1.735,59.318,1069.350,-5.345
4475,11/29/25 01:40:53 PM,3.34,6.01,73.0,1.775,59.196,1069.350,-5.334
4476,11/29/25 01:50:53 PM,3.67,5.34,67.4,1.837,58.665,1069.350,-5.394
4477,11/29/25 02:00:53 PM,3.67,6.01,77.2,2.228,57.078,1069.350,-5.387
4478,11/29/25 02:10:53 PM,4.01,6.01,77.2,2.188,56.594,1069.350,-5.537
4479,11/29/25 02:20:53 PM,4.01,6.35,78.6,2.274,56.321,1069.350,-5.519
4480,11/29/25 02:30:53 PM,4.01,6.35,68.8,1.963,56.876,1069.350,-5.683
4481,11/29/25 02:40:53 PM,4.01,6.01,68.8,1.797,57.942,1069.350,-5.595
4482,11/29/25 02:50:53 PM,4.34,7.01,64.6,1.024,60.243,1069.350,-5.813
4483,11/29/25 03:00:53 PM,5.34,7.35,59.0,2.110,57.469,1069.350,-5.408
4484,11/29/25 03:10:53 PM,4.68,6.68,74.4,2.459,56.147,1069.350,-5.387
4485,11/29/25 03:20:53 PM,4.68,7.35,81.4,2.370,55.152,1069.350,-5.705
4486,11/29/25 03:30:53 PM,4.34,7.01,88.4,1.917,55.920,1069.350,-5.948
4487,11/29/25 03:40:53 PM,4.34,6.35,91.3,2.338,55.792,1069.350,-5.583
4488,11/29/25 03:50:53 PM,4.01,6.01,68.8,2.923,54.179,1069.350,-5.422
4489,11/29/25 04:00:53 PM,4.01,7.01,80.0,2.821,54.307,1069.350,-5.486
4490,11/29/25 04:10:53 PM,4.01,7.35,80.0,2.041,55.773,1069.350,-5.866
4491,11/29/25 04:20:53 PM,4.68,7.01,74.4,2.035,55.688,1069.350,-5.892
4492,11/29/25 04:30:53 PM,4.68,7.68,78.6,2.346,54.607,1069.350,-5.857
4493,11/29/25 04:40:53 PM,4.68,6.68,73.0,1.730,55.807,1069.350,-6.149
4494,11/29/25 04:50:53 PM,4.68,6.68,70.2,1.448,57.334,1069.350,-6.061
4495,11/29/25 05:00:53 PM,4.68,7.68,61.8,1.057,58.148,1069.350,-6.245
4496,11/29/25 05:10:53 PM,4.68,8.02,68.8,0.965,58.274,1069.350,-6.303
4497,11/29/25 05:20:53 PM,4.68,7.01,63.2,0.499,59.625,1069.350,-6.444
4498,11/29/25 05:30:53 PM,4.01,6.01,63.2,0.148,61.280,1069.350,-6.419
4499,11/29/25 05:40:53 PM,3.67,5.68,64.6,-0.115,62.130,1069.350,-6.489
4500,11/29/25 05:50:53 PM,3.34,5.34,60.4,-0.485,63.246,1069.350,-6.608
4501,11/29/25 06:00:53 PM,3.34,5.01,66.0,-0.756,64.335,1069.350,-6.644
4502,11/29/25 06:10:53 PM,3.34,5.01,67.4,-0.954,65.307,1069.350,-6.638
4503,11/29/25 06:20:53 PM,3.67,5.34,63.2,-1.099,66.363,1069.350,-6.568
4504,11/29/25 06:30:53 PM,2.67,5.01,75.8,-1.327,67.115,1069.350,-6.639
4505,11/29/25 06:40:53 PM,2.67,4.01,78.6,-1.608,68.679,1069.350,-6.609
4506,11/29/25 06:50:53 PM,3.01,5.34,74.4,-1.651,69.023,1069.350,-6.585
4507,11/29/25 07:00:53 PM,2.67,4.34,78.6,-1.807,70.030,1069.350,-6.547
4508,11/29/25 07:10:53 PM,2.00,3.67,84.2,-2.128,71.785,1069.350,-6.534
4509,11/29/25 07:20:53 PM,1.34,2.67,78.6,-2.372,72.840,1069.350,-6.579
4510,11/29/25 07:30:53 PM,1.67,2.67,82.8,-2.501,73.326,1069.350,-6.618
4511,11/29/25 07:40:53 PM,1.67,3.01,66.0,-2.608,73.779,1069.350,-6.641
4512,11/29/25 07:50:53 PM,1.00,2.67,64.6,-2.579,73.407,1069.350,-6.679
4513,11/29/25 08:00:53 PM,1.67,3.01,64.6,-2.517,72.561,1069.350,-6.769
4514,11/29/25 08:10:53 PM,1.34,2.00,78.6,-2.512,72.203,1069.350,-6.829
4515,11/29/25 08:20:53 PM,0.33,1.34,85.6,-2.592,72.961,1069.350,-6.770
4516,11/29/25 08:30:53 PM,0.00,0.67,84.2,-2.758,74.057,1069.350,-6.737
4517,11/29/25 08:40:53 PM,1.34,2.34,18.3,-2.753,73.117,1069.350,-6.898
4518,11/29/25 08:50:53 PM,2.00,3.34,35.1,-2.616,71.910,1069.350,-6.982
4519,11/29/25 09:00:53 PM,0.67,2.34,44.9,-2.552,71.371,1069.350,-7.018
4520,11/29/25 09:10:53 PM,0.33,1.34,61.8,-2.737,72.174,1069.350,-7.051
4521,11/29/25 09:20:53 PM,1.67,3.01,49.1,-2.791,72.264,1069.350,-7.087
4522,11/29/25 09:30:53 PM,1.67,3.34,26.7,-2.421,70.423,1069.350,-7.065
4523,11/29/25 09:40:53 PM,1.67,2.67,18.3,-2.431,70.275,1069.350,-7.102
4524,11/29/25 09:50:53 PM,0.33,1.67,18.3,-2.799,71.740,1069.350,-7.189
4525,11/29/25 10:00:53 PM,0.00,1.34,98.3,-2.941,72.525,1069.350,-7.185
4526,11/29/25 10:10:53 PM,0.67,2.34,109.5,-3.343,75.035,1069.350,-7.134
4527,11/29/25 10:20:53 PM,1.34,2.67,130.6,-3.831,78.045,1069.350,-7.099
4528,11/29/25 10:30:53 PM,1.00,2.00,122.1,-4.107,80.075,1069.350,-7.035
4529,11/29/25 10:40:53 PM,0.33,1.67,120.7,-4.464,82.382,1069.350,-7.016
4530,11/29/25 10:50:53 PM,0.00,0.67,120.7,-4.488,82.824,1069.350,-6.970
4531,11/29/25 11:00:53 PM,0.00,0.67,127.8,-4.316,82.380,1069.350,-6.871
4532,11/29/25 11:10:53 PM,0.00,0.00,130.6,-4.185,82.283,1069.350,-6.758
4533,11/29/25 11:20:53 PM,0.00,0.67,132.0,-3.992,81.564,1069.350,-6.683
4534,11/29/25 11:30:53 PM,0.67,1.34,213.4,-4.107,81.491,1069.350,-6.808
4535,11/29/25 11:40:53 PM,0.00,0.33,238.7,-4.225,81.801,1069.350,-6.874
4536,11/29/25 11:50:53 PM,0.00,0.00,238.7,-4.110,81.099,1069.350,-6.873
4537,11/30/25 12:00:53 AM,0.00,0.00,238.7,-4.086,81.015,1069.350,-6.863
4538,11/30/25 12:10:53 AM,0.00,0.00,238.7,-4.005,80.655,1069.350,-6.842
4539,11/30/25 12:20:53 AM,0.00,0.00,238.7,-4.158,81.340,1069.350,-6.882
4540,11/30/25 12:30:53 AM,0.00,0.00,238.7,-4.362,82.335,1069.350,-6.924
4541,11/30/25 12:40:53 AM,0.00,0.00,238.7,-3.946,80.131,1069.350,-6.869
4542,11/30/25 12:50:53 AM,0.33,1.67,238.7,-3.903,79.544,1069.350,-6.922
4543,11/30/25 01:00:53 AM,0.67,1.67,242.9,-4.380,82.066,1069.350,-6.984
4544,11/30/25 01:10:53 AM,1.00,1.67,256.9,-4.681,83.977,1069.350,-6.980
4545,11/30/25 01:20:53 AM,0.67,1.34,258.3,-4.630,83.493,1069.350,-7.005
4546,11/30/25 01:30:53 AM,0.67,1.34,258.3,-4.453,83.261,1069.350,-6.868
4547,11/30/25 01:40:53 AM,0.33,1.00,258.3,-4.142,82.303,1069.350,-6.713
4548,11/30/25 01:50:53 AM,0.33,0.67,258.3,-3.756,80.882,1069.350,-6.562
4549,11/30/25 02:00:53 AM,0.00,0.00,258.3,-3.466,79.095,1069.350,-6.569
4550,11/30/25 02:10:53 AM,0.00,0.00,273.8,-3.456,80.090,1069.350,-6.397
4551,11/30/25 02:20:53 AM,0.00,1.00,300.4,-3.606,81.910,1069.350,-6.250
4552,11/30/25 02:30:53 AM,0.67,1.34,300.4,-3.423,81.833,1069.350,-6.083
4553,11/30/25 02:40:53 AM,0.67,1.34,300.4,-3.155,80.912,1069.350,-5.969
4554,11/30/25 02:50:53 AM,0.67,1.67,283.6,-2.876,79.599,1069.350,-5.911
4555,11/30/25 03:00:53 AM,1.00,1.67,268.1,-2.737,79.074,1069.350,-5.862
4556,11/30/25 03:10:53 AM,1.00,2.00,276.6,-2.756,81.027,1069.350,-5.560
4557,11/30/25 03:20:53 AM,0.67,2.00,278.0,-2.667,79.648,1069.350,-5.699
4558,11/30/25 03:30:53 AM,1.00,2.34,307.5,-2.217,76.442,1069.350,-5.799
4559,11/30/25 03:40:53 AM,1.34,2.00,307.5,-2.115,76.345,1069.350,-5.717
4560,11/30/25 03:50:53 AM,0.33,2.00,296.2,-1.855,74.601,1069.350,-5.767
4561,11/30/25 04:00:53 AM,1.00,2.00,334.1,-1.525,72.367,1069.350,-5.846
4562,11/30/25 04:10:53 AM,1.67,2.67,4.2,-1.573,75.482,1069.350,-5.340
4563,11/30/25 04:20:53 AM,1.34,2.00,1.4,-1.785,78.802,1069.350,-4.979
4564,11/30/25 04:30:53 AM,0.67,1.34,7.0,-1.941,80.252,1069.350,-4.890
4565,11/30/25 04:40:53 AM,1.34,2.34,4.2,-2.051,81.633,1069.350,-4.773
4566,11/30/25 04:50:53 AM,1.00,1.67,353.8,-2.147,83.479,1069.350,-4.571
4567,11/30/25 05:00:53 AM,0.67,2.00,355.2,-2.201,83.534,1069.350,-4.615
4568,11/30/25 05:10:53 AM,0.00,1.34,349.6,-2.619,85.203,1069.350,-4.764
4569,11/30/25 05:20:53 AM,0.33,2.00,339.7,-2.791,86.571,1069.350,-4.723
4570,11/30/25 05:30:53 AM,2.00,3.01,315.9,-3.021,89.599,1069.350,-4.495
4571,11/30/25 05:40:53 AM,2.00,3.01,320.1,-3.118,90.268,1069.350,-4.492
4572,11/30/25 05:50:53 AM,2.67,4.01,328.5,-3.265,91.228,1069.350,-4.498
4573,11/30/25 06:00:53 AM,3.01,4.01,328.5,-3.316,92.653,1069.350,-4.343
4574,11/30/25 06:10:53 AM,2.67,3.67,327.1,-3.391,93.112,1069.350,-4.352
4575,11/30/25 06:20:53 AM,3.01,4.34,332.7,-3.230,92.642,1069.350,-4.259
4576,11/30/25 06:30:53 AM,3.67,4.68,328.5,-3.099,92.377,1069.350,-4.167
4577,11/30/25 06:40:53 AM,3.34,4.68,322.9,-2.954,91.424,1069.350,-4.161
4578,11/30/25 06:50:53 AM,2.67,4.34,317.3,-3.206,91.730,1069.350,-4.367
4579,11/30/25 07:00:53 AM,2.34,4.01,315.9,-3.547,92.424,1069.350,-4.605
4580,11/30/25 07:10:53 AM,1.67,3.34,255.5,-4.498,93.564,1069.350,-5.388
4581,11/30/25 07:20:53 AM,1.34,3.01,271.0,-4.858,95.195,1069.350,-5.519
4582,11/30/25 07:30:53 AM,2.34,4.01,252.7,-5.000,94.575,1069.350,-5.746
4583,11/30/25 07:40:53 AM,2.67,4.01,237.3,-5.257,94.620,1069.350,-5.996
4584,11/30/25 07:50:53 AM,3.01,4.34,249.9,-5.048,94.176,1069.350,-5.849
4585,11/30/25 08:00:53 AM,2.67,3.67,252.7,-5.598,94.800,1069.350,-6.311
4586,11/30/25 08:10:53 AM,2.34,3.34,278.0,-5.732,97.819,1069.350,-6.035
4587,11/30/25 08:20:53 AM,3.34,5.01,278.0,-4.753,99.834,1069.350,-4.788
4588,11/30/25 08:30:53 AM,3.01,4.34,266.7,-4.517,98.433,1069.350,-4.738
4589,11/30/25 08:40:53 AM,2.34,3.34,268.1,-5.238,97.977,1069.350,-5.520
4590,11/30/25 08:50:53 AM,2.34,3.34,269.6,-5.107,98.791,1069.350,-5.280
4591,11/30/25 09:00:53 AM,2.00,2.67,266.7,-4.925,98.927,1069.350,-5.080
4592,11/30/25 09:10:53 AM,1.67,2.67,285.0,-5.321,98.253,1069.350,-5.566
4593,11/30/25 09:20:53 AM,1.67,2.67,280.8,-4.933,97.473,1069.350,-5.283
4594,11/30/25 09:30:53 AM,1.67,2.67,272.4,-4.169,94.859,1069.350,-4.880
4595,11/30/25 09:40:53 AM,1.00,2.34,261.1,-3.595,92.496,1069.350,-4.642
4596,11/30/25 09:50:53 AM,1.67,3.67,262.5,-3.378,92.006,1069.350,-4.497
4597,11/30/25 10:00:53 AM,3.01,5.01,289.2,-3.641,95.589,1069.350,-4.252
4598,11/30/25 10:10:53 AM,2.67,4.34,271.0,-3.670,97.440,1069.350,-4.026
4599,11/30/25 10:20:53 AM,3.34,5.01,276.6,-3.614,97.139,1069.350,-4.012
4600,11/30/25 10:30:53 AM,2.67,4.01,290.6,-3.587,97.453,1069.350,-3.942
4601,11/30/25 10:40:53 AM,2.67,4.01,273.8,-3.209,96.678,1069.350,-3.671
4602,11/30/25 10:50:53 AM,2.67,3.67,283.6,-2.898,95.125,1069.350,-3.577
4603,11/30/25 11:00:53 AM,2.34,3.67,287.8,-2.815,94.458,1069.350,-3.588
4604,11/30/25 11:10:53 AM,2.00,3.01,262.5,-2.748,93.892,1069.350,-3.602
4605,11/30/25 11:20:53 AM,2.00,3.01,247.1,-1.466,89.506,1069.350,-2.971
4606,11/30/25 11:30:53 AM,2.00,3.34,248.5,-0.831,85.756,1069.350,-2.919
4607,11/30/25 11:40:53 AM,2.00,3.34,256.9,-0.681,84.657,1069.350,-2.945
4608,11/30/25 11:50:53 AM,2.34,3.67,255.5,-0.179,82.779,1069.350,-2.753
4609,11/30/25 12:00:53 PM,2.00,3.34,268.1,0.169,81.129,1069.350,-2.684
4610,11/30/25 12:10:53 PM,2.00,4.01,268.1,0.692,77.934,1069.350,-2.714
4611,11/30/25 12:20:53 PM,1.34,2.67,268.1,1.486,72.877,1069.350,-2.846
4612,11/30/25 12:30:53 PM,1.34,2.67,325.7,1.976,71.020,1069.350,-2.721
4613,11/30/25 12:40:53 PM,1.00,3.01,329.9,2.381,67.720,1069.350,-2.971
4614,11/30/25 12:50:53 PM,1.00,3.01,251.3,2.786,63.420,1069.350,-3.463
4615,11/30/25 01:00:53 PM,1.00,2.67,220.4,3.335,59.828,1069.350,-3.722
4616,11/30/25 01:10:53 PM,1.00,2.67,262.5,3.494,57.060,1069.350,-4.203
4617,11/30/25 01:20:53 PM,1.67,3.34,241.5,3.601,57.923,1069.350,-3.903
4618,11/30/25 01:30:53 PM,2.34,5.01,258.3,3.762,57.630,1069.350,-3.819
4619,11/30/25 01:40:53 PM,3.01,4.68,321.5,3.293,57.115,1069.350,-4.379
4620,11/30/25 01:50:53 PM,2.00,4.01,306.1,3.558,55.998,1069.350,-4.392
4621,11/30/25 02:00:53 PM,2.67,5.34,262.5,4.019,57.404,1069.350,-3.630
4622,11/30/25 02:10:53 PM,3.01,5.01,278.0,3.821,59.046,1069.350,-3.439
4623,11/30/25 02:20:53 PM,3.01,5.34,296.2,3.555,59.695,1069.350,-3.544
4624,11/30/25 02:30:53 PM,3.67,6.35,265.3,3.453,60.859,1069.350,-3.382
4625,11/30/25 02:40:53 PM,4.34,6.68,259.7,3.242,61.111,1069.350,-3.527
4626,11/30/25 02:50:53 PM,4.34,6.68,254.1,2.949,65.303,1069.350,-2.916
4627,11/30/25 03:00:53 PM,4.01,6.35,245.7,3.158,63.156,1069.350,-3.166
4628,11/30/25 03:10:53 PM,3.67,5.34,256.9,3.065,62.623,1069.350,-3.368
4629,11/30/25 03:20:53 PM,4.01,6.01,262.5,2.810,63.738,1069.350,-3.374
4630,11/30/25 03:30:53 PM,4.01,6.68,249.9,2.829,66.445,1069.350,-2.798
4631,11/30/25 03:40:53 PM,3.67,5.68,256.9,2.990,67.462,1069.350,-2.439
4632,11/30/25 03:50:53 PM,3.34,5.34,258.3,3.091,67.266,1069.350,-2.382
4633,11/30/25 04:00:53 PM,3.67,5.68,254.1,2.890,67.805,1069.350,-2.467
4634,11/30/25 04:10:53 PM,3.67,5.68,249.9,2.850,68.074,1069.350,-2.452
4635,11/30/25 04:20:53 PM,3.67,6.01,249.9,2.727,68.969,1069.350,-2.394
4636,11/30/25 04:30:53 PM,3.34,5.01,249.9,2.625,68.429,1069.350,-2.597
4637,11/30/25 04:40:53 PM,3.01,5.34,240.1,2.778,68.722,1069.350,-2.393
4638,11/30/25 04:50:53 PM,3.01,4.68,240.1,2.646,68.971,1069.350,-2.471
4639,11/30/25 05:00:53 PM,3.34,5.01,245.7,2.177,70.564,1069.350,-2.614
4640,11/30/25 05:10:53 PM,3.34,5.34,244.3,1.869,70.938,1069.350,-2.839
4641,11/30/25 05:20:53 PM,3.34,5.68,240.1,1.499,72.367,1069.350,-2.928
4642,11/30/25 05:30:53 PM,3.34,4.68,242.9,1.121,74.072,1069.350,-2.981
4643,11/30/25 05:40:53 PM,3.34,5.68,244.3,0.504,76.399,1069.350,-3.164
4644,11/30/25 05:50:53 PM,3.01,5.01,233.1,-0.096,78.505,1069.350,-3.383
4645,11/30/25 06:00:53 PM,2.67,4.68,234.5,-1.061,81.878,1069.350,-3.764
4646,11/30/25 06:10:53 PM,3.34,5.01,242.9,-1.321,83.697,1069.350,-3.726
4647,11/30/25 06:20:53 PM,3.34,5.01,255.5,-1.496,85.113,1069.350,-3.674
4648,11/30/25 06:30:53 PM,3.34,4.34,273.8,-2.029,86.719,1069.350,-3.949
4649,11/30/25 06:40:53 PM,3.34,4.68,278.0,-2.319,87.950,1069.350,-4.048
4650,11/30/25 06:50:53 PM,3.34,5.34,275.2,-2.190,87.507,1069.350,-3.988
4651,11/30/25 07:00:53 PM,2.34,4.01,275.2,-2.308,87.433,1069.350,-4.115
4652,11/30/25 07:10:53 PM,1.34,2.67,249.9,-2.807,88.248,1069.350,-4.485
4653,11/30/25 07:20:53 PM,1.34,3.01,217.6,-3.498,90.137,1069.350,-4.888
4654,11/30/25 07:30:53 PM,1.67,3.34,224.6,-3.598,90.809,1069.350,-4.889
4655,11/30/25 07:40:53 PM,1.67,2.34,258.3,-3.842,90.947,1069.350,-5.110
4656,11/30/25 07:50:53 PM,2.00,3.34,255.5,-3.919,91.377,1069.350,-5.125
4657,11/30/25 08:00:53 PM,2.67,4.01,268.1,-3.619,91.073,1069.350,-4.871
4658,11/30/25 08:10:53 PM,3.34,5.68,231.6,-2.844,88.190,1069.350,-4.530
4659,11/30/25 08:20:53 PM,1.00,2.00,261.1,-3.351,88.898,1069.350,-4.925
4660,11/30/25 08:30:53 PM,2.00,3.34,252.7,-3.450,89.726,1069.350,-4.901
4661,11/30/25 08:40:53 PM,2.67,4.01,235.9,-3.209,88.794,1069.350,-4.800
4662,11/30/25 08:50:53 PM,3.01,4.34,234.5,-3.515,89.453,1069.350,-5.005
4663,11/30/25 09:00:53 PM,2.00,3.34,241.5,-3.874,90.141,1069.350,-5.259
4664,11/30/25 09:10:53 PM,2.34,3.34,242.9,-4.002,90.765,1069.350,-5.295
4665,11/30/25 09:20:53 PM,2.67,3.67,256.9,-3.423,88.798,1069.350,-5.011
4666,11/30/25 09:30:53 PM,2.34,3.34,265.3,-3.826,89.078,1069.350,-5.368
4667,11/30/25 09:40:53 PM,1.67,2.34,276.6,-4.700,91.473,1069.350,-5.885
4668,11/30/25 09:50:53 PM,2.34,3.34,272.4,-4.836,92.300,1069.350,-5.902
4669,11/30/25 10:00:53 PM,2.00,3.01,271.0,-5.061,92.345,1069.350,-6.119
4670,11/30/25 10:10:53 PM,1.34,2.34,276.6,-5.206,92.374,1069.350,-6.259
4671,11/30/25 10:20:53 PM,1.34,2.00,61.8,-4.882,93.353,1069.350,-5.799
4672,11/30/25 10:30:53 PM,1.34,3.67,16.8,-3.708,90.231,1069.350,-5.082
4673,11/30/25 10:40:53 PM,0.00,1.00,1.4,-3.582,89.914,1069.350,-5.004
4674,11/30/25 10:50:53 PM,0.33,1.00,342.6,-4.332,91.221,1069.350,-5.556
4675,11/30/25 11:00:53 PM,0.00,0.00,315.9,-5.024,93.465,1069.350,-5.925
4676,11/30/25 11:10:53 PM,0.00,0.00,308.9,-6.217,94.108,1069.350,-7.022
4677,11/30/25 11:20:53 PM,0.00,0.00,313.1,-6.115,97.722,1069.350,-6.430
4678,11/30/25 11:30:53 PM,0.00,0.00,349.6,-6.793,96.857,1069.350,-7.223
4679,11/30/25 11:40:53 PM,0.00,0.00,349.6,-7.029,98.450,1069.350,-7.248
4680,11/30/25 11:50:53 PM,0.00,0.00,349.6,-6.780,98.642,1069.350,-6.973
4681,12/01/25 12:00:53 AM,0.00,0.00,349.6,-6.938,97.734,1069.350,-7.251
4682,12/01/25 12:10:53 AM,0.00,0.00,349.6,-7.102,99.275,1069.350,-7.213
4683,12/01/25 12:20:53 AM,0.00,0.00,349.6,-7.402,98.064,1069.350,-7.671
4684,12/01/25 12:30:53 AM,0.00,0.00,348.2,-7.691,98.445,1069.350,-7.910
4685,12/01/25 12:40:53 AM,0.00,0.33,336.9,-8.166,97.774,1069.350,-8.473
4686,12/01/25 12:50:53 AM,0.00,0.00,313.1,-8.080,98.758,1069.350,-8.258
4687,12/01/25 01:00:53 AM,1.00,1.67,283.6,-8.890,96.498,1069.350,-9.363
4688,12/01/25 01:10:53 AM,1.34,1.67,285.0,-9.793,95.967,1069.350,-10.333
4689,12/01/25 01:20:53 AM,1.00,1.67,293.4,-8.898,98.082,1069.350,-9.164
4690,12/01/25 01:30:53 AM,0.00,0.67,296.2,-8.230,97.859,1069.350,-8.525
4691,12/01/25 01:40:53 AM,0.00,1.00,286.4,-7.970,96.924,1069.350,-8.389
4692,12/01/25 01:50:53 AM,0.00,0.00,283.6,-8.126,96.847,1069.350,-8.555
4693,12/01/25 02:00:53 AM,0.00,0.33,283.6,-7.839,97.830,1069.350,-8.139
4694,12/01/25 02:10:53 AM,0.00,0.00,318.7,-6.941,99.385,1069.350,-7.037
4695,12/01/25 02:20:53 AM,0.00,0.00,345.4,-6.557,97.948,1069.350,-6.842
4696,12/01/25 02:30:53 AM,0.00,0.00,292.0,-6.574,97.951,1069.350,-6.859
4697,12/01/25 02:40:53 AM,0.00,0.33,226.0,-6.490,97.978,1069.350,-6.771
4698,12/01/25 02:50:53 AM,0.00,0.33,226.0,-6.673,97.896,1069.350,-6.965
4699,12/01/25 03:00:53 AM,0.00,0.00,226.0,-6.630,98.004,1069.350,-6.908
4700,12/01/25 03:10:53 AM,0.67,1.34,280.8,-6.641,97.879,1069.350,-6.935
4701,12/01/25 03:20:53 AM,0.33,1.00,285.0,-6.866,97.824,1069.350,-7.167
4702,12/01/25 03:30:53 AM,0.33,1.67,307.5,-6.994,97.731,1069.350,-7.307
4703,12/01/25 03:40:53 AM,0.00,0.00,306.1,-7.120,97.702,1069.350,-7.437
4704,12/01/25 03:50:53 AM,0.33,1.00,322.9,-7.351,97.652,1069.350,-7.674
4705,12/01/25 04:00:53 AM,0.33,1.34,331.3,-7.657,97.284,1069.350,-8.029
4706,12/01/25 04:10:53 AM,0.67,1.34,334.1,-8.150,97.008,1069.350,-8.557
4707,12/01/25 04:20:53 AM,0.33,1.00,344.0,-8.633,96.667,1069.350,-9.084
4708,12/01/25 04:30:53 AM,1.00,1.67,36.5,-9.351,96.292,1069.350,-9.850
4709,12/01/25 04:40:53 AM,0.00,0.67,44.9,-9.308,96.724,1069.350,-9.750
4710,12/01/25 04:50:53 AM,0.00,0.33,44.9,-9.541,96.371,1069.350,-10.029
4711,12/01/25 05:00:53 AM,0.00,0.00,44.9,-9.927,96.222,1069.350,-10.434
4712,12/01/25 05:10:53 AM,0.67,1.34,28.1,-9.925,96.510,1069.350,-10.394
4713,12/01/25 05:20:53 AM,1.34,2.00,12.6,-9.686,96.637,1069.350,-10.139
4714,12/01/25 05:30:53 AM,0.67,1.67,22.5,-9.418,96.641,1069.350,-9.871
4715,12/01/25 05:40:53 AM,0.00,0.67,80.0,-9.252,96.643,1069.350,-9.705
4716,12/01/25 05:50:53 AM,0.00,0.00,101.1,-9.193,96.645,1069.350,-9.646
4717,12/01/25 06:00:53 AM,0.00,0.00,129.2,-9.249,96.590,1069.350,-9.709
4718,12/01/25 06:10:53 AM,1.00,1.34,252.7,-10.029,96.155,1069.350,-10.544
4719,12/01/25 06:20:53 AM,0.33,1.34,256.9,-10.244,96.085,1069.350,-10.768
4720,12/01/25 06:30:53 AM,0.00,0.00,258.3,-10.201,96.100,1069.350,-10.723
4721,12/01/25 06:40:53 AM,0.00,0.00,258.3,-10.169,96.115,1069.350,-10.689
4722,12/01/25 06:50:53 AM,0.00,0.00,258.3,-10.177,96.104,1069.350,-10.698
4723,12/01/25 07:00:53 AM,0.00,0.00,258.3,-10.161,96.129,1069.350,-10.679
4724,12/01/25 07:10:53 AM,0.00,0.00,258.3,-10.351,96.034,1069.350,-10.881
4725,12/01/25 07:20:53 AM,0.00,0.00,258.3,-10.351,96.036,1069.350,-10.881
4726,12/01/25 07:30:53 AM,0.33,1.34,238.7,-10.322,96.027,1069.350,-10.853
4727,12/01/25 07:40:53 AM,0.67,1.34,205.0,-10.737,95.824,1069.350,-11.293
4728,12/01/25 07:50:53 AM,0.33,1.00,227.4,-10.850,95.766,1069.350,-11.413
4729,12/01/25 08:00:53 AM,0.67,1.34,303.2,-11.220,95.529,1069.350,-11.813
4730,12/01/25 08:10:53 AM,0.00,0.00,307.5,-11.405,95.517,1069.350,-11.999
4731,12/01/25 08:20:53 AM,0.00,0.00,307.5,-11.241,95.579,1069.350,-11.827
4732,12/01/25 08:30:53 AM,0.00,0.00,307.5,-11.061,95.686,1069.350,-11.634
4733,12/01/25 08:40:53 AM,0.00,0.00,304.7,-10.887,95.749,1069.350,-11.452
4734,12/01/25 08:50:53 AM,0.00,0.00,304.7,-10.866,95.775,1069.350,-11.428
4735,12/01/25 09:00:53 AM,0.00,0.67,300.4,-10.925,95.747,1069.350,-11.491
4736,12/01/25 09:10:53 AM,0.33,0.67,289.2,-11.145,95.642,1069.350,-11.724
4737,12/01/25 09:20:53 AM,0.00,0.00,289.2,-11.466,95.488,1069.350,-12.063
4738,12/01/25 09:30:53 AM,0.00,0.00,289.2,-11.413,95.477,1069.350,-12.012
4739,12/01/25 09:40:53 AM,0.00,0.00,289.2,-11.201,95.602,1069.350,-11.785
4740,12/01/25 09:50:53 AM,0.00,0.00,289.2,-10.879,95.705,1069.350,-11.450
4741,12/01/25 10:00:53 AM,0.00,0.00,286.4,-10.748,95.808,1069.350,-11.306
4742,12/01/25 10:10:53 AM,0.00,0.00,334.1,-10.464,95.764,1069.350,-11.029
4743,12/01/25 10:20:53 AM,0.00,0.00,0.0,-10.104,96.046,1069.350,-10.633
4744,12/01/25 10:30:53 AM,0.00,0.00,18.3,-9.549,96.249,1069.350,-10.053
4745,12/01/25 10:40:53 AM,0.33,1.00,103.9,-9.330,96.277,1069.350,-9.831
4746,12/01/25 10:50:53 AM,0.33,0.67,126.4,-9.019,96.469,1069.350,-9.495
4747,12/01/25 11:00:53 AM,0.00,0.00,117.9,-8.464,96.623,1069.350,-8.921
4748,12/01/25 11:10:53 AM,0.00,0.33,113.7,-7.992,96.785,1069.350,-8.429
4749,12/01/25 11:20:53 AM,0.33,1.34,96.9,-7.949,96.550,1069.350,-8.417
4750,12/01/25 11:30:53 AM,0.67,1.67,81.4,-7.767,96.913,1069.350,-8.188
4751,12/01/25 11:40:53 AM,0.67,1.67,73.0,-7.378,96.831,1069.350,-7.810
4752,12/01/25 11:50:53 AM,0.33,1.34,89.9,-7.110,97.189,1069.350,-7.495
4753,12/01/25 12:00:53 PM,0.00,1.00,103.9,-6.729,97.539,1069.350,-7.068
4754,12/01/25 12:10:53 PM,0.33,1.34,129.2,-6.836,97.527,1069.350,-7.177
4755,12/01/25 12:20:53 PM,0.33,1.00,117.9,-6.112,97.946,1069.350,-6.398
4756,12/01/25 12:30:53 PM,0.33,1.34,96.9,-5.949,97.801,1069.350,-6.254
4757,12/01/25 12:40:53 PM,0.33,1.00,101.1,-5.311,98.172,1069.350,-5.567
4758,12/01/25 12:50:53 PM,0.67,1.34,92.7,-4.271,97.980,1069.350,-4.553
4759,12/01/25 01:00:53 PM,0.67,1.67,54.8,-3.917,97.502,1069.350,-4.265
4760,12/01/25 01:10:53 PM,0.67,1.67,80.0,-3.346,98.474,1069.350,-3.562
4761,12/01/25 01:20:53 PM,1.00,2.00,96.9,-3.118,98.714,1069.350,-3.301
4762,12/01/25 01:30:53 PM,1.00,2.00,108.1,-3.155,98.920,1069.350,-3.310
4763,12/01/25 01:40:53 PM,1.34,2.34,101.1,-2.992,99.236,1069.350,-3.105
4764,12/01/25 01:50:53 PM,1.00,2.34,99.7,-2.611,99.475,1069.350,-2.691
4765,12/01/25 02:00:53 PM,1.67,2.67,103.9,-2.705,99.274,1069.350,-2.812
4766,12/01/25 02:10:53 PM,1.34,2.00,101.1,-2.643,99.390,1069.350,-2.735
4767,12/01/25 02:20:53 PM,1.00,2.34,105.3,-2.576,99.638,1069.350,-2.634
4768,12/01/25 02:30:53 PM,1.34,2.34,82.8,-2.386,99.554,1069.350,-2.455
4769,12/01/25 02:40:53 PM,1.34,2.67,80.0,-2.370,99.199,1069.350,-2.487
4770,12/01/25 02:50:53 PM,1.34,2.67,82.8,-2.230,98.425,1069.350,-2.453
4771,12/01/25 03:00:53 PM,1.00,2.00,67.4,-2.220,97.606,1069.350,-2.555
4772,12/01/25 03:10:53 PM,1.00,1.67,88.4,-2.080,95.288,1069.350,-2.739
4773,12/01/25 03:20:53 PM,1.00,1.67,110.9,-1.935,92.807,1069.350,-2.949
4774,12/01/25 03:30:53 PM,0.67,1.34,110.9,-1.632,92.158,1069.350,-2.743
4775,12/01/25 03:40:53 PM,0.33,1.34,94.1,-1.351,90.900,1069.350,-2.649
4776,12/01/25 03:50:53 PM,0.67,1.34,84.2,-1.145,90.146,1069.350,-2.557
4777,12/01/25 04:00:53 PM,0.33,1.00,126.4,-1.043,90.869,1069.350,-2.349
4778,12/01/25 04:10:53 PM,0.33,1.34,126.4,-0.836,89.007,1069.350,-2.423
4779,12/01/25 04:20:53 PM,0.33,1.00,119.3,-0.667,88.295,1069.350,-2.365
4780,12/01/25 04:30:53 PM,1.00,1.67,88.4,-0.560,87.070,1069.350,-2.447
4781,12/01/25 04:40:53 PM,0.67,1.67,70.2,-0.662,85.113,1069.350,-2.854
4782,12/01/25 04:50:53 PM,0.00,0.33,42.1,-0.351,84.079,1069.350,-2.713
4783,12/01/25 05:00:53 PM,0.00,0.67,51.9,-0.115,84.578,1069.350,-2.401
4784,12/01/25 05:10:53 PM,0.67,3.67,47.7,-0.364,79.954,1069.350,-3.400
4785,12/01/25 05:20:53 PM,2.34,4.01,283.6,-0.005,64.057,1069.350,-5.986
4786,12/01/25 05:30:53 PM,1.34,3.01,297.6,0.547,60.548,1069.350,-6.198
4787,12/01/25 05:40:53 PM,1.67,3.01,292.0,0.941,57.133,1069.350,-6.583
4788,12/01/25 05:50:53 PM,2.00,3.34,286.4,0.955,55.705,1069.350,-6.899
4789,12/01/25 06:00:53 PM,2.00,3.01,282.2,0.829,55.967,1069.350,-6.956
4790,12/01/25 06:10:53 PM,2.34,3.34,297.6,0.708,56.521,1069.350,-6.942
4791,12/01/25 06:20:53 PM,2.67,4.68,301.8,0.751,56.756,1069.350,-6.848
4792,12/01/25 06:30:53 PM,2.67,4.68,304.7,0.684,57.295,1069.350,-6.788
4793,12/01/25 06:40:53 PM,1.67,3.01,283.6,0.456,58.886,1069.350,-6.647
4794,12/01/25 06:50:53 PM,1.00,2.00,258.3,0.094,60.583,1069.350,-6.619
4795,12/01/25 07:00:53 PM,1.00,2.34,263.9,-0.131,62.477,1069.350,-6.431
4796,12/01/25 07:10:53 PM,2.34,3.67,271.0,0.569,56.982,1069.350,-6.967
4797,12/01/25 07:20:53 PM,2.67,3.67,272.4,0.732,55.848,1069.350,-7.075
4798,12/01/25 07:30:53 PM,2.00,3.34,273.8,0.491,56.390,1069.350,-7.176
4799,12/01/25 07:40:53 PM,1.34,2.00,269.6,0.049,58.350,1069.350,-7.149
4800,12/01/25 07:50:53 PM,2.34,3.01,283.6,0.038,57.270,1069.350,-7.401
4801,12/01/25 08:00:53 PM,2.34,3.01,296.2,0.839,52.610,1069.350,-7.747
4802,12/01/25 08:10:53 PM,2.34,3.34,322.9,0.587,55.470,1069.350,-7.299
4803,12/01/25 08:20:53 PM,2.00,3.34,297.6,0.727,54.360,1069.350,-7.429
4804,12/01/25 08:30:53 PM,2.00,3.67,304.7,0.770,53.596,1069.350,-7.571
4805,12/01/25 08:40:53 PM,2.00,3.34,289.2,0.727,54.711,1069.350,-7.346
4806,12/01/25 08:50:53 PM,2.67,4.01,265.3,1.022,51.286,1069.350,-7.905
4807,12/01/25 09:00:53 PM,2.67,4.01,273.8,0.968,52.155,1069.350,-7.738
4808,12/01/25 09:10:53 PM,2.00,3.67,320.1,0.625,55.013,1069.350,-7.370
4809,12/01/25 09:20:53 PM,2.00,3.67,258.3,0.346,57.021,1069.350,-7.168
4810,12/01/25 09:30:53 PM,1.67,2.67,279.4,0.126,58.749,1069.350,-6.988
4811,12/01/25 09:40:53 PM,1.67,2.67,280.8,0.330,58.100,1069.350,-6.940
4812,12/01/25 09:50:53 PM,2.00,3.67,273.8,0.327,58.891,1069.350,-6.767
4813,12/01/25 10:00:53 PM,2.34,3.34,282.2,0.400,58.511,1069.350,-6.783
4814,12/01/25 10:10:53 PM,1.67,3.01,292.0,0.303,59.883,1069.350,-6.573
4815,12/01/25 10:20:53 PM,1.00,2.00,266.7,0.113,62.655,1069.350,-6.163
4816,12/01/25 10:30:53 PM,1.67,2.34,255.5,0.148,63.427,1069.350,-5.969
4817,12/01/25 10:40:53 PM,1.34,2.34,279.4,-0.024,63.572,1069.350,-6.103
4818,12/01/25 10:50:53 PM,1.67,2.34,282.2,0.191,61.143,1069.350,-6.407
4819,12/01/25 11:00:53 PM,1.67,2.67,287.8,0.394,59.591,1069.350,-6.550
4820,12/01/25 11:10:53 PM,1.34,2.00,297.6,0.169,59.466,1069.350,-6.790
4821,12/01/25 11:20:53 PM,1.00,2.00,318.7,-0.110,61.468,1069.350,-6.624
4822,12/01/25 11:30:53 PM,1.67,2.34,310.3,0.116,60.816,1069.350,-6.548
4823,12/01/25 11:40:53 PM,1.00,2.34,315.9,0.220,60.841,1069.350,-6.444
4824,12/01/25 11:50:53 PM,0.33,0.67,318.7,0.035,62.672,1069.350,-6.233
4825,12/02/25 12:00:53 AM,0.67,1.34,307.5,-0.217,64.154,1069.350,-6.168
4826,12/02/25 12:10:53 AM,1.00,1.67,297.6,-1.008,65.660,1069.350,-6.619
4827,12/02/25 12:20:53 AM,1.00,2.34,307.5,-0.938,63.665,1069.350,-6.954
4828,12/02/25 12:30:53 AM,1.67,2.34,282.2,-0.303,62.026,1069.350,-6.689
4829,12/02/25 12:40:53 AM,2.00,3.01,249.9,-0.053,61.595,1069.350,-6.543
4830,12/02/25 12:50:53 AM,2.00,3.67,248.5,0.370,61.366,1069.350,-6.190
4831,12/02/25 01:00:53 AM,2.00,3.01,244.3,0.065,59.855,1069.350,-6.804
4832,12/02/25 01:10:53 AM,1.67,2.67,266.7,-1.198,64.570,1069.350,-7.018
4833,12/02/25 01:20:53 AM,2.00,2.67,275.2,-1.399,66.555,1069.350,-6.817
4834,12/02/25 01:30:53 AM,1.67,2.34,259.7,-0.490,65.074,1069.350,-6.242
4835,12/02/25 01:40:53 AM,1.67,2.67,234.5,-0.968,66.958,1069.350,-6.326
4836,12/02/25 01:50:53 AM,0.67,1.67,310.3,-1.153,69.097,1069.350,-6.093
4837,12/02/25 02:00:53 AM,0.33,2.34,285.0,-0.874,68.978,1069.350,-5.848
4838,12/02/25 02:10:53 AM,2.34,3.01,266.7,-0.048,64.291,1069.350,-5.979
4839,12/02/25 02:20:53 AM,2.00,3.34,268.1,0.161,63.313,1069.350,-5.981
4840,12/02/25 02:30:53 AM,2.34,3.01,266.7,0.223,62.861,1069.350,-6.015
4841,12/02/25 02:40:53 AM,2.34,3.01,266.7,-0.056,63.200,1069.350,-6.210
4842,12/02/25 02:50:53 AM,2.34,3.01,258.3,-0.051,63.604,1069.350,-6.122
4843,12/02/25 03:00:53 AM,2.00,3.34,275.2,0.510,62.454,1069.350,-5.828
4844,12/02/25 03:10:53 AM,2.00,3.34,276.6,1.030,61.392,1069.350,-5.560
4845,12/02/25 03:20:53 AM,2.67,4.68,263.9,1.553,59.269,1069.350,-5.528
4846,12/02/25 03:30:53 AM,1.67,2.67,255.5,1.381,60.520,1069.350,-5.416
4847,12/02/25 03:40:53 AM,2.00,3.01,247.1,1.250,61.729,1069.350,-5.279
4848,12/02/25 03:50:53 AM,1.67,3.01,248.5,1.153,63.059,1069.350,-5.091
4849,12/02/25 04:00:53 AM,2.34,4.01,251.3,1.228,63.403,1069.350,-4.948
4850,12/02/25 04:10:53 AM,2.67,4.34,248.5,1.553,61.794,1069.350,-4.978
4851,12/02/25 04:20:53 AM,2.00,3.01,249.9,1.464,62.687,1069.350,-4.873
4852,12/02/25 04:30:53 AM,1.34,2.00,259.7,1.201,64.524,1069.350,-4.742
4853,12/02/25 04:40:53 AM,1.34,2.00,263.9,1.089,65.376,1069.350,-4.675
4854,12/02/25 04:50:53 AM,1.00,1.67,255.5,1.057,66.213,1069.350,-4.537
4855,12/02/25 05:00:53 AM,1.34,2.00,255.5,1.150,65.861,1069.350,-4.519
4856,12/02/25 05:10:53 AM,1.00,2.00,258.3,1.161,65.823,1069.350,-4.516
4857,12/02/25 05:20:53 AM,0.67,1.00,262.5,1.132,66.012,1069.350,-4.506
4858,12/02/25 05:30:53 AM,1.00,2.00,290.6,1.081,66.458,1069.350,-4.465
4859,12/02/25 05:40:53 AM,0.67,1.34,300.4,1.054,66.947,1069.350,-4.394
4860,12/02/25 05:50:53 AM,0.67,1.67,310.3,0.944,68.077,1069.350,-4.277
4861,12/02/25 06:00:53 AM,0.00,0.00,310.3,1.091,67.240,1069.350,-4.301
4862,12/02/25 06:10:53 AM,0.33,1.67,271.0,1.105,67.185,1069.350,-4.298
4863,12/02/25 06:20:53 AM,0.67,2.00,226.0,1.220,66.371,1069.350,-4.350
4864,12/02/25 06:30:53 AM,0.00,1.00,268.1,1.188,66.322,1069.350,-4.390
4865,12/02/25 06:40:53 AM,0.67,1.67,301.8,0.472,69.487,1069.350,-4.458
4866,12/02/25 06:50:53 AM,1.00,2.00,286.4,0.574,69.773,1069.350,-4.306
4867,12/02/25 07:00:53 AM,1.00,2.00,301.8,0.545,70.071,1069.350,-4.277
4868,12/02/25 07:10:53 AM,1.34,3.01,299.0,0.662,69.871,1069.350,-4.203
4869,12/02/25 07:20:53 AM,2.67,5.34,252.7,1.067,68.441,1069.350,-4.089
4870,12/02/25 07:30:53 AM,3.01,5.34,276.6,1.129,68.739,1069.350,-3.971
4871,12/02/25 07:40:53 AM,3.67,5.34,293.4,1.293,69.203,1069.350,-3.724
4872,12/02/25 07:50:53 AM,3.34,5.01,289.2,1.378,69.323,1069.350,-3.620
4873,12/02/25 08:00:53 AM,4.68,7.01,286.4,1.523,68.354,1069.350,-3.668
4874,12/02/25 08:10:53 AM,4.34,6.68,286.4,1.563,67.893,1069.350,-3.720
4875,12/02/25 08:20:53 AM,3.67,6.01,283.6,1.494,68.257,1069.350,-3.715
4876,12/02/25 08:30:53 AM,3.01,5.01,282.2,1.059,69.799,1069.350,-3.835
4877,12/02/25 08:40:53 AM,2.34,4.01,286.4,0.585,71.695,1069.350,-3.934
4878,12/02/25 08:50:53 AM,3.67,5.68,278.0,0.759,72.119,1069.350,-3.688
4879,12/02/25 09:00:53 AM,4.68,7.35,280.8,1.073,71.499,1069.350,-3.500
4880,12/02/25 09:10:53 AM,4.01,5.68,287.8,0.898,71.138,1069.350,-3.736
4881,12/02/25 09:20:53 AM,3.67,5.68,296.2,0.684,71.405,1069.350,-3.893
4882,12/02/25 09:30:53 AM,3.01,4.68,304.7,0.772,71.575,1069.350,-3.776
4883,12/02/25 09:40:53 AM,3.67,6.35,294.8,0.898,71.574,1069.350,-3.655
4884,12/02/25 09:50:53 AM,3.34,5.34,290.6,1.027,71.730,1069.350,-3.502
4885,12/02/25 10:00:53 AM,3.34,5.68,294.8,1.148,72.441,1069.350,-3.253
4886,12/02/25 10:10:53 AM,3.67,5.34,283.6,1.201,72.250,1069.350,-3.237
4887,12/02/25 10:20:53 AM,3.34,5.01,269.6,1.416,72.863,1069.350,-2.916
4888,12/02/25 10:30:53 AM,3.01,5.01,271.0,1.628,72.328,1069.350,-2.811
4889,12/02/25 10:40:53 AM,3.67,5.34,263.9,1.748,72.032,1069.350,-2.750
4890,12/02/25 10:50:53 AM,3.67,5.34,268.1,1.775,70.892,1069.350,-2.938
4891,12/02/25 11:00:53 AM,3.67,5.68,266.7,1.877,71.084,1069.350,-2.804
4892,12/02/25 11:10:53 AM,3.67,6.01,268.1,2.083,71.176,1069.350,-2.588
4893,12/02/25 11:20:53 AM,4.01,6.01,280.8,2.183,71.357,1069.350,-2.458
4894,12/02/25 11:30:53 AM,4.01,6.68,300.4,2.475,71.164,1069.350,-2.213
4895,12/02/25 11:40:53 AM,4.01,6.35,310.3,2.933,71.913,1069.350,-1.630
4896,12/02/25 11:50:53 AM,4.34,6.68,304.7,2.807,72.096,1069.350,-1.717
4897,12/02/25 12:00:53 PM,3.34,5.34,296.2,2.504,73.779,1069.350,-1.696
4898,12/02/25 12:10:53 PM,3.34,5.01,289.2,4.314,68.708,1069.350,-0.923
4899,12/02/25 12:20:53 PM,3.67,5.34,293.4,4.515,66.723,1069.350,-1.131
4900,12/02/25 12:30:53 PM,3.67,6.01,299.0,4.974,64.826,1069.350,-1.086
4901,12/02/25 12:40:53 PM,5.01,7.68,273.8,4.416,64.315,1069.350,-1.725
4902,12/02/25 12:50:53 PM,5.68,8.02,276.6,4.204,65.763,1069.350,-1.625
4903,12/02/25 01:00:53 PM,5.34,8.35,292.0,4.368,65.179,1069.350,-1.589
4904,12/02/25 01:10:53 PM,5.68,8.35,271.0,4.558,66.023,1069.350,-1.233
4905,12/02/25 01:20:53 PM,4.34,6.35,289.2,4.518,65.997,1069.350,-1.277
4906,12/02/25 01:30:53 PM,5.01,8.35,287.8,4.641,64.117,1069.350,-1.553
4907,12/02/25 01:40:53 PM,5.68,8.02,290.6,4.687,63.458,1069.350,-1.649
4908,12/02/25 01:50:53 PM,5.68,8.68,282.2,4.671,64.019,1069.350,-1.545
4909,12/02/25 02:00:53 PM,5.34,8.02,265.3,5.054,65.257,1069.350,-0.920
4910,12/02/25 02:10:53 PM,6.68,9.02,262.5,4.944,66.694,1069.350,-0.727
4911,12/02/25 02:20:53 PM,6.01,9.02,268.1,4.939,66.973,1069.350,-0.674
4912,12/02/25 02:30:53 PM,6.01,9.68,268.1,4.276,69.010,1069.350,-0.900
4913,12/02/25 02:40:53 PM,6.01,9.02,265.3,4.362,68.309,1069.350,-0.957
4914,12/02/25 02:50:53 PM,6.35,9.35,271.0,3.756,70.332,1069.350,-1.140
4915,12/02/25 03:00:53 PM,5.68,8.68,273.8,3.668,70.430,1069.350,-1.206
4916,12/02/25 03:10:53 PM,5.34,8.02,285.0,4.794,68.331,1069.350,-0.538
4917,12/02/25 03:20:53 PM,6.01,9.35,273.8,5.016,68.069,1069.350,-0.378
4918,12/02/25 03:30:53 PM,6.35,8.68,280.8,4.681,68.246,1069.350,-0.664
4919,12/02/25 03:40:53 PM,5.68,8.35,272.4,3.719,70.782,1069.350,-1.089
4920,12/02/25 03:50:53 PM,5.01,8.02,275.2,3.762,70.816,1069.350,-1.041
4921,12/02/25 04:00:53 PM,5.01,7.01,283.6,3.397,71.518,1069.350,-1.258
4922,12/02/25 04:10:53 PM,5.01,7.68,282.2,2.888,72.842,1069.350,-1.499
4923,12/02/25 04:20:53 PM,4.68,7.01,283.6,2.287,74.183,1069.350,-1.832
4924,12/02/25 04:30:53 PM,5.34,7.35,282.2,2.590,74.150,1069.350,-1.545
4925,12/02/25 04:40:53 PM,6.01,8.35,276.6,3.370,71.603,1069.350,-1.267
4926,12/02/25 04:50:53 PM,6.35,9.35,279.4,3.762,70.242,1069.350,-1.152
4927,12/02/25 05:00:53 PM,6.35,10.02,275.2,3.408,71.824,1069.350,-1.189
4928,12/02/25 05:10:53 PM,6.01,9.35,279.4,3.448,71.653,1069.350,-1.183
4929,12/02/25 05:20:53 PM,6.01,8.68,282.2,3.268,71.708,1069.350,-1.346
4930,12/02/25 05:30:53 PM,5.34,7.68,276.6,2.582,74.801,1069.350,-1.434
4931,12/02/25 05:40:53 PM,4.68,6.35,278.0,2.204,75.512,1069.350,-1.672
4932,12/02/25 05:50:53 PM,5.01,7.68,285.0,1.896,75.061,1069.350,-2.051
4933,12/02/25 06:00:53 PM,5.34,7.68,283.6,1.134,77.626,1069.350,-2.337
4934,12/02/25 06:10:53 PM,5.34,7.35,290.6,0.762,78.604,1069.350,-2.531
4935,12/02/25 06:20:53 PM,4.68,7.01,289.2,0.563,79.242,1069.350,-2.616
4936,12/02/25 06:30:53 PM,4.01,6.35,275.2,0.255,80.444,1069.350,-2.714
4937,12/02/25 06:40:53 PM,3.01,5.01,266.7,-0.043,81.257,1069.350,-2.870
4938,12/02/25 06:50:53 PM,1.34,2.34,247.1,-0.590,82.419,1069.350,-3.215
4939,12/02/25 07:00:53 PM,1.67,3.34,217.6,-1.823,85.100,1069.350,-3.997
4940,12/02/25 07:10:53 PM,3.34,4.34,206.4,-1.842,87.156,1069.350,-3.698
4941,12/02/25 07:20:53 PM,2.67,3.67,221.8,-1.557,86.682,1069.350,-3.490
4942,12/02/25 07:30:53 PM,2.34,3.34,251.3,-1.512,86.252,1069.350,-3.512
4943,12/02/25 07:40:53 PM,3.01,4.34,273.8,-1.989,87.874,1069.350,-3.734
4944,12/02/25 07:50:53 PM,3.01,4.34,271.0,-1.477,86.741,1069.350,-3.402
4945,12/02/25 08:00:53 PM,3.01,4.34,266.7,-1.544,86.551,1069.350,-3.497
4946,12/02/25 08:10:53 PM,2.34,4.01,259.7,-1.901,86.955,1069.350,-3.787
4947,12/02/25 08:20:53 PM,3.01,4.01,263.9,-2.509,88.826,1069.350,-4.104
4948,12/02/25 08:30:53 PM,3.01,5.01,273.8,-2.595,89.639,1069.350,-4.068
4949,12/02/25 08:40:53 PM,4.01,6.01,283.6,-1.694,86.764,1069.350,-3.612
4950,12/02/25 08:50:53 PM,3.67,5.68,290.6,-1.088,83.896,1069.350,-3.465
4951,12/02/25 09:00:53 PM,3.34,6.01,301.8,-0.560,79.750,1069.350,-3.625
4952,12/02/25 09:10:53 PM,3.67,5.34,304.7,-1.212,81.825,1069.350,-3.920
4953,12/02/25 09:20:53 PM,4.34,6.35,299.0,-1.512,83.429,1069.350,-3.956
4954,12/02/25 09:30:53 PM,5.34,7.01,301.8,-1.343,83.629,1069.350,-3.758
4955,12/02/25 09:40:53 PM,5.01,7.01,304.7,-1.383,83.203,1069.350,-3.865
4956,12/02/25 09:50:53 PM,4.68,6.35,303.2,-1.364,81.730,1069.350,-4.085
4957,12/02/25 10:00:53 PM,5.01,6.68,307.5,-0.839,79.501,1069.350,-3.939
4958,12/02/25 10:10:53 PM,5.01,7.01,317.3,-0.582,77.568,1069.350,-4.017
4959,12/02/25 10:20:53 PM,5.68,7.01,322.9,-0.496,76.545,1069.350,-4.109
4960,12/02/25 10:30:53 PM,5.68,7.01,322.9,-1.313,78.032,1069.350,-4.649
4961,12/02/25 10:40:53 PM,5.34,7.68,327.1,-1.488,78.108,1069.350,-4.806
4962,12/02/25 10:50:53 PM,5.01,6.35,327.1,-1.222,77.363,1069.350,-4.674
4963,12/02/25 11:00:53 PM,4.34,5.68,328.5,-0.860,76.495,1069.350,-4.472
4964,12/02/25 11:10:53 PM,3.34,5.68,327.1,-0.517,75.045,1069.350,-4.393
4965,12/02/25 11:20:53 PM,0.67,2.34,12.6,-1.418,77.194,1069.350,-4.894
4966,12/02/25 11:30:53 PM,1.00,2.67,203.6,-2.372,80.800,1069.350,-5.222
4967,12/02/25 11:40:53 PM,1.00,2.34,154.4,-2.694,81.451,1069.350,-5.431
4968,12/02/25 11:50:53 PM,0.00,1.34,37.9,-3.761,88.087,1069.350,-5.451
4969,12/03/25 12:00:53 AM,1.34,2.34,190.9,-2.874,87.987,1069.350,-4.590
4970,12/03/25 12:10:53 AM,0.67,1.67,143.2,-3.112,92.477,1069.350,-4.166
4971,12/03/25 12:20:53 AM,0.67,1.67,265.3,-3.402,90.011,1069.350,-4.811
4972,12/03/25 12:30:53 AM,0.33,0.67,265.3,-3.102,89.874,1069.350,-4.534
4973,12/03/25 12:40:53 AM,0.67,1.00,265.3,-3.788,91.154,1069.350,-5.027
4974,12/03/25 12:50:53 AM,1.00,2.00,200.8,-4.978,91.923,1069.350,-6.097
4975,12/03/25 01:00:53 AM,0.67,1.34,147.4,-6.598,96.529,1069.350,-7.072
4976,12/03/25 01:10:53 AM,0.67,1.34,71.6,-7.150,97.368,1069.350,-7.511
4977,12/03/25 01:20:53 AM,1.00,1.34,339.7,-6.759,96.950,1069.350,-7.177
4978,12/03/25 01:30:53 AM,0.33,1.00,327.1,-6.155,97.415,1069.350,-6.511
4979,12/03/25 01:40:53 AM,0.67,1.34,352.4,-5.453,98.184,1069.350,-5.707
4980,12/03/25 01:50:53 AM,0.00,0.67,355.2,-5.024,98.146,1069.350,-5.284
4981,12/03/25 02:00:53 AM,0.00,1.00,5.6,-4.970,98.538,1069.350,-5.177
4982,12/03/25 02:10:53 AM,0.00,1.00,61.8,-4.458,98.593,1069.350,-4.658
4983,12/03/25 02:20:53 AM,0.67,1.34,237.3,-4.689,98.350,1069.350,-4.921
4984,12/03/25 02:30:53 AM,0.00,0.00,241.5,-4.659,98.489,1069.350,-4.873
4985,12/03/25 02:40:53 AM,0.33,1.34,237.3,-4.380,98.662,1069.350,-4.570
4986,12/03/25 02:50:53 AM,0.67,1.34,227.4,-4.464,98.650,1069.350,-4.656
4987,12/03/25 03:00:53 AM,0.67,1.67,209.2,-4.442,98.714,1069.350,-4.626
4988,12/03/25 03:10:53 AM,0.33,1.34,219.0,-4.389,98.828,1069.350,-4.557
4989,12/03/25 03:20:53 AM,0.33,1.67,186.7,-4.356,98.857,1069.350,-4.520
4990,12/03/25 03:30:53 AM,0.33,1.34,132.0,-4.464,98.853,1069.350,-4.629
4991,12/03/25 03:40:53 AM,1.00,2.34,186.7,-4.616,98.784,1069.350,-4.790
4992,12/03/25 03:50:53 AM,1.00,1.67,233.1,-4.758,98.743,1069.350,-4.938
4993,12/03/25 04:00:53 AM,0.00,1.34,227.4,-4.742,98.830,1069.350,-4.910
4994,12/03/25 04:10:53 AM,0.67,2.00,224.6,-4.903,98.730,1069.350,-5.084
4995,12/03/25 04:20:53 AM,0.67,2.00,247.1,-5.238,98.590,1069.350,-5.438
4996,12/03/25 04:30:53 AM,0.67,1.67,245.7,-5.439,98.492,1069.350,-5.652
4997,12/03/25 04:40:53 AM,1.00,2.00,240.1,-5.745,98.341,1069.350,-5.978
4998,12/03/25 04:50:53 AM,1.34,2.34,230.2,-6.356,98.025,1069.350,-6.631
4999,12/03/25 05:00:53 AM,1.00,1.67,226.0,-6.574,97.942,1069.350,-6.860
5000,12/03/25 05:10:53 AM,1.00,1.67,238.7,-6.909,97.803,1069.350,-7.213
5001,12/03/25 05:20:53 AM,1.00,1.67,241.5,-7.000,97.760,1069.350,-7.310
5002,12/03/25 05:30:53 AM,1.34,2.00,251.3,-7.220,97.633,1069.350,-7.546
5003,12/03/25 05:40:53 AM,0.67,1.67,252.7,-7.359,97.584,1069.350,-7.691
5004,12/03/25 05:50:53 AM,1.00,1.34,240.1,-7.439,97.542,1069.350,-7.777
5005,12/03/25 06:00:53 AM,1.00,1.67,254.1,-7.383,97.586,1069.350,-7.715
5006,12/03/25 06:10:53 AM,1.34,1.67,265.3,-7.512,97.516,1069.350,-7.853
5007,12/03/25 06:20:53 AM,0.67,1.34,266.7,-7.549,97.554,1069.350,-7.885
5008,12/03/25 06:30:53 AM,1.00,1.67,276.6,-7.520,97.540,1069.350,-7.858
5009,12/03/25 06:40:53 AM,0.67,1.67,269.6,-7.504,97.562,1069.350,-7.839
5010,12/03/25 06:50:53 AM,1.34,2.34,238.7,-7.673,97.440,1069.350,-8.024
5011,12/03/25 07:00:53 AM,1.34,2.34,227.4,-7.903,97.357,1069.350,-8.265
5012,12/03/25 07:10:53 AM,1.34,2.00,224.6,-8.094,97.234,1069.350,-8.472
5013,12/03/25 07:20:53 AM,1.00,1.67,223.2,-8.541,97.018,1069.350,-8.946
5014,12/03/25 07:30:53 AM,1.00,1.34,233.1,-8.871,96.854,1069.350,-9.297
5015,12/03/25 07:40:53 AM,0.67,1.34,258.3,-9.225,96.640,1069.350,-9.679
5016,12/03/25 07:50:53 AM,0.00,0.00,263.9,-9.533,96.471,1069.350,-10.008
5017,12/03/25 08:00:53 AM,0.33,1.00,262.5,-10.067,96.185,1069.350,-10.578
5018,12/03/25 08:10:53 AM,0.33,1.00,263.9,-10.587,95.909,1069.350,-11.133
5019,12/03/25 08:20:53 AM,0.67,1.00,247.1,-10.949,95.727,1069.350,-11.517
5020,12/03/25 08:30:53 AM,0.67,1.34,247.1,-11.327,95.518,1069.350,-11.921
5021,12/03/25 08:40:53 AM,0.67,1.00,262.5,-11.807,95.233,1069.350,-12.436
5022,12/03/25 08:50:53 AM,0.67,1.00,268.1,-11.541,95.650,1069.350,-12.117
5023,12/03/25 09:00:53 AM,1.00,1.34,269.6,-10.287,96.352,1069.350,-10.776
5024,12/03/25 09:10:53 AM,1.00,1.67,269.6,-9.019,96.774,1069.350,-9.455
5025,12/03/25 09:20:53 AM,0.67,1.67,282.2,-9.477,96.699,1069.350,-9.922
5026,12/03/25 09:30:53 AM,0.67,1.34,220.4,-9.123,96.886,1069.350,-9.544
5027,12/03/25 09:40:53 AM,0.00,0.67,216.2,-8.206,97.610,1069.350,-8.534
5028,12/03/25 09:50:53 AM,0.00,0.00,220.4,-7.474,96.352,1069.350,-7.970
5029,12/03/25 10:00:53 AM,0.00,0.67,235.9,-6.850,98.091,1069.350,-7.116
5030,12/03/25 10:10:53 AM,0.00,0.67,248.5,-6.742,98.201,1069.350,-6.993
5031,12/03/25 10:20:53 AM,0.33,1.34,209.2,-5.338,98.778,1069.350,-5.513
5032,12/03/25 10:30:53 AM,0.33,1.34,186.7,-5.547,98.328,1069.350,-5.782
5033,12/03/25 10:40:53 AM,0.00,1.00,185.3,-4.372,98.811,1069.350,-4.543
5034,12/03/25 10:50:53 AM,1.00,1.34,123.5,-4.485,98.077,1069.350,-4.754
5035,12/03/25 11:00:53 AM,0.33,1.00,88.4,-3.777,97.545,1069.350,-4.119
5036,12/03/25 11:10:53 AM,0.67,1.34,99.7,-3.000,98.396,1069.350,-3.227
5037,12/03/25 11:20:53 AM,1.00,2.00,108.1,-2.887,98.378,1069.350,-3.116
5038,12/03/25 11:30:53 AM,1.34,2.34,94.1,-2.960,98.056,1069.350,-3.233
5039,12/03/25 11:40:53 AM,1.00,1.67,119.3,-2.909,98.566,1069.350,-3.112
5040,12/03/25 11:50:53 AM,0.33,1.34,94.1,-1.815,97.687,1069.350,-2.140
5041,12/03/25 12:00:53 PM,0.33,1.34,47.7,-1.557,96.837,1069.350,-2.000
5042,12/03/25 12:10:53 PM,0.33,0.67,80.0,-0.678,98.033,1069.350,-0.956
5043,12/03/25 12:20:53 PM,1.00,2.00,151.6,-0.724,95.883,1069.350,-1.304
5044,12/03/25 12:30:53 PM,0.67,2.34,158.6,-0.319,92.251,1069.350,-1.426
5045,12/03/25 12:40:53 PM,1.00,2.00,119.3,-0.029,88.562,1069.350,-1.694
5046,12/03/25 12:50:53 PM,1.00,1.67,126.4,0.242,87.576,1069.350,-1.578
5047,12/03/25 01:00:53 PM,1.67,3.01,136.2,0.301,87.443,1069.350,-1.541
5048,12/03/25 01:10:53 PM,1.67,2.67,120.7,0.461,85.609,1069.350,-1.671
5049,12/03/25 01:20:53 PM,2.00,3.34,112.3,0.660,83.404,1069.350,-1.829
5050,12/03/25 01:30:53 PM,2.00,3.67,116.5,0.898,81.971,1069.350,-1.831
5051,12/03/25 01:40:53 PM,2.34,4.34,126.4,1.075,80.827,1069.350,-1.848
5052,12/03/25 01:50:53 PM,2.34,3.67,154.4,1.140,80.433,1069.350,-1.851
5053,12/03/25 02:00:53 PM,1.67,3.34,154.4,1.408,79.193,1069.350,-1.800
5054,12/03/25 02:10:53 PM,2.00,4.01,141.8,1.526,78.456,1069.350,-1.812
5055,12/03/25 02:20:53 PM,2.67,4.68,147.4,1.606,77.266,1069.350,-1.941
5056,12/03/25 02:30:53 PM,2.34,5.01,144.6,1.767,76.622,1069.350,-1.898
5057,12/03/25 02:40:53 PM,1.67,3.34,151.6,2.065,75.038,1069.350,-1.892
5058,12/03/25 02:50:53 PM,1.34,3.34,127.8,2.872,71.711,1069.350,-1.727
5059,12/03/25 03:00:53 PM,1.34,3.01,134.8,3.175,69.958,1069.350,-1.771
5060,12/03/25 03:10:53 PM,2.00,3.67,140.4,2.780,70.793,1069.350,-1.990
5061,12/03/25 03:20:53 PM,2.00,3.67,136.2,2.679,70.538,1069.350,-2.136
5062,12/03/25 03:30:53 PM,1.34,4.01,160.0,3.140,67.662,1069.350,-2.256
5063,12/03/25 03:40:53 PM,3.01,5.01,255.5,3.102,64.096,1069.350,-3.021
5064,12/03/25 03:50:53 PM,3.34,5.34,269.6,2.767,65.689,1069.350,-3.011
5065,12/03/25 04:00:53 PM,3.34,4.68,263.9,2.622,65.432,1069.350,-3.202
5066,12/03/25 04:10:53 PM,3.34,5.34,276.6,2.405,66.004,1069.350,-3.292
5067,12/03/25 04:20:53 PM,3.34,5.34,273.8,2.102,66.326,1069.350,-3.516
5068,12/03/25 04:30:53 PM,3.67,6.35,263.9,1.845,66.528,1069.350,-3.721
5069,12/03/25 04:40:53 PM,4.01,6.68,265.3,1.598,67.341,1069.350,-3.796
5070,12/03/25 04:50:53 PM,4.01,6.35,275.2,1.298,68.865,1069.350,-3.785
5071,12/03/25 05:00:53 PM,4.01,6.35,269.6,0.990,70.649,1069.350,-3.740
5072,12/03/25 05:10:53 PM,4.01,6.01,269.6,0.644,72.474,1069.350,-3.733
5073,12/03/25 05:20:53 PM,4.34,6.35,273.8,0.207,73.982,1069.350,-3.881
5074,12/03/25 05:30:53 PM,3.67,6.35,262.5,-0.351,76.272,1069.350,-4.016
5075,12/03/25 05:40:53 PM,3.01,5.34,254.1,-0.951,78.682,1069.350,-4.186
5076,12/03/25 05:50:53 PM,2.67,4.68,256.9,-1.557,80.864,1069.350,-4.415
5077,12/03/25 06:00:53 PM,2.67,4.34,249.9,-2.163,82.950,1069.350,-4.671
5078,12/03/25 06:10:53 PM,2.34,3.67,248.5,-2.659,84.703,1069.350,-4.881
5079,12/03/25 06:20:53 PM,2.34,3.67,244.3,-3.177,86.337,1069.350,-5.139
5080,12/03/25 06:30:53 PM,2.34,3.34,249.9,-3.378,87.510,1069.350,-5.159
5081,12/03/25 06:40:53 PM,2.67,4.01,252.7,-3.330,88.089,1069.350,-5.025
5082,12/03/25 06:50:53 PM,2.67,4.01,258.3,-3.324,88.188,1069.350,-5.004
5083,12/03/25 07:00:53 PM,2.67,4.01,249.9,-3.094,86.789,1069.350,-4.988
5084,12/03/25 07:10:53 PM,2.34,4.68,248.5,-3.254,86.685,1069.350,-5.162
5085,12/03/25 07:20:53 PM,2.34,4.01,266.7,-3.206,86.557,1069.350,-5.134
5086,12/03/25 07:30:53 PM,2.00,4.34,249.9,-3.498,87.048,1069.350,-5.347
5087,12/03/25 07:40:53 PM,2.34,3.67,285.0,-3.689,88.074,1069.350,-5.382
5088,12/03/25 07:50:53 PM,2.67,3.67,293.4,-3.799,88.524,1069.350,-5.423
5089,12/03/25 08:00:53 PM,2.00,3.01,289.2,-4.158,89.567,1069.350,-5.624
5090,12/03/25 08:10:53 PM,2.67,4.01,275.2,-4.271,90.013,1069.350,-5.671
5091,12/03/25 08:20:53 PM,2.34,4.34,280.8,-4.118,89.253,1069.350,-5.631
5092,12/03/25 08:30:53 PM,2.34,3.34,263.9,-4.380,89.618,1069.350,-5.836
5093,12/03/25 08:40:53 PM,2.00,3.01,269.6,-4.705,90.799,1069.350,-5.987
5094,12/03/25 08:50:53 PM,1.67,3.01,269.6,-4.351,89.328,1069.350,-5.850
5095,12/03/25 09:00:53 PM,2.34,4.68,272.4,-4.021,87.839,1069.350,-5.744
5096,12/03/25 09:10:53 PM,2.34,4.34,285.0,-3.573,87.076,1069.350,-5.417
5097,12/03/25 09:20:53 PM,2.34,4.68,310.3,-3.552,86.795,1069.350,-5.439
5098,12/03/25 09:30:53 PM,2.34,3.67,304.7,-3.742,87.845,1069.350,-5.468
5099,12/03/25 09:40:53 PM,2.34,4.34,294.8,-3.549,87.422,1069.350,-5.341
5100,12/03/25 09:50:53 PM,2.00,3.34,299.0,-3.788,87.254,1069.350,-5.602
5101,12/03/25 10:00:53 PM,1.00,2.00,287.8,-5.107,90.117,1069.350,-6.483
5102,12/03/25 10:10:53 PM,1.34,3.67,276.6,-4.989,91.125,1069.350,-6.221
5103,12/03/25 10:20:53 PM,2.34,3.34,273.8,-3.906,89.238,1069.350,-5.423
5104,12/03/25 10:30:53 PM,1.67,2.67,293.4,-4.576,89.627,1069.350,-6.029
5105,12/03/25 10:40:53 PM,2.00,3.01,283.6,-5.029,91.496,1069.350,-6.208
5106,12/03/25 10:50:53 PM,2.67,3.34,297.6,-4.635,91.014,1069.350,-5.887
5107,12/03/25 11:00:53 PM,3.01,3.67,278.0,-4.214,89.683,1069.350,-5.663
5108,12/03/25 11:10:53 PM,3.01,3.67,276.6,-4.348,89.407,1069.350,-5.836
5109,12/03/25 11:20:53 PM,2.67,3.01,273.8,-4.866,90.521,1069.350,-6.186
5110,12/03/25 11:30:53 PM,2.00,3.34,276.6,-5.442,92.049,1069.350,-6.539
5111,12/03/25 11:40:53 PM,2.34,3.67,282.2,-5.212,92.071,1069.350,-6.308
5112,12/03/25 11:50:53 PM,2.34,3.34,289.2,-5.702,92.750,1069.350,-6.699
5113,12/04/25 12:00:53 AM,2.34,3.34,278.0,-5.740,93.460,1069.350,-6.637
5114,12/04/25 12:10:53 AM,3.01,4.01,266.7,-5.418,92.158,1069.350,-6.500
5115,12/04/25 12:20:53 AM,2.67,3.67,275.2,-5.480,91.119,1069.350,-6.709
5116,12/04/25 12:30:53 AM,2.67,3.34,285.0,-5.263,91.962,1069.350,-6.374
5117,12/04/25 12:40:53 AM,2.67,3.34,266.7,-5.086,90.867,1069.350,-6.355
5118,12/04/25 12:50:53 AM,2.34,3.01,275.2,-6.297,92.967,1069.350,-7.259
5119,12/04/25 01:00:53 AM,2.67,3.34,286.4,-6.665,95.901,1069.350,-7.224
5120,12/04/25 01:10:53 AM,2.67,3.67,283.6,-6.019,94.778,1069.350,-6.733
5121,12/04/25 01:20:53 AM,3.01,4.68,285.0,-5.472,93.820,1069.350,-6.321
5122,12/04/25 01:30:53 AM,3.67,5.01,293.4,-4.059,89.908,1069.350,-5.476
5123,12/04/25 01:40:53 AM,3.01,4.01,271.0,-4.643,90.108,1069.350,-6.025
5124,12/04/25 01:50:53 AM,3.01,4.68,262.5,-5.375,91.496,1069.350,-6.551
5125,12/04/25 02:00:53 AM,2.67,3.67,256.9,-6.209,93.034,1069.350,-7.163
5126,12/04/25 02:10:53 AM,2.67,4.34,241.5,-6.056,93.310,1069.350,-6.972
5127,12/04/25 02:20:53 AM,3.34,4.68,231.6,-5.643,92.320,1069.350,-6.700
5128,12/04/25 02:30:53 AM,3.34,5.34,230.2,-5.340,91.313,1069.350,-6.543
5129,12/04/25 02:40:53 AM,2.67,4.68,263.9,-4.812,91.476,1069.350,-5.996
5130,12/04/25 02:50:53 AM,3.67,4.68,282.2,-3.552,87.677,1069.350,-5.306
5131,12/04/25 03:00:53 AM,1.34,4.01,217.6,-4.426,88.878,1069.350,-5.990
5132,12/04/25 03:10:53 AM,2.00,4.01,254.1,-4.498,90.851,1069.350,-5.774
5133,12/04/25 03:20:53 AM,1.67,4.01,255.5,-4.611,91.476,1069.350,-5.796
5134,12/04/25 03:30:53 AM,1.67,4.68,266.7,-4.281,90.745,1069.350,-5.575
5135,12/04/25 03:40:53 AM,0.67,4.01,269.6,-4.630,91.455,1069.350,-5.818
5136,12/04/25 03:50:53 AM,2.67,5.01,313.1,-4.241,90.809,1069.350,-5.526
5137,12/04/25 04:00:53 AM,2.00,4.68,299.0,-5.161,90.645,1069.350,-6.461
5138,12/04/25 04:10:53 AM,1.67,4.01,282.2,-5.515,92.180,1069.350,-6.593
5139,12/04/25 04:20:53 AM,1.34,3.01,278.0,-5.024,91.325,1069.350,-6.228
5140,12/04/25 04:30:53 AM,2.67,4.68,303.2,-4.608,89.932,1069.350,-6.016
5141,12/04/25 04:40:53 AM,4.01,6.35,299.0,-4.330,89.265,1069.350,-5.839
5142,12/04/25 04:50:53 AM,4.68,6.68,297.6,-3.895,88.342,1069.350,-5.545
5143,12/04/25 05:00:53 AM,4.34,6.35,303.2,-4.303,88.148,1069.350,-5.977
5144,12/04/25 05:10:53 AM,3.01,5.01,293.4,-4.952,89.763,1069.350,-6.381
5145,12/04/25 05:20:53 AM,3.67,5.01,299.0,-4.206,88.739,1069.350,-5.794
5146,12/04/25 05:30:53 AM,2.67,5.34,300.4,-3.935,87.523,1069.350,-5.707
5147,12/04/25 05:40:53 AM,2.67,4.68,297.6,-4.083,87.814,1069.350,-5.809
5148,12/04/25 05:50:53 AM,3.01,4.68,296.2,-4.040,87.868,1069.350,-5.759
5149,12/04/25 06:00:53 AM,2.34,4.01,278.0,-4.204,87.698,1069.350,-5.946
5150,12/04/25 06:10:53 AM,2.67,4.34,272.4,-4.447,89.085,1069.350,-5.981
5151,12/04/25 06:20:53 AM,2.67,4.68,287.8,-4.131,87.254,1069.350,-5.940
5152,12/04/25 06:30:53 AM,1.67,3.34,266.7,-5.276,90.243,1069.350,-6.632
5153,12/04/25 06:40:53 AM,2.34,4.01,289.2,-4.748,90.076,1069.350,-6.134
5154,12/04/25 06:50:53 AM,1.00,2.67,269.6,-5.249,90.500,1069.350,-6.569
5155,12/04/25 07:00:53 AM,2.34,4.01,296.2,-5.043,90.532,1069.350,-6.360
5156,12/04/25 07:10:53 AM,3.34,4.68,308.9,-5.010,89.979,1069.350,-6.407
5157,12/04/25 07:20:53 AM,3.01,4.34,307.5,-5.228,90.509,1069.350,-6.547
5158,12/04/25 07:30:53 AM,1.67,3.34,299.0,-5.399,91.234,1069.350,-6.612
5159,12/04/25 07:40:53 AM,1.34,2.34,304.7,-5.801,92.094,1069.350,-6.889
5160,12/04/25 07:50:53 AM,1.00,1.67,294.8,-6.080,92.488,1069.350,-7.111
5161,12/04/25 08:00:53 AM,1.00,1.67,254.1,-6.335,93.791,1069.350,-7.183
5162,12/04/25 08:10:53 AM,0.67,1.34,271.0,-6.244,92.639,1069.350,-7.252
5163,12/04/25 08:20:53 AM,1.00,2.00,275.2,-6.801,93.315,1069.350,-7.712
5164,12/04/25 08:30:53 AM,0.67,1.67,299.0,-7.067,94.395,1069.350,-7.828
5165,12/04/25 08:40:53 AM,0.00,0.67,308.9,-6.729,94.441,1069.350,-7.486
5166,12/04/25 08:50:53 AM,0.67,1.67,306.1,-6.324,92.808,1069.350,-7.308
5167,12/04/25 09:00:53 AM,1.34,2.00,287.8,-6.415,92.703,1069.350,-7.413
5168,12/04/25 09:10:53 AM,1.34,2.00,285.0,-6.182,92.428,1069.350,-7.220
5169,12/04/25 09:20:53 AM,1.67,2.67,286.4,-5.761,90.831,1069.350,-7.029
5170,12/04/25 09:30:53 AM,2.00,2.34,289.2,-5.059,90.700,1069.350,-6.352
5171,12/04/25 09:40:53 AM,1.67,2.67,292.0,-4.431,89.189,1069.350,-5.950
5172,12/04/25 09:50:53 AM,1.67,2.67,304.7,-3.346,88.090,1069.350,-5.041
5173,12/04/25 10:00:53 AM,2.34,3.67,311.7,-2.512,85.559,1069.350,-4.604
5174,12/04/25 10:10:53 AM,3.34,5.34,311.7,-2.268,84.967,1069.350,-4.456
5175,12/04/25 10:20:53 AM,3.34,5.01,303.2,-2.115,85.928,1069.350,-4.156
5176,12/04/25 10:30:53 AM,4.01,5.68,304.7,-2.284,86.380,1069.350,-4.253
5177,12/04/25 10:40:53 AM,3.67,5.68,325.7,-1.868,85.332,1069.350,-4.005
5178,12/04/25 10:50:53 AM,3.01,4.68,318.7,-1.370,84.228,1069.350,-3.689
5179,12/04/25 11:00:53 AM,2.34,3.67,307.5,-0.911,84.181,1069.350,-3.246
5180,12/04/25 11:10:53 AM,3.01,4.68,255.5,0.660,81.103,1069.350,-2.208
5181,12/04/25 11:20:53 AM,4.34,7.01,261.1,0.703,80.146,1069.350,-2.326
5182,12/04/25 11:30:53 AM,4.34,6.35,259.7,0.823,80.110,1069.350,-2.215
5183,12/04/25 11:40:53 AM,4.68,6.68,259.7,1.209,78.022,1069.350,-2.196
5184,12/04/25 11:50:53 AM,4.68,6.68,262.5,1.121,77.461,1069.350,-2.379
5185,12/04/25 12:00:53 PM,4.34,6.35,255.5,1.461,76.622,1069.350,-2.195
5186,12/04/25 12:10:53 PM,4.34,6.35,263.9,1.767,74.969,1069.350,-2.193
5187,12/04/25 12:20:53 PM,4.68,6.68,265.3,1.614,74.586,1069.350,-2.410
5188,12/04/25 12:30:53 PM,5.01,7.01,265.3,1.526,74.279,1069.350,-2.551
5189,12/04/25 12:40:53 PM,4.68,7.01,265.3,1.992,72.616,1069.350,-2.406
5190,12/04/25 12:50:53 PM,4.68,7.35,265.3,1.992,71.951,1069.350,-2.530
5191,12/04/25 01:00:53 PM,4.68,7.01,262.5,1.649,72.042,1069.350,-2.844
5192,12/04/25 01:10:53 PM,4.01,6.35,263.9,1.767,72.076,1069.350,-2.723
5193,12/04/25 01:20:53 PM,4.01,7.01,249.9,1.888,71.359,1069.350,-2.741
5194,12/04/25 01:30:53 PM,4.68,6.68,261.1,1.746,70.632,1069.350,-3.016
5195,12/04/25 01:40:53 PM,4.68,7.01,263.9,1.577,70.628,1069.350,-3.179
5196,12/04/25 01:50:53 PM,4.34,7.01,261.1,1.603,71.162,1069.350,-3.053
5197,12/04/25 02:00:53 PM,4.34,6.35,268.1,1.553,71.278,1069.350,-3.079
5198,12/04/25 02:10:53 PM,4.34,6.35,255.5,1.845,70.126,1069.350,-3.017
5199,12/04/25 02:20:53 PM,4.34,6.68,261.1,1.751,69.497,1069.350,-3.228
5200,12/04/25 02:30:53 PM,4.34,6.35,261.1,1.931,68.954,1069.350,-3.160
5201,12/04/25 02:40:53 PM,4.34,6.35,266.7,2.121,68.487,1069.350,-3.069
5202,12/04/25 02:50:53 PM,3.67,5.68,265.3,2.268,67.944,1069.350,-3.035
5203,12/04/25 03:00:53 PM,4.01,6.35,258.3,1.869,68.756,1069.350,-3.258
5204,12/04/25 03:10:53 PM,4.68,7.01,255.5,1.574,69.386,1069.350,-3.419
5205,12/04/25 03:20:53 PM,4.34,7.01,256.9,1.982,68.302,1069.350,-3.239
5206,12/04/25 03:30:53 PM,4.68,7.35,256.9,1.949,68.881,1069.350,-3.157
5207,12/04/25 03:40:53 PM,5.01,8.02,254.1,2.250,68.467,1069.350,-2.949
5208,12/04/25 03:50:53 PM,5.68,9.35,262.5,1.939,68.267,1069.350,-3.287
5209,12/04/25 04:00:53 PM,5.68,8.35,271.0,1.990,67.631,1069.350,-3.363
5210,12/04/25 04:10:53 PM,6.01,9.02,268.1,1.861,67.984,1069.350,-3.417
5211,12/04/25 04:20:53 PM,6.01,8.68,269.6,1.630,69.216,1069.350,-3.398
5212,12/04/25 04:30:53 PM,5.68,7.68,271.0,1.231,71.551,1069.350,-3.338
5213,12/04/25 04:40:53 PM,5.01,7.68,273.8,0.995,73.591,1069.350,-3.190
5214,12/04/25 04:50:53 PM,5.01,6.68,268.1,0.807,74.540,1069.350,-3.200
5215,12/04/25 05:00:53 PM,4.68,7.35,276.6,0.756,76.033,1069.350,-2.984
5216,12/04/25 05:10:53 PM,4.68,7.01,278.0,0.620,77.844,1069.350,-2.800
5217,12/04/25 05:20:53 PM,4.01,5.34,271.0,0.327,80.377,1069.350,-2.654
5218,12/04/25 05:30:53 PM,4.01,6.01,262.5,-0.037,83.207,1069.350,-2.545
5219,12/04/25 05:40:53 PM,3.67,5.34,261.1,-0.222,85.643,1069.350,-2.337
5220,12/04/25 05:50:53 PM,3.34,5.34,261.1,-0.367,88.389,1069.350,-2.054
5221,12/04/25 06:00:53 PM,3.34,5.01,262.5,-0.565,90.185,1069.350,-1.978
5222,12/04/25 06:10:53 PM,3.34,5.01,256.9,-0.927,92.636,1069.350,-1.973
5223,12/04/25 06:20:53 PM,3.34,5.01,255.5,-1.136,93.994,1069.350,-1.984
5224,12/04/25 06:30:53 PM,3.34,5.34,255.5,-1.246,95.009,1069.350,-1.948
5225,12/04/25 06:40:53 PM,3.34,5.34,254.1,-1.214,94.929,1069.350,-1.928
5226,12/04/25 06:50:53 PM,3.34,4.68,258.3,-1.190,95.744,1069.350,-1.788
5227,12/04/25 07:00:53 PM,3.01,4.68,258.3,-1.206,96.135,1069.350,-1.749
5228,12/04/25 07:10:53 PM,3.34,5.34,258.3,-1.203,96.226,1069.350,-1.733
5229,12/04/25 07:20:53 PM,3.01,5.01,259.7,-1.212,96.808,1069.350,-1.660
5230,12/04/25 07:30:53 PM,3.01,4.01,259.7,-1.203,97.490,1069.350,-1.556
5231,12/04/25 07:40:53 PM,2.67,4.68,262.5,-1.158,98.140,1069.350,-1.420
5232,12/04/25 07:50:53 PM,2.34,4.01,262.5,-1.128,98.140,1069.350,-1.390
5233,12/04/25 08:00:53 PM,2.34,4.34,262.5,-1.118,98.421,1069.350,-1.342
5234,12/04/25 08:10:53 PM,2.34,4.01,258.3,-1.120,98.381,1069.350,-1.349
5235,12/04/25 08:20:53 PM,2.00,3.67,266.7,-1.179,98.706,1069.350,-1.363
5236,12/04/25 08:30:53 PM,2.00,3.67,268.1,-1.362,97.954,1069.350,-1.650
5237,12/04/25 08:40:53 PM,1.34,2.67,262.5,-1.724,97.948,1069.350,-2.013
5238,12/04/25 08:50:53 PM,1.67,3.01,261.1,-1.742,98.756,1069.350,-1.919
5239,12/04/25 09:00:53 PM,2.34,3.67,255.5,-1.319,98.363,1069.350,-1.551
5240,12/04/25 09:10:53 PM,2.34,3.34,258.3,-1.327,98.050,1069.350,-1.602
5241,12/04/25 09:20:53 PM,2.67,3.67,258.3,-1.421,98.004,1069.350,-1.702
5242,12/04/25 09:30:53 PM,2.67,3.67,259.7,-1.501,98.009,1069.350,-1.781
5243,12/04/25 09:40:53 PM,2.67,4.01,262.5,-1.590,98.233,1069.350,-1.839
5244,12/04/25 09:50:53 PM,2.67,3.67,268.1,-1.804,98.231,1069.350,-2.054
5245,12/04/25 10:00:53 PM,3.01,5.01,273.8,-1.254,98.531,1069.350,-1.462
5246,12/04/25 10:10:53 PM,3.67,5.68,285.0,-0.335,96.754,1069.350,-0.793
5247,12/04/25 10:20:53 PM,3.67,5.34,289.2,-0.139,96.754,1069.350,-0.597
5248,12/04/25 10:30:53 PM,3.67,5.34,289.2,0.019,96.873,1069.350,-0.422
5249,12/04/25 10:40:53 PM,4.01,6.35,289.2,0.097,97.057,1069.350,-0.319
5250,12/04/25 10:50:53 PM,4.34,6.68,287.8,0.255,96.890,1069.350,-0.185
5251,12/04/25 11:00:53 PM,4.68,7.01,283.6,0.349,97.250,1069.350,-0.040
5252,12/04/25 11:10:53 PM,4.34,7.01,292.0,0.453,97.365,1069.350,0.080
5253,12/04/25 11:20:53 PM,3.67,5.34,296.2,0.432,97.848,1069.350,0.128
5254,12/04/25 11:30:53 PM,4.01,6.01,287.8,0.421,98.149,1069.350,0.159
5255,12/04/25 11:40:53 PM,3.67,5.34,290.6,0.445,98.340,1069.350,0.210
5256,12/04/25 11:50:53 PM,3.67,5.68,297.6,0.523,98.225,1069.350,0.272
5257,12/05/25 12:00:53 AM,3.67,5.68,296.2,0.609,98.140,1069.350,0.346
5258,12/05/25 12:10:53 AM,3.67,6.01,304.7,0.598,98.251,1069.350,0.350
5259,12/05/25 12:20:53 AM,3.67,5.34,313.1,0.547,98.340,1069.350,0.312
5260,12/05/25 12:30:53 AM,3.67,5.68,313.1,0.536,98.282,1069.350,0.293
5261,12/05/25 12:40:53 AM,4.01,6.35,311.7,0.502,98.256,1069.350,0.255
5262,12/05/25 12:50:53 AM,4.01,5.68,306.1,0.427,98.099,1069.350,0.158
5263,12/05/25 01:00:53 AM,4.01,6.01,308.9,0.472,98.096,1069.350,0.202
5264,12/05/25 01:10:53 AM,4.34,6.68,310.3,0.673,97.978,1069.350,0.387
5265,12/05/25 01:20:53 AM,4.01,6.01,307.5,0.813,97.757,1069.350,0.495
5266,12/05/25 01:30:53 AM,4.68,6.35,306.1,0.869,97.966,1069.350,0.581
5267,12/05/25 01:40:53 AM,4.01,6.01,303.2,0.877,98.035,1069.350,0.599
5268,12/05/25 01:50:53 AM,3.67,5.34,301.8,0.872,98.125,1069.350,0.606
5269,12/05/25 02:00:53 AM,3.34,5.34,297.6,0.909,98.215,1069.350,0.656
5270,12/05/25 02:10:53 AM,4.01,6.01,300.4,0.957,98.123,1069.350,0.691
5271,12/05/25 02:20:53 AM,3.67,5.68,304.7,0.901,98.375,1069.350,0.670
5272,12/05/25 02:30:53 AM,3.34,5.34,293.4,0.866,98.653,1069.350,0.675
5273,12/05/25 02:40:53 AM,3.67,5.68,292.0,0.823,98.727,1069.350,0.642
5274,12/05/25 02:50:53 AM,3.34,5.34,285.0,0.684,99.210,1069.350,0.570
5275,12/05/25 03:00:53 AM,3.67,5.68,282.2,0.542,99.370,1069.350,0.451
5276,12/05/25 03:10:53 AM,3.34,4.68,278.0,0.445,99.757,1069.350,0.407
5277,12/05/25 03:20:53 AM,3.34,4.68,282.2,0.464,99.814,1069.350,0.434
5278,12/05/25 03:30:53 AM,3.34,5.34,289.2,0.523,99.495,1069.350,0.449
5279,12/05/25 03:40:53 AM,3.67,5.34,293.4,0.587,99.440,1069.350,0.505
5280,12/05/25 03:50:53 AM,3.67,5.01,292.0,0.606,99.461,1069.350,0.527
5281,12/05/25 04:00:53 AM,4.34,6.01,286.4,0.654,99.371,1069.350,0.563
5282,12/05/25 04:10:53 AM,4.68,6.68,289.2,0.697,99.347,1069.350,0.602
5283,12/05/25 04:20:53 AM,4.68,7.01,289.2,0.705,99.362,1069.350,0.613
5284,12/05/25 04:30:53 AM,4.68,7.01,289.2,0.660,99.428,1069.350,0.577
5285,12/05/25 04:40:53 AM,5.34,7.35,294.8,0.622,99.443,1069.350,0.541
5286,12/05/25 04:50:53 AM,5.01,7.35,299.0,0.625,99.496,1069.350,0.551
5287,12/05/25 05:00:53 AM,5.01,7.01,306.1,0.676,99.120,1069.350,0.550
5288,12/05/25 05:10:53 AM,4.68,7.01,307.5,0.606,99.011,1069.350,0.465
5289,12/05/25 05:20:53 AM,4.34,6.35,314.5,0.550,99.095,1069.350,0.420
5290,12/05/25 05:30:53 AM,5.01,7.68,296.2,0.834,98.720,1069.350,0.652
5291,12/05/25 05:40:53 AM,5.34,7.35,289.2,0.888,98.297,1069.350,0.647
5292,12/05/25 05:50:53 AM,5.01,7.35,290.6,0.799,98.212,1069.350,0.546
5293,12/05/25 06:00:53 AM,5.01,7.35,290.6,0.770,98.105,1069.350,0.502
5294,12/05/25 06:10:53 AM,4.01,7.35,321.5,0.424,97.769,1069.350,0.108
5295,12/05/25 06:20:53 AM,4.01,5.68,324.3,0.078,98.462,1069.350,-0.140
5296,12/05/25 06:30:53 AM,4.01,6.68,324.3,0.381,98.466,1069.350,0.163
5297,12/05/25 06:40:53 AM,4.34,6.68,329.9,0.467,98.161,1069.350,0.207
5298,12/05/25 06:50:53 AM,5.34,8.02,338.3,0.697,97.516,1069.350,0.345
5299,12/05/25 07:00:53 AM,5.34,7.68,329.9,0.826,96.968,1069.350,0.396
5300,12/05/25 07:10:53 AM,5.34,8.68,325.7,0.748,96.890,1069.350,0.307
5301,12/05/25 07:20:53 AM,5.01,6.68,327.1,0.582,97.285,1069.350,0.198
5302,12/05/25 07:30:53 AM,4.68,6.68,322.9,0.729,96.983,1069.350,0.302
5303,12/05/25 07:40:53 AM,5.01,7.35,321.5,0.850,96.669,1069.350,0.378
5304,12/05/25 07:50:53 AM,6.01,7.68,314.5,1.075,95.889,1069.350,0.490
5305,12/05/25 08:00:53 AM,5.34,7.68,300.4,0.990,95.964,1069.350,0.416
5306,12/05/25 08:10:53 AM,4.68,6.35,303.2,0.713,96.481,1069.350,0.214
5307,12/05/25 08:20:53 AM,4.01,5.34,300.4,0.440,97.156,1069.350,0.038
5308,12/05/25 08:30:53 AM,4.34,5.68,303.2,0.365,97.453,1069.350,0.005
5309,12/05/25 08:40:53 AM,4.68,5.68,308.9,-0.013,97.653,1069.350,-0.344
5310,12/05/25 08:50:53 AM,4.68,6.35,307.5,-0.220,97.870,1069.350,-0.521
5311,12/05/25 09:00:53 AM,5.01,6.68,300.4,0.228,97.069,1069.350,-0.186
5312,12/05/25 09:10:53 AM,5.34,6.68,294.8,0.740,95.895,1069.350,0.157
5313,12/05/25 09:20:53 AM,5.01,7.01,292.0,1.134,94.224,1069.350,0.307
5314,12/05/25 09:30:53 AM,5.01,7.35,289.2,1.234,94.015,1069.350,0.376
5315,12/05/25 09:40:53 AM,5.01,6.35,290.6,1.220,94.195,1069.350,0.388
5316,12/05/25 09:50:53 AM,5.34,7.35,290.6,1.311,94.302,1069.350,0.495
5317,12/05/25 10:00:53 AM,5.01,7.01,294.8,1.494,93.935,1069.350,0.623
5318,12/05/25 10:10:53 AM,5.01,6.68,299.0,1.612,93.683,1069.350,0.703
5319,12/05/25 10:20:53 AM,5.01,7.35,300.4,1.885,93.004,1069.350,0.873
5320,12/05/25 10:30:53 AM,5.01,7.35,303.2,2.099,92.384,1069.350,0.993
5321,12/05/25 10:40:53 AM,5.68,8.35,304.7,2.319,91.681,1069.350,1.105
5322,12/05/25 10:50:53 AM,6.01,8.35,307.5,2.550,90.901,1069.350,1.215
5323,12/05/25 11:00:53 AM,5.34,7.68,311.7,2.504,91.548,1069.350,1.268
5324,12/05/25 11:10:53 AM,4.68,6.68,308.9,2.721,91.220,1069.350,1.433
5325,12/05/25 11:20:53 AM,4.34,6.35,300.4,2.646,92.052,1069.350,1.486
5326,12/05/25 11:30:53 AM,4.68,7.35,290.6,2.968,91.742,1069.350,1.758
5327,12/05/25 11:40:53 AM,5.34,8.02,306.1,2.847,91.887,1069.350,1.660
5328,12/05/25 11:50:53 AM,5.01,7.35,320.1,2.915,91.571,1069.350,1.679
5329,12/05/25 12:00:53 PM,5.01,7.01,308.9,2.920,91.350,1069.350,1.650
5330,12/05/25 12:10:53 PM,3.67,6.01,322.9,3.193,91.154,1069.350,1.891
5331,12/05/25 12:20:53 PM,4.68,8.02,317.3,3.496,91.104,1069.350,2.183
5332,12/05/25 12:30:53 PM,5.34,8.02,313.1,4.335,88.412,1069.350,2.592
5333,12/05/25 12:40:53 PM,5.34,8.35,297.6,4.534,87.147,1069.350,2.586
5334,12/05/25 12:50:53 PM,6.01,9.35,292.0,4.276,88.276,1069.350,2.512
5335,12/05/25 01:00:53 PM,5.01,7.68,286.4,4.595,88.746,1069.350,2.902
5336,12/05/25 01:10:53 PM,4.68,7.01,282.2,4.566,88.646,1069.350,2.857
5337,12/05/25 01:20:53 PM,4.34,6.35,275.2,4.282,89.224,1069.350,2.668
5338,12/05/25 01:30:53 PM,4.34,7.01,273.8,3.821,90.695,1069.350,2.442
5339,12/05/25 01:40:53 PM,4.01,5.68,272.4,3.746,91.220,1069.350,2.449
5340,12/05/25 01:50:53 PM,4.34,5.68,289.2,3.601,92.018,1069.350,2.428
5341,12/05/25 02:00:53 PM,4.01,6.35,275.2,3.453,93.306,1069.350,2.476
5342,12/05/25 02:10:53 PM,4.01,6.01,272.4,3.183,95.265,1069.350,2.499
5343,12/05/25 02:20:53 PM,4.34,6.68,276.6,3.124,96.550,1069.350,2.629
5344,12/05/25 02:30:53 PM,4.34,6.68,272.4,3.067,97.572,1069.350,2.720
5345,12/05/25 02:40:53 PM,4.68,7.01,268.1,3.019,99.020,1069.350,2.880
5346,12/05/25 02:50:53 PM,4.01,6.01,271.0,3.038,99.294,1069.350,2.938
5347,12/05/25 03:00:53 PM,4.01,6.35,272.4,3.003,99.435,1069.350,2.923
5348,12/05/25 03:10:53 PM,4.34,6.68,279.4,3.030,99.416,1069.350,2.947
5349,12/05/25 03:20:53 PM,4.68,7.01,283.6,3.126,99.118,1069.350,3.001
5350,12/05/25 03:30:53 PM,4.34,7.01,283.6,3.199,98.959,1069.350,3.051
5351,12/05/25 03:40:53 PM,5.01,7.35,280.8,3.263,98.602,1069.350,3.064
5352,12/05/25 03:50:53 PM,5.01,8.68,278.0,3.268,98.193,1069.350,3.011
5353,12/05/25 04:00:53 PM,5.01,7.68,278.0,3.199,97.754,1069.350,2.878
5354,12/05/25 04:10:53 PM,5.01,7.01,285.0,3.137,97.868,1069.350,2.833
5355,12/05/25 04:20:53 PM,3.67,5.68,272.4,3.126,98.209,1069.350,2.871
5356,12/05/25 04:30:53 PM,3.34,5.34,261.1,3.183,98.645,1069.350,2.990
5357,12/05/25 04:40:53 PM,3.67,6.35,261.1,3.365,98.497,1069.350,3.151
5358,12/05/25 04:50:53 PM,4.68,7.68,258.3,3.488,98.042,1069.350,3.209
5359,12/05/25 05:00:53 PM,6.01,10.02,262.5,3.400,97.797,1069.350,3.085
5360,12/05/25 05:10:53 PM,6.35,10.02,265.3,3.266,97.804,1069.350,2.953
5361,12/05/25 05:20:53 PM,5.01,7.01,265.3,3.024,98.129,1069.350,2.758
5362,12/05/25 05:30:53 PM,4.68,7.68,265.3,3.000,98.199,1069.350,2.744
5363,12/05/25 05:40:53 PM,5.34,8.68,266.7,2.882,97.957,1069.350,2.591
5364,12/05/25 05:50:53 PM,5.01,8.35,263.9,2.748,98.451,1069.350,2.528
5365,12/05/25 06:00:53 PM,4.34,7.01,265.3,2.762,98.837,1069.350,2.597
5366,12/05/25 06:10:53 PM,4.68,7.68,259.7,2.925,98.320,1069.350,2.686
5367,12/05/25 06:20:53 PM,4.34,7.01,265.3,3.089,98.132,1069.350,2.823
5368,12/05/25 06:30:53 PM,3.67,5.68,255.5,3.177,98.177,1069.350,2.917
5369,12/05/25 06:40:53 PM,3.34,5.01,256.9,3.268,98.105,1069.350,2.998
5370,12/05/25 06:50:53 PM,2.67,4.68,251.3,3.421,98.358,1069.350,3.187
5371,12/05/25 07:00:53 PM,1.34,2.67,237.3,3.279,99.535,1069.350,3.213
5372,12/05/25 07:10:53 PM,0.33,2.34,221.8,3.204,99.913,1069.350,3.192
5373,12/05/25 07:20:53 PM,0.00,1.34,220.4,3.225,99.997,1069.350,3.225
5374,12/05/25 07:30:53 PM,0.00,0.00,230.2,3.301,99.997,1069.350,3.301
5375,12/05/25 07:40:53 PM,0.00,0.00,227.4,3.327,99.997,1069.350,3.327
5376,12/05/25 07:50:53 PM,0.67,1.67,237.3,3.225,99.997,1069.350,3.225
5377,12/05/25 08:00:53 PM,1.67,3.67,273.8,3.370,99.997,1069.350,3.370
5378,12/05/25 08:10:53 PM,2.34,4.34,293.4,3.606,99.997,1069.350,3.606
5379,12/05/25 08:20:53 PM,2.34,3.67,282.2,3.687,99.997,1069.350,3.688
5380,12/05/25 08:30:53 PM,1.34,2.34,292.0,3.644,99.997,1069.350,3.644
5381,12/05/25 08:40:53 PM,2.67,4.68,286.4,3.751,99.997,1069.350,3.752
5382,12/05/25 08:50:53 PM,3.34,6.01,293.4,3.783,99.759,1069.350,3.750
5383,12/05/25 09:00:53 PM,3.34,5.34,285.0,3.721,99.838,1069.350,3.699
5384,12/05/25 09:10:53 PM,4.34,6.68,271.0,4.284,99.757,1069.350,4.251
5385,12/05/25 09:20:53 PM,5.68,9.35,266.7,4.587,99.094,1069.350,4.459
5386,12/05/25 09:30:53 PM,5.68,8.35,268.1,4.738,98.790,1069.350,4.566
5387,12/05/25 09:40:53 PM,5.68,9.02,278.0,4.711,99.211,1069.350,4.600
5388,12/05/25 09:50:53 PM,5.01,8.02,279.4,4.767,99.052,1069.350,4.633
5389,12/05/25 10:00:53 PM,4.68,7.01,279.4,4.679,99.562,1069.350,4.619
5390,12/05/25 10:10:53 PM,4.68,8.35,280.8,4.663,99.811,1069.350,4.638
5391,12/05/25 10:20:53 PM,5.34,8.02,275.2,4.813,99.644,1069.350,4.765
5392,12/05/25 10:30:53 PM,5.68,9.02,279.4,4.963,99.495,1069.350,4.893
5393,12/05/25 10:40:53 PM,4.68,7.68,280.8,5.014,99.527,1069.350,4.949
5394,12/05/25 10:50:53 PM,4.01,6.35,283.6,4.995,99.503,1069.350,4.927
5395,12/05/25 11:00:53 PM,5.01,8.35,280.8,4.834,99.399,1069.350,4.750
5396,12/05/25 11:10:53 PM,5.01,7.35,279.4,4.724,98.999,1069.350,4.583
5397,12/05/25 11:20:53 PM,5.34,8.35,289.2,4.601,98.283,1069.350,4.356
5398,12/05/25 11:30:53 PM,5.68,8.02,279.4,4.518,97.629,1069.350,4.178
5399,12/05/25 11:40:53 PM,4.68,7.01,282.2,4.751,97.992,1069.350,4.464
5400,12/05/25 11:50:53 PM,4.01,6.68,283.6,4.965,98.093,1069.350,4.692
5401,12/06/25 12:00:53 AM,4.01,7.35,296.2,4.992,97.533,1069.350,4.637
5402,12/06/25 12:10:53 AM,4.34,10.35,287.8,5.078,97.888,1069.350,4.775
5403,12/06/25 12:20:53 AM,5.68,9.02,272.4,5.322,97.111,1069.350,4.905
5404,12/06/25 12:30:53 AM,6.68,10.69,265.3,5.397,96.265,1069.350,4.854
5405,12/06/25 12:40:53 AM,8.02,11.35,265.3,5.483,95.584,1069.350,4.838
5406,12/06/25 12:50:53 AM,7.01,10.35,269.6,5.365,95.995,1069.350,4.782
5407,12/06/25 01:00:53 AM,7.35,11.02,263.9,5.381,95.866,1069.350,4.778
5408,12/06/25 01:10:53 AM,7.68,11.35,259.7,5.394,94.534,1069.350,4.591
5409,12/06/25 01:20:53 AM,8.02,12.02,262.5,5.330,92.911,1069.350,4.280
5410,12/06/25 01:30:53 AM,7.01,10.69,261.1,5.314,92.567,1069.350,4.211
5411,12/06/25 01:40:53 AM,7.35,11.35,268.1,5.306,92.706,1069.350,4.225
5412,12/06/25 01:50:53 AM,6.68,10.69,268.1,5.311,92.718,1069.350,4.232
5413,12/06/25 02:00:53 AM,8.35,14.03,262.5,5.389,92.053,1069.350,4.206
5414,12/06/25 02:10:53 AM,9.35,13.69,266.7,5.467,90.362,1069.350,4.020
5415,12/06/25 02:20:53 AM,9.02,12.69,263.9,5.459,89.613,1069.350,3.893
5416,12/06/25 02:30:53 AM,8.02,13.36,265.3,5.362,89.247,1069.350,3.739
5417,12/06/25 02:40:53 AM,9.02,13.36,265.3,5.413,88.722,1069.350,3.706
5418,12/06/25 02:50:53 AM,7.68,12.02,275.2,5.067,91.031,1069.350,3.728
5419,12/06/25 03:00:53 AM,9.35,14.03,275.2,4.416,91.212,1069.350,3.112
5420,12/06/25 03:10:53 AM,8.35,12.69,271.0,3.928,91.565,1069.350,2.682
5421,12/06/25 03:20:53 AM,7.68,11.35,271.0,3.990,92.233,1069.350,2.846
5422,12/06/25 03:30:53 AM,6.68,11.02,268.1,3.826,93.127,1069.350,2.820
5423,12/06/25 03:40:53 AM,6.68,10.02,273.8,3.767,92.995,1069.350,2.741
5424,12/06/25 03:50:53 AM,7.68,12.36,275.2,3.158,93.960,1069.350,2.281
5425,12/06/25 04:00:53 AM,6.68,10.69,273.8,2.896,94.530,1069.350,2.105
5426,12/06/25 04:10:53 AM,6.01,9.35,280.8,3.075,93.510,1069.350,2.131
5427,12/06/25 04:20:53 AM,6.01,9.68,279.4,3.322,92.097,1069.350,2.163
5428,12/06/25 04:30:53 AM,6.01,9.02,275.2,3.429,91.527,1069.350,2.182
5429,12/06/25 04:40:53 AM,6.68,9.68,273.8,3.478,90.149,1069.350,2.018
5430,12/06/25 04:50:53 AM,7.35,11.35,276.6,3.491,87.996,1069.350,1.693
5431,12/06/25 05:00:53 AM,6.01,9.35,278.0,3.301,88.759,1069.350,1.626
5432,12/06/25 05:10:53 AM,5.68,8.35,279.4,3.311,88.997,1069.350,1.673
5433,12/06/25 05:20:53 AM,6.35,9.68,276.6,3.392,89.004,1069.350,1.754
5434,12/06/25 05:30:53 AM,6.35,9.68,279.4,3.405,89.189,1069.350,1.796
5435,12/06/25 05:40:53 AM,7.01,11.02,283.6,3.410,88.032,1069.350,1.619
5436,12/06/25 05:50:53 AM,5.68,9.35,285.0,3.212,88.563,1069.350,1.507
5437,12/06/25 06:00:53 AM,7.35,10.69,286.4,3.333,85.722,1069.350,1.173
5438,12/06/25 06:10:53 AM,6.01,9.02,283.6,3.209,86.584,1069.350,1.190
5439,12/06/25 06:20:53 AM,5.34,9.02,283.6,3.145,87.192,1069.350,1.224
5440,12/06/25 06:30:53 AM,7.35,11.35,285.0,3.258,84.665,1069.350,0.927
5441,12/06/25 06:40:53 AM,7.68,12.69,283.6,3.271,83.645,1069.350,0.771
5442,12/06/25 06:50:53 AM,6.68,10.35,285.0,3.132,83.975,1069.350,0.689
5443,12/06/25 07:00:53 AM,6.68,10.35,283.6,3.137,83.355,1069.350,0.592
5444,12/06/25 07:10:53 AM,7.01,11.69,275.2,3.011,83.391,1069.350,0.474
5445,12/06/25 07:20:53 AM,7.35,11.69,275.2,3.027,82.515,1069.350,0.344
5446,12/06/25 07:30:53 AM,5.68,8.68,282.2,2.743,83.659,1069.350,0.256
5447,12/06/25 07:40:53 AM,6.35,9.02,278.0,2.732,82.846,1069.350,0.110
5448,12/06/25 07:50:53 AM,5.68,8.02,280.8,2.515,83.539,1069.350,0.012
5449,12/06/25 08:00:53 AM,6.01,9.02,275.2,2.582,83.862,1069.350,0.131
5450,12/06/25 08:10:53 AM,5.68,8.68,278.0,2.534,84.356,1069.350,0.165
5451,12/06/25 08:20:53 AM,5.01,7.35,276.6,2.429,84.968,1069.350,0.161
5452,12/06/25 08:30:53 AM,6.01,8.68,275.2,2.526,84.182,1069.350,0.129
5453,12/06/25 08:40:53 AM,5.68,9.02,278.0,2.550,83.520,1069.350,0.043
5454,12/06/25 08:50:53 AM,5.34,7.35,275.2,2.314,84.321,1069.350,-0.057
5455,12/06/25 09:00:53 AM,5.68,8.35,273.8,2.309,84.247,1069.350,-0.074
5456,12/06/25 09:10:53 AM,5.34,8.02,278.0,2.386,83.983,1069.350,-0.041
5457,12/06/25 09:20:53 AM,5.34,8.35,283.6,2.660,82.704,1069.350,0.016
5458,12/06/25 09:30:53 AM,5.68,8.35,276.6,2.831,81.691,1069.350,0.014
5459,12/06/25 09:40:53 AM,5.68,8.35,279.4,3.169,80.836,1069.350,0.199
5460,12/06/25 09:50:53 AM,6.01,9.02,279.4,3.335,80.101,1069.350,0.236
5461,12/06/25 10:00:53 AM,5.34,8.02,283.6,3.520,79.574,1069.350,0.325
5462,12/06/25 10:10:53 AM,5.68,8.02,286.4,3.523,78.828,1069.350,0.198
5463,12/06/25 10:20:53 AM,6.01,8.02,285.0,3.526,78.529,1069.350,0.148
5464,12/06/25 10:30:53 AM,6.01,9.02,280.8,3.587,77.813,1069.350,0.082
5465,12/06/25 10:40:53 AM,6.68,10.35,279.4,3.735,76.594,1069.350,0.008
5466,12/06/25 10:50:53 AM,7.01,10.02,279.4,3.700,76.829,1069.350,0.016
5467,12/06/25 11:00:53 AM,6.68,9.68,276.6,3.901,76.168,1069.350,0.092
5468,12/06/25 11:10:53 AM,7.01,10.02,272.4,4.024,75.720,1069.350,0.130
5469,12/06/25 11:20:53 AM,7.01,10.02,276.6,4.145,75.294,1069.350,0.170
5470,12/06/25 11:30:53 AM,6.68,11.69,280.8,4.488,74.047,1069.350,0.272
5471,12/06/25 11:40:53 AM,7.01,10.69,280.8,4.534,73.347,1069.350,0.185
5472,12/06/25 11:50:53 AM,7.35,10.69,282.2,4.255,73.445,1069.350,-0.066
5473,12/06/25 12:00:53 PM,7.35,10.35,279.4,4.405,72.691,1069.350,-0.063
5474,12/06/25 12:10:53 PM,7.35,10.69,280.8,4.488,72.110,1069.350,-0.093
5475,12/06/25 12:20:53 PM,7.01,10.02,275.2,4.520,72.233,1069.350,-0.039
5476,12/06/25 12:30:53 PM,7.01,10.35,280.8,4.874,71.283,1069.350,0.120
5477,12/06/25 12:40:53 PM,6.35,10.02,276.6,5.035,71.429,1069.350,0.303
5478,12/06/25 12:50:53 PM,7.35,10.35,273.8,4.885,70.701,1069.350,0.017
5479,12/06/25 01:00:53 PM,7.68,11.02,285.0,5.035,69.375,1069.350,-0.099
5480,12/06/25 01:10:53 PM,8.35,12.36,279.4,5.041,68.583,1069.350,-0.251
5481,12/06/25 01:20:53 PM,8.02,12.36,276.6,5.054,68.959,1069.350,-0.164
5482,12/06/25 01:30:53 PM,7.35,10.69,275.2,5.145,69.126,1069.350,-0.043
5483,12/06/25 01:40:53 PM,7.35,10.69,278.0,5.105,70.059,1069.350,0.103
5484,12/06/25 01:50:53 PM,6.68,10.35,280.8,5.247,69.720,1069.350,0.173
5485,12/06/25 02:00:53 PM,7.01,11.35,275.2,5.274,69.110,1069.350,0.078
5486,12/06/25 02:10:53 PM,7.01,10.02,279.4,5.338,68.794,1069.350,0.076
5487,12/06/25 02:20:53 PM,7.68,10.69,275.2,5.252,68.504,1069.350,-0.065
5488,12/06/25 02:30:53 PM,7.68,11.35,272.4,5.311,68.292,1069.350,-0.051
5489,12/06/25 02:40:53 PM,7.68,11.35,276.6,5.244,67.721,1069.350,-0.230
5490,12/06/25 02:50:53 PM,7.01,11.02,271.0,5.266,68.957,1069.350,0.039
5491,12/06/25 03:00:53 PM,7.68,12.02,265.3,5.121,69.038,1069.350,-0.084
5492,12/06/25 03:10:53 PM,7.35,10.02,263.9,5.188,68.931,1069.350,-0.041
5493,12/06/25 03:20:53 PM,7.01,10.02,262.5,5.089,69.703,1069.350,0.018
5494,12/06/25 03:30:53 PM,7.01,10.69,266.7,4.762,69.969,1069.350,-0.244
5495,12/06/25 03:40:53 PM,7.35,10.35,269.6,4.352,71.087,1069.350,-0.421
5496,12/06/25 03:50:53 PM,7.01,9.68,276.6,4.518,70.561,1069.350,-0.363
5497,12/06/25 04:00:53 PM,7.35,11.02,272.4,4.944,68.733,1069.350,-0.314
5498,12/06/25 04:10:53 PM,7.35,10.69,273.8,4.872,68.153,1069.350,-0.499
5499,12/06/25 04:20:53 PM,6.68,10.02,279.4,4.936,67.092,1069.350,-0.653
5500,12/06/25 04:30:53 PM,6.35,9.35,273.8,4.933,68.673,1069.350,-0.337
5501,12/06/25 04:40:53 PM,7.01,9.68,268.1,4.502,71.014,1069.350,-0.290
5502,12/06/25 04:50:53 PM,6.35,8.68,275.2,3.912,73.196,1069.350,-0.444
5503,12/06/25 05:00:53 PM,6.35,9.68,275.2,4.006,73.136,1069.350,-0.364
5504,12/06/25 05:10:53 PM,5.01,7.35,275.2,3.494,75.332,1069.350,-0.454
5505,12/06/25 05:20:53 PM,4.34,7.01,266.7,3.368,76.736,1069.350,-0.323
5506,12/06/25 05:30:53 PM,4.01,6.01,262.5,3.601,76.493,1069.350,-0.140
5507,12/06/25 05:40:53 PM,4.68,7.01,263.9,3.325,76.779,1069.350,-0.357
5508,12/06/25 05:50:53 PM,4.34,6.68,269.6,3.167,77.556,1069.350,-0.372
5509,12/06/25 06:00:53 PM,4.34,6.68,268.1,2.786,78.654,1069.350,-0.550
5510,12/06/25 06:10:53 PM,3.67,6.01,269.6,2.633,79.985,1069.350,-0.470
5511,12/06/25 06:20:53 PM,4.01,6.01,273.8,2.641,79.997,1069.350,-0.460
5512,12/06/25 06:30:53 PM,3.67,5.34,272.4,2.545,80.168,1069.350,-0.524
5513,12/06/25 06:40:53 PM,3.01,4.34,280.8,2.317,80.851,1069.350,-0.631
5514,12/06/25 06:50:53 PM,3.01,4.01,280.8,2.073,81.154,1069.350,-0.818
5515,12/06/25 07:00:53 PM,2.67,4.01,275.2,1.660,82.560,1069.350,-0.987
5516,12/06/25 07:10:53 PM,2.67,4.01,275.2,1.703,82.296,1069.350,-0.989
5517,12/06/25 07:20:53 PM,3.01,3.67,262.5,1.424,82.893,1069.350,-1.164
5518,12/06/25 07:30:53 PM,3.01,4.01,262.5,0.973,84.602,1069.350,-1.328
5519,12/06/25 07:40:53 PM,3.01,3.67,269.6,0.770,85.359,1069.350,-1.407
5520,12/06/25 07:50:53 PM,3.01,4.01,280.8,0.826,84.813,1069.350,-1.439
5521,12/06/25 08:00:53 PM,3.67,5.01,272.4,1.199,83.285,1069.350,-1.320
5522,12/06/25 08:10:53 PM,3.67,4.68,266.7,0.898,84.514,1069.350,-1.416
5523,12/06/25 08:20:53 PM,3.34,4.68,273.8,0.440,85.946,1069.350,-1.638
5524,12/06/25 08:30:53 PM,4.01,5.68,275.2,0.491,85.617,1069.350,-1.640
5525,12/06/25 08:40:53 PM,4.01,5.68,273.8,0.869,84.450,1069.350,-1.455
5526,12/06/25 08:50:53 PM,5.68,9.68,271.0,1.295,84.326,1069.350,-1.057
5527,12/06/25 09:00:53 PM,6.35,8.35,269.6,1.896,82.930,1069.350,-0.695
5528,12/06/25 09:10:53 PM,5.34,8.35,276.6,1.598,85.498,1069.350,-0.570
5529,12/06/25 09:20:53 PM,5.01,7.35,280.8,1.070,87.924,1069.350,-0.707
5530,12/06/25 09:30:53 PM,5.01,7.68,286.4,1.193,87.518,1069.350,-0.649
5531,12/06/25 09:40:53 PM,4.68,6.35,293.4,1.250,87.025,1069.350,-0.670
5532,12/06/25 09:50:53 PM,4.01,5.34,294.8,0.992,87.532,1069.350,-0.845
5533,12/06/25 10:00:53 PM,3.01,4.68,296.2,0.818,86.171,1069.350,-1.231
5534,12/06/25 10:10:53 PM,3.67,6.01,287.8,1.102,84.070,1069.350,-1.288
5535,12/06/25 10:20:53 PM,5.68,8.35,273.8,1.402,82.281,1069.350,-1.286
5536,12/06/25 10:30:53 PM,5.34,7.68,280.8,1.209,82.795,1069.350,-1.391
5537,12/06/25 10:40:53 PM,4.68,6.68,286.4,1.046,83.198,1069.350,-1.484
5538,12/06/25 10:50:53 PM,4.01,6.01,287.8,0.928,83.593,1069.350,-1.536
5539,12/06/25 11:00:53 PM,4.01,6.35,293.4,0.888,83.330,1069.350,-1.618
5540,12/06/25 11:10:53 PM,4.68,7.35,292.0,1.102,82.238,1069.350,-1.587
5541,12/06/25 11:20:53 PM,5.34,7.68,294.8,1.148,81.799,1069.350,-1.615
5542,12/06/25 11:30:53 PM,4.34,5.68,300.4,0.990,81.920,1069.350,-1.749
5543,12/06/25 11:40:53 PM,4.01,6.35,299.0,0.893,81.857,1069.350,-1.855
5544,12/06/25 11:50:53 PM,4.01,6.01,294.8,0.992,81.245,1069.350,-1.860
5545,12/07/25 12:00:53 AM,2.67,5.01,310.3,0.783,81.505,1069.350,-2.021
5546,12/07/25 12:10:53 AM,2.00,3.01,286.4,0.563,82.191,1069.350,-2.123
5547,12/07/25 12:20:53 AM,2.34,4.01,247.1,0.183,83.772,1069.350,-2.238
5548,12/07/25 12:30:53 AM,1.67,2.67,230.2,-0.075,84.681,1069.350,-2.345
5549,12/07/25 12:40:53 AM,0.33,1.34,203.6,-0.206,84.553,1069.350,-2.494
5550,12/07/25 12:50:53 AM,0.00,1.00,75.8,-0.354,85.139,1069.350,-2.547
5551,12/07/25 01:00:53 AM,0.33,1.34,85.6,-0.388,84.936,1069.350,-2.612
5552,12/07/25 01:10:53 AM,1.00,2.00,259.7,-1.120,86.059,1069.350,-3.156
5553,12/07/25 01:20:53 AM,1.00,1.67,348.2,-2.080,89.296,1069.350,-3.609
5554,12/07/25 01:30:53 AM,1.00,2.00,324.3,-1.506,87.799,1069.350,-3.268
5555,12/07/25 01:40:53 AM,2.34,3.34,308.9,-0.694,84.723,1069.350,-2.947
5556,12/07/25 01:50:53 AM,2.67,3.67,314.5,-0.667,84.710,1069.350,-2.922
5557,12/07/25 02:00:53 AM,2.67,3.34,317.3,-0.860,85.344,1069.350,-3.012
5558,12/07/25 02:10:53 AM,2.00,3.01,307.5,-1.187,86.261,1069.350,-3.191
5559,12/07/25 02:20:53 AM,2.00,3.34,300.4,-1.118,86.342,1069.350,-3.110
5560,12/07/25 02:30:53 AM,1.34,2.34,308.9,-1.035,85.759,1069.350,-3.119
5561,12/07/25 02:40:53 AM,1.00,2.00,283.6,-1.718,87.726,1069.350,-3.489
5562,12/07/25 02:50:53 AM,1.34,2.67,252.7,-2.040,88.722,1069.350,-3.656
5563,12/07/25 03:00:53 AM,1.67,3.01,276.6,-2.391,89.502,1069.350,-3.886
5564,12/07/25 03:10:53 AM,2.00,2.67,279.4,-2.563,90.397,1069.350,-3.924
5565,12/07/25 03:20:53 AM,2.34,3.01,271.0,-2.651,90.344,1069.350,-4.019
5566,12/07/25 03:30:53 AM,2.00,2.67,282.2,-2.246,90.175,1069.350,-3.643
5567,12/07/25 03:40:53 AM,1.67,2.00,280.8,-1.525,88.110,1069.350,-3.240
5568,12/07/25 03:50:53 AM,1.34,2.00,273.8,-1.201,86.926,1069.350,-3.102
5569,12/07/25 04:00:53 AM,1.00,1.67,287.8,-1.198,86.545,1069.350,-3.157
5570,12/07/25 04:10:53 AM,1.34,2.00,279.4,-0.973,85.431,1069.350,-3.110
5571,12/07/25 04:20:53 AM,1.34,2.00,265.3,-0.965,84.950,1069.350,-3.177
5572,12/07/25 04:30:53 AM,0.00,0.67,269.6,-1.584,86.961,1069.350,-3.474
5573,12/07/25 04:40:53 AM,0.00,0.33,272.4,-2.051,89.229,1069.350,-3.591
5574,12/07/25 04:50:53 AM,0.00,0.00,227.4,-2.485,90.658,1069.350,-3.808
5575,12/07/25 05:00:53 AM,0.00,0.00,217.6,-1.914,89.346,1069.350,-3.438
5576,12/07/25 05:10:53 AM,0.67,1.34,273.8,-1.745,88.734,1069.350,-3.363
5577,12/07/25 05:20:53 AM,1.00,1.67,273.8,-1.254,87.381,1069.350,-3.084
5578,12/07/25 05:30:53 AM,0.33,0.67,273.8,-1.153,87.225,1069.350,-3.008
5579,12/07/25 05:40:53 AM,1.00,2.00,273.8,-1.069,86.905,1069.350,-2.975
5580,12/07/25 05:50:53 AM,1.67,2.34,269.6,-0.764,85.789,1069.350,-2.848
5581,12/07/25 06:00:53 AM,1.67,2.34,268.1,-0.635,85.722,1069.350,-2.731
5582,12/07/25 06:10:53 AM,1.67,2.34,269.6,-0.346,84.630,1069.350,-2.620
5583,12/07/25 06:20:53 AM,2.00,2.67,263.9,-0.040,82.849,1069.350,-2.606
5584,12/07/25 06:30:53 AM,1.67,2.00,273.8,-0.083,82.986,1069.350,-2.626
5585,12/07/25 06:40:53 AM,1.34,1.67,278.0,0.102,81.456,1069.350,-2.695
5586,12/07/25 06:50:53 AM,0.67,1.00,279.4,-0.064,81.736,1069.350,-2.811
5587,12/07/25 07:00:53 AM,0.67,1.34,282.2,-0.399,83.044,1069.350,-2.926
5588,12/07/25 07:10:53 AM,1.00,1.34,296.2,-0.590,84.158,1069.350,-2.935
5589,12/07/25 07:20:53 AM,1.00,1.34,296.2,-0.635,84.215,1069.350,-2.970
5590,12/07/25 07:30:53 AM,1.00,1.67,317.3,-0.657,83.809,1069.350,-3.056
5591,12/07/25 07:40:53 AM,0.00,1.00,262.5,-1.118,86.227,1069.350,-3.128
5592,12/07/25 07:50:53 AM,0.67,1.34,258.3,-1.254,87.047,1069.350,-3.135
5593,12/07/25 08:00:53 AM,0.00,1.00,254.1,-1.311,87.283,1069.350,-3.155
5594,12/07/25 08:10:53 AM,0.67,1.67,249.9,-1.321,87.407,1069.350,-3.146
5595,12/07/25 08:20:53 AM,1.34,1.67,233.1,-1.222,87.672,1069.350,-3.008
5596,12/07/25 08:30:53 AM,1.00,1.34,262.5,-1.134,87.478,1069.350,-2.951
5597,12/07/25 08:40:53 AM,1.34,1.67,296.2,-1.203,87.988,1069.350,-2.941
5598,12/07/25 08:50:53 AM,1.34,1.67,296.2,-1.029,87.179,1069.350,-2.893
5599,12/07/25 09:00:53 AM,1.00,1.34,296.2,-0.887,86.941,1069.350,-2.790
5600,12/07/25 09:10:53 AM,1.34,1.67,296.2,-0.646,86.354,1069.350,-2.643
5601,12/07/25 09:20:53 AM,1.00,1.67,289.2,-0.678,86.648,1069.350,-2.629
5602,12/07/25 09:30:53 AM,0.67,1.00,276.6,-0.785,88.118,1069.350,-2.508
5603,12/07/25 09:40:53 AM,0.67,1.00,276.6,-0.726,88.087,1069.350,-2.455
5604,12/07/25 09:50:53 AM,1.00,1.67,275.2,0.116,83.665,1069.350,-2.321
5605,12/07/25 10:00:53 AM,1.34,1.67,285.0,0.510,82.878,1069.350,-2.062
5606,12/07/25 10:10:53 AM,1.00,1.34,285.0,1.062,79.658,1069.350,-2.058
5607,12/07/25 10:20:53 AM,1.00,1.67,279.4,1.392,78.517,1069.350,-1.932
5608,12/07/25 10:30:53 AM,1.00,1.67,276.6,1.582,78.105,1069.350,-1.818
5609,12/07/25 10:40:53 AM,1.00,1.67,280.8,1.799,78.236,1069.350,-1.584
5610,12/07/25 10:50:53 AM,1.67,2.34,313.1,2.209,76.402,1069.350,-1.508
5611,12/07/25 11:00:53 AM,2.00,2.67,328.5,2.142,75.930,1069.350,-1.657
5612,12/07/25 11:10:53 AM,2.00,3.01,329.9,2.421,74.174,1069.350,-1.704
5613,12/07/25 11:20:53 AM,2.34,3.67,329.9,2.416,75.096,1069.350,-1.541
5614,12/07/25 11:30:53 AM,2.67,4.01,331.3,2.250,78.108,1069.350,-1.167
5615,12/07/25 11:40:53 AM,2.67,4.01,332.7,2.089,81.184,1069.350,-0.797
5616,12/07/25 11:50:53 AM,2.34,3.67,328.5,2.067,82.446,1069.350,-0.608
5617,12/07/25 12:00:53 PM,2.00,3.01,325.7,2.089,82.873,1069.350,-0.515
5618,12/07/25 12:10:53 PM,2.34,3.34,325.7,1.963,83.880,1069.350,-0.473
5619,12/07/25 12:20:53 PM,2.00,3.01,328.5,1.968,83.763,1069.350,-0.488
5620,12/07/25 12:30:53 PM,1.00,2.00,325.7,2.303,82.232,1069.350,-0.412
5621,12/07/25 12:40:53 PM,1.00,1.67,320.1,2.478,81.135,1069.350,-0.425
5622,12/07/25 12:50:53 PM,1.34,1.67,334.1,2.550,81.328,1069.350,-0.322
5623,12/07/25 01:00:53 PM,0.67,1.34,318.7,2.668,81.143,1069.350,-0.238
5624,12/07/25 01:10:53 PM,0.67,1.34,355.2,2.743,81.025,1069.350,-0.185
5625,12/07/25 01:20:53 PM,0.33,1.00,110.9,3.065,79.561,1069.350,-0.121
5626,12/07/25 01:30:53 PM,1.00,2.00,133.4,3.236,78.627,1069.350,-0.117
5627,12/07/25 01:40:53 PM,1.00,2.00,133.4,2.957,80.278,1069.350,-0.103
5628,12/07/25 01:50:53 PM,1.67,2.67,112.3,2.754,84.907,1069.350,0.471
5629,12/07/25 02:00:53 PM,1.34,2.34,115.1,2.625,85.742,1069.350,0.479
5630,12/07/25 02:10:53 PM,1.67,2.67,139.0,2.620,85.840,1069.350,0.490
5631,12/07/25 02:20:53 PM,1.67,2.34,123.5,2.695,85.412,1069.350,0.495
5632,12/07/25 02:30:53 PM,1.00,2.00,99.7,2.947,84.205,1069.350,0.546
5633,12/07/25 02:40:53 PM,1.00,2.00,105.3,3.354,81.991,1069.350,0.576
5634,12/07/25 02:50:53 PM,1.00,1.67,96.9,3.325,81.321,1069.350,0.434
5635,12/07/25 03:00:53 PM,0.33,1.67,82.8,3.172,81.161,1069.350,0.258
5636,12/07/25 03:10:53 PM,0.33,1.00,74.4,3.180,81.169,1069.350,0.267
5637,12/07/25 03:20:53 PM,0.33,1.34,88.4,2.987,82.173,1069.350,0.248
5638,12/07/25 03:30:53 PM,0.00,0.00,110.9,2.861,82.213,1069.350,0.131
5639,12/07/25 03:40:53 PM,0.00,0.00,117.9,2.807,82.741,1069.350,0.166
5640,12/07/25 03:50:53 PM,0.00,0.00,136.2,2.638,83.101,1069.350,0.060
5641,12/07/25 04:00:53 PM,0.00,0.00,136.2,2.636,83.355,1069.350,0.101
5642,12/07/25 04:10:53 PM,0.00,0.00,136.2,2.595,84.294,1069.350,0.215
5643,12/07/25 04:20:53 PM,0.00,0.00,136.2,2.496,85.640,1069.350,0.336
5644,12/07/25 04:30:53 PM,0.00,0.00,136.2,2.496,86.766,1069.350,0.516
5645,12/07/25 04:40:53 PM,0.00,0.00,136.2,2.641,86.152,1069.350,0.561
5646,12/07/25 04:50:53 PM,0.33,1.00,160.0,2.504,86.944,1069.350,0.553
5647,12/07/25 05:00:53 PM,0.00,1.00,203.6,2.402,87.971,1069.350,0.614
5648,12/07/25 05:10:53 PM,0.00,0.00,205.0,2.284,88.392,1069.350,0.564
5649,12/07/25 05:20:53 PM,0.00,0.00,205.0,2.164,89.491,1069.350,0.616
5650,12/07/25 05:30:53 PM,0.00,0.00,205.0,1.982,90.790,1069.350,0.636
5651,12/07/25 05:40:53 PM,0.00,0.00,205.0,1.823,91.365,1069.350,0.565
5652,12/07/25 05:50:53 PM,0.00,0.00,205.0,1.770,91.597,1069.350,0.548
5653,12/07/25 06:00:53 PM,0.00,1.34,205.0,1.668,92.470,1069.350,0.578
5654,12/07/25 06:10:53 PM,1.00,1.67,220.4,1.526,93.028,1069.350,0.520
5655,12/07/25 06:20:53 PM,0.33,1.00,247.1,1.419,93.892,1069.350,0.542
5656,12/07/25 06:30:53 PM,0.00,1.34,245.7,1.295,94.668,1069.350,0.532
5657,12/07/25 06:40:53 PM,1.00,1.67,230.2,1.274,95.076,1069.350,0.571
5658,12/07/25 06:50:53 PM,1.67,2.67,233.1,1.284,95.230,1069.350,0.603
5659,12/07/25 07:00:53 PM,2.00,3.34,242.9,1.177,95.744,1069.350,0.571
5660,12/07/25 07:10:53 PM,1.34,2.00,268.1,1.027,96.347,1069.350,0.508
5661,12/07/25 07:20:53 PM,1.34,1.67,272.4,0.984,96.387,1069.350,0.471
5662,12/07/25 07:30:53 PM,1.67,2.00,261.1,0.957,96.635,1069.350,0.480
5663,12/07/25 07:40:53 PM,1.00,1.67,285.0,0.845,97.066,1069.350,0.429
5664,12/07/25 07:50:53 PM,0.67,1.34,296.2,0.890,97.302,1069.350,0.508
5665,12/07/25 08:00:53 PM,0.67,2.00,314.5,0.904,97.099,1069.350,0.493
5666,12/07/25 08:10:53 PM,0.33,1.00,325.7,1.108,96.278,1069.350,0.579
5667,12/07/25 08:20:53 PM,0.00,0.00,325.7,1.153,96.210,1069.350,0.614
5668,12/07/25 08:30:53 PM,0.67,1.00,325.7,1.175,96.899,1069.350,0.735
5669,12/07/25 08:40:53 PM,0.00,1.00,325.7,1.081,97.484,1069.350,0.724
5670,12/07/25 08:50:53 PM,0.67,1.34,249.9,1.330,97.470,1069.350,0.971
5671,12/07/25 09:00:53 PM,0.00,0.00,228.8,1.242,97.629,1069.350,0.906
5672,12/07/25 09:10:53 PM,0.00,0.00,228.8,1.357,97.133,1069.350,0.950
5673,12/07/25 09:20:53 PM,0.00,0.00,228.8,1.231,97.504,1069.350,0.877
5674,12/07/25 09:30:53 PM,0.00,0.00,228.8,1.239,97.583,1069.350,0.896
5675,12/07/25 09:40:53 PM,0.00,0.00,228.8,1.046,98.102,1069.350,0.777
5676,12/07/25 09:50:53 PM,0.00,1.00,228.8,1.081,98.291,1069.350,0.839
5677,12/07/25 10:00:53 PM,0.00,1.00,240.1,0.700,98.878,1069.350,0.540
5678,12/07/25 10:10:53 PM,0.33,1.00,308.9,0.467,99.971,1069.350,0.459
5679,12/07/25 10:20:53 PM,0.67,1.67,258.3,0.877,99.568,1069.350,0.813
5680,12/07/25 10:30:53 PM,0.67,1.67,238.7,0.451,99.382,1069.350,0.361
5681,12/07/25 10:40:53 PM,0.00,0.00,279.4,0.448,99.994,1069.350,0.443
5682,12/07/25 10:50:53 PM,1.00,2.67,259.7,0.507,99.622,1069.350,0.450
5683,12/07/25 11:00:53 PM,2.34,3.01,259.7,0.134,99.356,1069.350,0.040
5684,12/07/25 11:10:53 PM,2.00,2.67,271.0,-0.276,99.916,1069.350,-0.293
5685,12/07/25 11:20:53 PM,2.00,2.34,289.2,0.019,99.925,1069.350,0.004
5686,12/07/25 11:30:53 PM,1.67,2.67,286.4,0.582,99.147,1069.350,0.460
5687,12/07/25 11:40:53 PM,2.00,2.67,285.0,1.204,98.436,1069.350,0.982
5688,12/07/25 11:50:53 PM,2.00,2.67,269.6,1.515,97.209,1069.350,1.119
5689,12/08/25 12:00:53 AM,1.34,2.34,276.6,1.510,97.588,1069.350,1.168
5690,12/08/25 12:10:53 AM,1.34,2.67,276.6,1.526,97.409,1069.350,1.158
5691,12/08/25 12:20:53 AM,2.34,3.67,314.5,1.813,96.490,1069.350,1.313
5692,12/08/25 12:30:53 AM,1.34,2.67,283.6,1.772,96.443,1069.350,1.265
5693,12/08/25 12:40:53 AM,1.00,1.67,278.0,1.689,96.967,1069.350,1.258
5694,12/08/25 12:50:53 AM,1.67,2.67,238.7,1.231,97.797,1069.350,0.919
5695,12/08/25 01:00:53 AM,2.67,4.01,271.0,1.617,98.131,1069.350,1.352
5696,12/08/25 01:10:53 AM,2.67,4.01,273.8,2.164,95.694,1069.350,1.547
5697,12/08/25 01:20:53 AM,3.67,4.68,271.0,1.960,95.831,1069.350,1.364
5698,12/08/25 01:30:53 AM,3.67,5.01,276.6,2.062,95.186,1069.350,1.371
5699,12/08/25 01:40:53 AM,3.67,5.01,272.4,2.108,95.129,1069.350,1.409
5700,12/08/25 01:50:53 AM,3.34,4.34,273.8,2.217,94.704,1069.350,1.455
5701,12/08/25 02:00:53 AM,3.34,4.68,275.2,2.011,95.236,1069.350,1.328
5702,12/08/25 02:10:53 AM,3.34,4.68,279.4,2.504,94.176,1069.350,1.663
5703,12/08/25 02:20:53 AM,3.34,4.34,263.9,2.756,93.118,1069.350,1.755
5704,12/08/25 02:30:53 AM,3.34,4.68,273.8,2.445,94.044,1069.350,1.584
5705,12/08/25 02:40:53 AM,3.01,4.01,269.6,2.220,93.973,1069.350,1.350
5706,12/08/25 02:50:53 AM,2.34,3.67,272.4,1.746,95.212,1069.350,1.061
5707,12/08/25 03:00:53 AM,2.67,3.67,272.4,1.850,94.946,1069.350,1.125
5708,12/08/25 03:10:53 AM,2.34,3.34,272.4,1.689,94.945,1069.350,0.965
5709,12/08/25 03:20:53 AM,2.34,4.01,278.0,1.703,94.751,1069.350,0.950
5710,12/08/25 03:30:53 AM,2.67,4.01,275.2,1.992,93.269,1069.350,1.019
5711,12/08/25 03:40:53 AM,2.34,4.68,273.8,2.041,92.251,1069.350,0.915
5712,12/08/25 03:50:53 AM,2.00,3.67,251.3,1.778,92.345,1069.350,0.668
5713,12/08/25 04:00:53 AM,0.67,2.00,251.3,1.263,94.757,1069.350,0.513
5714,12/08/25 04:10:53 AM,0.67,2.34,263.9,1.290,94.621,1069.350,0.520
5715,12/08/25 04:20:53 AM,2.00,3.01,248.5,1.118,95.212,1069.350,0.435
5716,12/08/25 04:30:53 AM,2.00,3.01,262.5,1.006,96.226,1069.350,0.470
5717,12/08/25 04:40:53 AM,2.00,2.67,247.1,1.016,96.182,1069.350,0.474
5718,12/08/25 04:50:53 AM,2.00,2.67,252.7,0.866,96.019,1069.350,0.301
5719,12/08/25 05:00:53 AM,2.00,3.67,263.9,0.480,96.611,1069.350,0.000
5720,12/08/25 05:10:53 AM,3.01,4.34,258.3,1.322,95.435,1069.350,0.671
5721,12/08/25 05:20:53 AM,2.00,4.01,254.1,1.360,94.937,1069.350,0.636
5722,12/08/25 05:30:53 AM,1.67,2.67,242.9,1.153,95.444,1069.350,0.504
5723,12/08/25 05:40:53 AM,1.67,2.67,258.3,1.220,95.096,1069.350,0.520
5724,12/08/25 05:50:53 AM,1.67,2.67,234.5,0.939,94.995,1069.350,0.225
5725,12/08/25 06:00:53 AM,1.34,2.00,244.3,0.791,95.128,1069.350,0.097
5726,12/08/25 06:10:53 AM,1.34,2.34,237.3,0.646,95.036,1069.350,-0.060
5727,12/08/25 06:20:53 AM,0.33,1.34,224.6,0.453,95.601,1069.350,-0.171
5728,12/08/25 06:30:53 AM,0.33,2.00,224.6,0.443,96.118,1069.350,-0.107
5729,12/08/25 06:40:53 AM,2.67,3.34,221.8,0.274,95.723,1069.350,-0.332
5730,12/08/25 06:50:53 AM,3.01,4.01,224.6,0.341,96.072,1069.350,-0.215
5731,12/08/25 07:00:53 AM,3.01,4.34,234.5,0.687,95.474,1069.350,0.044
5732,12/08/25 07:10:53 AM,2.67,4.34,249.9,0.620,94.670,1069.350,-0.139
5733,12/08/25 07:20:53 AM,2.34,3.67,266.7,-0.611,96.243,1069.350,-1.140
5734,12/08/25 07:30:53 AM,2.00,3.01,280.8,-0.769,97.150,1069.350,-1.170
5735,12/08/25 07:40:53 AM,2.00,3.01,289.2,-0.260,97.081,1069.350,-0.672
5736,12/08/25 07:50:53 AM,1.34,2.34,271.0,0.166,95.546,1069.350,-0.465
5737,12/08/25 08:00:53 AM,0.67,1.67,289.2,-0.399,95.718,1069.350,-1.003
5738,12/08/25 08:10:53 AM,0.67,1.00,289.2,-0.796,96.307,1069.350,-1.316
5739,12/08/25 08:20:53 AM,1.00,2.00,256.9,-1.010,96.464,1069.350,-1.507
5740,12/08/25 08:30:53 AM,1.00,1.67,245.7,-1.383,97.717,1069.350,-1.704
5741,12/08/25 08:40:53 AM,2.00,3.67,262.5,-0.099,97.804,1069.350,-0.409
5742,12/08/25 08:50:53 AM,2.67,4.01,271.0,0.976,95.045,1069.350,0.269
5743,12/08/25 09:00:53 AM,3.01,4.34,265.3,1.276,93.875,1069.350,0.397
5744,12/08/25 09:10:53 AM,2.34,3.34,262.5,1.054,95.108,1069.350,0.356
5745,12/08/25 09:20:53 AM,2.00,3.01,265.3,1.236,94.339,1069.350,0.425
5746,12/08/25 09:30:53 AM,1.34,3.01,271.0,1.301,93.735,1069.350,0.401
5747,12/08/25 09:40:53 AM,0.00,0.33,294.8,1.137,94.481,1069.350,0.348
5748,12/08/25 09:50:53 AM,0.00,1.00,294.8,0.850,95.496,1069.350,0.209
5749,12/08/25 10:00:53 AM,0.33,1.34,251.3,1.260,94.214,1069.350,0.431
5750,12/08/25 10:10:53 AM,0.33,1.34,240.1,1.748,92.873,1069.350,0.718
5751,12/08/25 10:20:53 AM,0.33,1.34,221.8,1.595,94.148,1069.350,0.754
5752,12/08/25 10:30:53 AM,0.67,1.34,255.5,2.129,93.124,1069.350,1.133
5753,12/08/25 10:40:53 AM,2.00,3.34,258.3,2.923,89.970,1069.350,1.441
5754,12/08/25 10:50:53 AM,2.00,3.01,259.7,3.636,86.966,1069.350,1.672
5755,12/08/25 11:00:53 AM,2.00,3.34,254.1,3.558,87.007,1069.350,1.601
5756,12/08/25 11:10:53 AM,2.00,3.34,271.0,3.630,87.572,1069.350,1.763
5757,12/08/25 11:20:53 AM,2.00,3.34,266.7,3.909,86.571,1069.350,1.877
5758,12/08/25 11:30:53 AM,2.34,3.67,256.9,4.089,85.621,1069.350,1.900
5759,12/08/25 11:40:53 AM,3.01,4.01,262.5,4.311,84.367,1069.350,1.912
5760,12/08/25 11:50:53 AM,2.67,4.01,259.7,4.427,84.298,1069.350,2.014
5761,12/08/25 12:00:53 PM,3.01,4.68,259.7,4.416,84.097,1069.350,1.970
5762,12/08/25 12:10:53 PM,3.34,5.01,262.5,4.437,84.543,1069.350,2.064
5763,12/08/25 12:20:53 PM,3.67,5.34,265.3,4.550,84.448,1069.350,2.160
5764,12/08/25 12:30:53 PM,3.34,5.68,261.1,4.738,84.407,1069.350,2.337
5765,12/08/25 12:40:53 PM,3.34,5.01,262.5,4.754,84.237,1069.350,2.325
5766,12/08/25 12:50:53 PM,3.01,4.68,254.1,4.931,83.861,1069.350,2.436
5767,12/08/25 01:00:53 PM,2.67,4.68,256.9,4.939,83.540,1069.350,2.390
5768,12/08/25 01:10:53 PM,3.01,4.68,258.3,4.941,83.795,1069.350,2.435
5769,12/08/25 01:20:53 PM,3.34,4.68,263.9,4.936,83.662,1069.350,2.407
5770,12/08/25 01:30:53 PM,3.67,5.34,269.6,5.183,82.707,1069.350,2.488
5771,12/08/25 01:40:53 PM,3.34,5.68,268.1,5.242,82.528,1069.350,2.515
5772,12/08/25 01:50:53 PM,2.67,4.34,269.6,5.445,82.435,1069.350,2.698
5773,12/08/25 02:00:53 PM,3.01,4.34,263.9,5.469,81.596,1069.350,2.578
5774,12/08/25 02:10:53 PM,3.01,4.34,262.5,5.491,81.424,1069.350,2.570
5775,12/08/25 02:20:53 PM,2.67,4.34,276.6,5.617,81.363,1069.350,2.682
5776,12/08/25 02:30:53 PM,3.01,4.34,258.3,5.842,80.459,1069.350,2.745
5777,12/08/25 02:40:53 PM,2.67,4.01,261.1,5.923,80.444,1069.350,2.821
5778,12/08/25 02:50:53 PM,3.34,4.68,263.9,5.923,80.146,1069.350,2.769
5779,12/08/25 03:00:53 PM,3.34,5.01,256.9,6.105,79.617,1069.350,2.853
5780,12/08/25 03:10:53 PM,3.01,5.01,263.9,6.480,78.607,1069.350,3.038
5781,12/08/25 03:20:53 PM,3.34,5.34,263.9,6.520,77.739,1069.350,2.921
5782,12/08/25 03:30:53 PM,3.01,5.34,265.3,6.872,77.490,1069.350,3.218
5783,12/08/25 03:40:53 PM,3.34,6.01,265.3,6.818,77.520,1069.350,3.171
5784,12/08/25 03:50:53 PM,3.34,5.34,283.6,6.764,77.606,1069.350,3.134
5785,12/08/25 04:00:53 PM,3.01,4.68,293.4,6.654,77.967,1069.350,3.092
5786,12/08/25 04:10:53 PM,3.01,4.68,290.6,6.842,77.673,1069.350,3.222
5787,12/08/25 04:20:53 PM,3.67,5.68,290.6,7.491,75.097,1069.350,3.374
5788,12/08/25 04:30:53 PM,3.34,5.01,289.2,7.263,74.829,1069.350,3.103
5789,12/08/25 04:40:53 PM,2.67,4.34,275.2,7.440,74.658,1069.350,3.242
5790,12/08/25 04:50:53 PM,2.67,5.01,272.4,7.638,73.472,1069.350,3.207
5791,12/08/25 05:00:53 PM,3.01,5.01,272.4,7.378,73.942,1069.350,3.046
5792,12/08/25 05:10:53 PM,3.01,4.34,271.0,6.955,75.296,1069.350,2.893
5793,12/08/25 05:20:53 PM,2.67,4.01,271.0,6.681,76.136,1069.350,2.783
5794,12/08/25 05:30:53 PM,2.34,3.01,271.0,6.499,77.099,1069.350,2.784
5795,12/08/25 05:40:53 PM,1.67,2.67,271.0,6.191,78.187,1069.350,2.682
5796,12/08/25 05:50:53 PM,1.34,2.34,283.6,5.652,79.715,1069.350,2.429
5797,12/08/25 06:00:53 PM,1.67,2.34,290.6,5.086,81.028,1069.350,2.105
5798,12/08/25 06:10:53 PM,1.00,2.34,303.2,4.944,81.447,1069.350,2.039
5799,12/08/25 06:20:53 PM,1.34,2.00,289.2,4.550,82.696,1069.350,1.866
5800,12/08/25 06:30:53 PM,1.34,1.67,286.4,4.113,83.888,1069.350,1.638
5801,12/08/25 06:40:53 PM,0.67,1.34,283.6,3.775,84.778,1069.350,1.453
5802,12/08/25 06:50:53 PM,1.00,1.67,271.0,3.032,87.033,1069.350,1.087
5803,12/08/25 07:00:53 PM,1.00,2.34,285.0,3.108,86.641,1069.350,1.099
5804,12/08/25 07:10:53 PM,2.00,3.01,287.8,3.614,85.183,1069.350,1.361
5805,12/08/25 07:20:53 PM,1.67,3.01,299.0,3.625,85.154,1069.350,1.367
5806,12/08/25 07:30:53 PM,3.01,4.68,321.5,4.083,84.350,1069.350,1.685
5807,12/08/25 07:40:53 PM,3.01,3.67,321.5,4.284,83.836,1069.350,1.797
5808,12/08/25 07:50:53 PM,2.67,4.01,317.3,4.266,84.109,1069.350,1.825
5809,12/08/25 08:00:53 PM,2.67,3.67,321.5,4.413,83.827,1069.350,1.922
5810,12/08/25 08:10:53 PM,3.01,4.34,329.9,4.518,83.764,1069.350,2.014
5811,12/08/25 08:20:53 PM,2.00,4.34,299.0,4.330,83.949,1069.350,1.861
5812,12/08/25 08:30:53 PM,1.34,3.34,252.7,3.118,87.619,1069.350,1.265
5813,12/08/25 08:40:53 PM,2.00,2.67,247.1,3.150,88.157,1069.350,1.382
5814,12/08/25 08:50:53 PM,1.67,2.67,241.5,3.247,87.883,1069.350,1.434
5815,12/08/25 09:00:53 PM,1.00,1.67,266.7,2.949,89.175,1069.350,1.343
5816,12/08/25 09:10:53 PM,1.67,3.01,296.2,3.043,90.314,1069.350,1.613
5817,12/08/25 09:20:53 PM,2.67,4.01,306.1,3.697,89.158,1069.350,2.080
5818,12/08/25 09:30:53 PM,3.01,4.68,311.7,3.842,89.570,1069.350,2.288
5819,12/08/25 09:40:53 PM,3.01,4.34,317.3,3.756,90.860,1069.350,2.403
5820,12/08/25 09:50:53 PM,2.67,4.34,320.1,3.789,91.133,1069.350,2.478
5821,12/08/25 10:00:53 PM,2.34,4.68,306.1,3.842,90.829,1069.350,2.484
5822,12/08/25 10:10:53 PM,1.67,2.67,282.2,3.628,91.954,1069.350,2.445
5823,12/08/25 10:20:53 PM,1.34,2.00,258.3,3.368,93.077,1069.350,2.357
5824,12/08/25 10:30:53 PM,1.67,2.34,266.7,3.279,93.492,1069.350,2.331
5825,12/08/25 10:40:53 PM,1.67,2.34,263.9,3.019,94.168,1069.350,2.174
5826,12/08/25 10:50:53 PM,1.67,2.34,278.0,2.821,94.794,1069.350,2.069
5827,12/08/25 11:00:53 PM,1.34,1.67,275.2,2.660,95.497,1069.350,2.013
5828,12/08/25 11:10:53 PM,1.67,2.67,293.4,2.866,95.421,1069.350,2.207
5829,12/08/25 11:20:53 PM,1.67,2.34,279.4,3.118,94.601,1069.350,2.336
5830,12/08/25 11:30:53 PM,1.67,2.34,283.6,2.813,96.008,1069.350,2.240
5831,12/08/25 11:40:53 PM,1.34,2.00,292.0,3.003,95.979,1069.350,2.425
5832,12/08/25 11:50:53 PM,1.34,2.34,304.7,3.070,95.799,1069.350,2.465
5833,12/09/25 12:00:53 AM,1.34,2.00,268.1,3.397,95.094,1069.350,2.687
5834,12/09/25 12:10:53 AM,1.67,2.34,255.5,3.317,95.143,1069.350,2.615
5835,12/09/25 12:20:53 AM,1.67,2.34,275.2,3.268,95.927,1069.350,2.682
5836,12/09/25 12:30:53 AM,1.67,2.67,286.4,3.536,95.985,1069.350,2.957
5837,12/09/25 12:40:53 AM,1.67,2.34,254.1,3.258,97.189,1069.350,2.856
5838,12/09/25 12:50:53 AM,2.00,2.67,237.3,3.172,97.566,1069.350,2.824
5839,12/09/25 01:00:53 AM,2.00,3.01,230.2,3.049,98.039,1069.350,2.770
5840,12/09/25 01:10:53 AM,1.67,2.67,251.3,3.236,97.992,1069.350,2.950
5841,12/09/25 01:20:53 AM,1.67,2.34,244.3,3.030,98.389,1069.350,2.801
5842,12/09/25 01:30:53 AM,1.67,2.34,258.3,3.011,98.692,1069.350,2.825
5843,12/09/25 01:40:53 AM,1.34,2.00,262.5,2.965,98.703,1069.350,2.781
5844,12/09/25 01:50:53 AM,1.34,2.00,268.1,2.957,99.187,1069.350,2.842
5845,12/09/25 02:00:53 AM,1.34,2.00,283.6,3.183,99.187,1069.350,3.068
5846,12/09/25 02:10:53 AM,0.67,1.34,286.4,3.376,98.379,1069.350,3.145
5847,12/09/25 02:20:53 AM,0.67,1.00,286.4,3.193,98.849,1069.350,3.030
5848,12/09/25 02:30:53 AM,1.00,1.34,285.0,3.242,98.824,1069.350,3.075
5849,12/09/25 02:40:53 AM,1.00,1.34,280.8,3.172,98.782,1069.350,2.999
5850,12/09/25 02:50:53 AM,0.67,1.34,285.0,3.137,99.049,1069.350,3.002
5851,12/09/25 03:00:53 AM,0.00,0.67,285.0,3.105,98.972,1069.350,2.959
5852,12/09/25 03:10:53 AM,0.00,0.00,285.0,3.228,98.576,1069.350,3.026
5853,12/09/25 03:20:53 AM,0.00,0.00,285.0,3.547,97.392,1069.350,3.174
5854,12/09/25 03:30:53 AM,0.33,1.67,299.0,3.319,98.120,1069.350,3.051
5855,12/09/25 03:40:53 AM,0.33,1.67,290.6,3.834,97.896,1069.350,3.533
5856,12/09/25 03:50:53 AM,1.00,2.00,244.3,4.022,97.041,1069.350,3.597
5857,12/09/25 04:00:53 AM,1.34,2.34,203.6,3.335,98.038,1069.350,3.055
5858,12/09/25 04:10:53 AM,0.67,2.00,203.6,3.217,99.266,1069.350,3.113
5859,12/09/25 04:20:53 AM,0.00,0.67,216.2,3.169,99.467,1069.350,3.094
5860,12/09/25 04:30:53 AM,0.00,0.00,206.4,3.306,99.937,1069.350,3.297
5861,12/09/25 04:40:53 AM,0.00,0.00,200.8,3.357,99.937,1069.350,3.348
5862,12/09/25 04:50:53 AM,0.67,2.34,317.3,3.995,99.773,1069.350,3.964
5863,12/09/25 05:00:53 AM,2.34,3.67,301.8,4.904,97.304,1069.350,4.516
5864,12/09/25 05:10:53 AM,2.67,3.67,307.5,5.167,96.252,1069.350,4.623
5865,12/09/25 05:20:53 AM,2.34,3.67,327.1,4.941,97.232,1069.350,4.542
5866,12/09/25 05:30:53 AM,3.01,4.34,324.3,4.952,96.909,1069.350,4.505
5867,12/09/25 05:40:53 AM,1.67,3.01,314.5,4.794,97.414,1069.350,4.422
5868,12/09/25 05:50:53 AM,0.00,1.00,311.7,4.357,98.509,1069.350,4.145
5869,12/09/25 06:00:53 AM,0.33,1.34,299.0,4.148,99.675,1069.350,4.103
5870,12/09/25 06:10:53 AM,1.34,2.34,245.7,4.298,99.402,1069.350,4.214
5871,12/09/25 06:20:53 AM,1.00,1.67,234.5,4.236,99.286,1069.350,4.136
5872,12/09/25 06:30:53 AM,0.00,1.00,235.9,4.081,99.876,1069.350,4.065
5873,12/09/25 06:40:53 AM,1.00,2.00,241.5,4.043,99.997,1069.350,4.044
5874,12/09/25 06:50:53 AM,1.67,3.01,299.0,4.837,98.383,1069.350,4.606
5875,12/09/25 07:00:53 AM,2.67,5.01,299.0,5.402,95.521,1069.350,4.748
5876,12/09/25 07:10:53 AM,2.00,4.01,297.6,5.376,95.657,1069.350,4.742
5877,12/09/25 07:20:53 AM,0.00,0.00,296.2,4.770,97.501,1069.350,4.411
5878,12/09/25 07:30:53 AM,0.33,2.00,287.8,4.593,97.910,1069.350,4.294
5879,12/09/25 07:40:53 AM,2.67,6.68,275.2,5.343,93.820,1069.350,4.432
5880,12/09/25 07:50:53 AM,4.68,7.35,285.0,5.987,89.949,1069.350,4.469
5881,12/09/25 08:00:53 AM,5.34,8.02,289.2,5.917,89.882,1069.350,4.389
5882,12/09/25 08:10:53 AM,4.34,6.35,283.6,5.901,89.354,1069.350,4.289
5883,12/09/25 08:20:53 AM,3.01,6.01,265.3,5.354,91.794,1069.350,4.132
5884,12/09/25 08:30:53 AM,3.34,5.68,276.6,5.317,91.574,1069.350,4.061
5885,12/09/25 08:40:53 AM,3.34,5.01,272.4,5.467,90.391,1069.350,4.024
5886,12/09/25 08:50:53 AM,3.34,5.34,275.2,5.252,91.469,1069.350,3.980
5887,12/09/25 09:00:53 AM,4.01,6.68,278.0,5.515,90.051,1069.350,4.018
5888,12/09/25 09:10:53 AM,5.01,7.35,278.0,6.011,87.160,1069.350,4.043
5889,12/09/25 09:20:53 AM,4.34,6.35,278.0,5.917,87.796,1069.350,4.054
5890,12/09/25 09:30:53 AM,4.34,6.35,283.6,6.129,87.182,1069.350,4.163
5891,12/09/25 09:40:53 AM,4.01,6.35,279.4,6.105,87.715,1069.350,4.226
5892,12/09/25 09:50:53 AM,4.68,7.01,280.8,6.327,86.761,1069.350,4.289
5893,12/09/25 10:00:53 AM,4.01,6.68,280.8,6.250,87.451,1069.350,4.326
5894,12/09/25 10:10:53 AM,3.34,5.34,275.2,6.132,88.951,1069.350,4.453
5895,12/09/25 10:20:53 AM,3.67,5.34,271.0,6.164,89.885,1069.350,4.634
5896,12/09/25 10:30:53 AM,3.34,6.01,273.8,6.411,89.210,1069.350,4.770
5897,12/09/25 10:40:53 AM,3.67,6.01,271.0,6.620,88.243,1069.350,4.820
5898,12/09/25 10:50:53 AM,3.67,5.68,275.2,6.440,89.151,1069.350,4.789
5899,12/09/25 11:00:53 AM,3.34,6.01,273.8,6.175,91.611,1069.350,4.917
5900,12/09/25 11:10:53 AM,4.68,7.01,275.2,6.673,89.598,1069.350,5.091
5901,12/09/25 11:20:53 AM,5.68,8.68,279.4,7.394,86.191,1069.350,5.245
5902,12/09/25 11:30:53 AM,6.01,8.68,278.0,7.612,84.912,1069.350,5.245
5903,12/09/25 11:40:53 AM,5.68,8.35,273.8,7.370,85.856,1069.350,5.166
5904,12/09/25 11:50:53 AM,5.68,7.68,273.8,7.030,86.960,1069.350,5.014
5905,12/09/25 12:00:53 PM,5.68,7.68,278.0,7.000,86.638,1069.350,4.932
5906,12/09/25 12:10:53 PM,5.68,8.02,283.6,7.153,85.606,1069.350,4.910
5907,12/09/25 12:20:53 PM,5.68,8.68,280.8,7.432,84.126,1069.350,4.934
5908,12/09/25 12:30:53 PM,6.01,8.35,283.6,7.510,83.169,1069.350,4.847
5909,12/09/25 12:40:53 PM,6.35,8.68,285.0,7.172,85.380,1069.350,4.891
5910,12/09/25 12:50:53 PM,6.01,9.68,287.8,7.000,86.870,1069.350,4.970
5911,12/09/25 01:00:53 PM,7.01,10.35,286.4,6.952,86.773,1069.350,4.907
5912,12/09/25 01:10:53 PM,7.01,12.36,282.2,6.979,87.684,1069.350,5.083
5913,12/09/25 01:20:53 PM,7.35,10.35,282.2,7.333,86.470,1069.350,5.232
5914,12/09/25 01:30:53 PM,7.01,10.69,278.0,7.601,85.475,1069.350,5.329
5915,12/09/25 01:40:53 PM,8.02,10.69,282.2,7.783,83.496,1069.350,5.171
5916,12/09/25 01:50:53 PM,8.68,13.36,283.6,7.872,82.457,1069.350,5.078
5917,12/09/25 02:00:53 PM,9.35,13.36,283.6,7.866,81.765,1069.350,4.951
5918,12/09/25 02:10:53 PM,9.68,14.03,280.8,7.880,81.552,1069.350,4.928
5919,12/09/25 02:20:53 PM,9.02,13.36,283.6,7.848,81.839,1069.350,4.947
5920,12/09/25 02:30:53 PM,8.35,12.69,286.4,7.842,82.049,1069.350,4.978
5921,12/09/25 02:40:53 PM,9.02,13.36,289.2,7.874,81.469,1069.350,4.907
5922,12/09/25 02:50:53 PM,9.02,12.02,292.0,7.917,80.493,1069.350,4.776
5923,12/09/25 03:00:53 PM,9.02,14.03,290.6,7.904,79.805,1069.350,4.641
5924,12/09/25 03:10:53 PM,7.68,11.35,292.0,7.848,80.081,1069.350,4.636
5925,12/09/25 03:20:53 PM,8.02,11.69,294.8,7.834,80.055,1069.350,4.617
5926,12/09/25 03:30:53 PM,8.02,12.02,292.0,7.810,80.327,1069.350,4.642
5927,12/09/25 03:40:53 PM,9.02,14.03,294.8,7.772,80.479,1069.350,4.632
5928,12/09/25 03:50:53 PM,8.35,13.02,293.4,7.601,81.701,1069.350,4.681
5929,12/09/25 04:00:53 PM,8.68,11.69,289.2,7.432,82.600,1069.350,4.672
5930,12/09/25 04:10:53 PM,8.35,11.69,289.2,7.386,82.733,1069.350,4.650
5931,12/09/25 04:20:53 PM,7.68,11.02,289.2,7.376,82.889,1069.350,4.667
5932,12/09/25 04:30:53 PM,8.68,13.69,289.2,7.494,81.735,1069.350,4.582
5933,12/09/25 04:40:53 PM,7.35,11.35,289.2,7.478,81.851,1069.350,4.587
5934,12/09/25 04:50:53 PM,7.68,10.69,294.8,7.507,81.302,1069.350,4.519
5935,12/09/25 05:00:53 PM,8.35,11.35,293.4,7.571,80.774,1069.350,4.488
5936,12/09/25 05:10:53 PM,7.35,11.35,290.6,7.424,81.444,1069.350,4.463
5937,12/09/25 05:20:53 PM,8.35,12.69,290.6,7.480,81.027,1069.350,4.444
5938,12/09/25 05:30:53 PM,8.35,11.69,290.6,7.440,81.274,1069.350,4.449
5939,12/09/25 05:40:53 PM,8.35,13.02,292.0,7.306,81.781,1069.350,4.406
5940,12/09/25 05:50:53 PM,7.35,10.02,292.0,6.990,82.991,1069.350,4.307
5941,12/09/25 06:00:53 PM,8.02,11.69,294.8,6.850,83.192,1069.350,4.204
5942,12/09/25 06:10:53 PM,8.02,11.35,296.2,6.628,83.621,1069.350,4.060
5943,12/09/25 06:20:53 PM,7.01,11.02,297.6,6.400,84.170,1069.350,3.929
5944,12/09/25 06:30:53 PM,6.35,10.02,297.6,6.193,84.970,1069.350,3.860
5945,12/09/25 06:40:53 PM,6.01,9.68,297.6,6.150,85.556,1069.350,3.916
5946,12/09/25 06:50:53 PM,6.01,9.35,296.2,6.142,86.113,1069.350,4.000
5947,12/09/25 07:00:53 PM,5.68,9.35,301.8,6.142,86.712,1069.350,4.099
5948,12/09/25 07:10:53 PM,5.34,8.68,301.8,6.100,87.593,1069.350,4.202
5949,12/09/25 07:20:53 PM,4.34,7.01,300.4,6.016,88.228,1069.350,4.222
5950,12/09/25 07:30:53 PM,3.34,6.01,297.6,5.906,88.824,1069.350,4.209
5951,12/09/25 07:40:53 PM,2.67,5.68,290.6,5.928,88.824,1069.350,4.231
5952,12/09/25 07:50:53 PM,2.00,4.68,276.6,6.006,88.600,1069.350,4.272
5953,12/09/25 08:00:53 PM,2.00,4.34,248.5,6.228,87.829,1069.350,4.366
5954,12/09/25 08:10:53 PM,1.34,3.01,223.2,6.250,87.684,1069.350,4.364
5955,12/09/25 08:20:53 PM,0.67,2.00,150.2,6.386,87.184,1069.350,4.417
5956,12/09/25 08:30:53 PM,0.67,3.01,213.4,6.456,87.066,1069.350,4.466
5957,12/09/25 08:40:53 PM,0.33,2.00,255.5,6.400,87.315,1069.350,4.452
5958,12/09/25 08:50:53 PM,2.00,4.34,285.0,6.435,87.643,1069.350,4.540
5959,12/09/25 09:00:53 PM,2.00,3.67,269.6,6.389,88.476,1069.350,4.630
5960,12/09/25 09:10:53 PM,1.67,3.34,275.2,6.411,89.039,1069.350,4.743
5961,12/09/25 09:20:53 PM,0.67,2.34,272.4,6.260,90.246,1069.350,4.786
5962,12/09/25 09:30:53 PM,0.33,1.67,256.9,5.928,92.811,1069.350,4.859
5963,12/09/25 09:40:53 PM,0.00,0.00,266.7,5.815,94.015,1069.350,4.931
5964,12/09/25 09:50:53 PM,0.00,0.00,151.6,5.735,94.275,1069.350,4.891
5965,12/09/25 10:00:53 PM,1.00,2.00,106.7,5.617,94.728,1069.350,4.842
5966,12/09/25 10:10:53 PM,0.67,2.00,98.3,5.531,95.752,1069.350,4.911
5967,12/09/25 10:20:53 PM,0.33,1.67,99.7,5.443,96.803,1069.350,4.980
5968,12/09/25 10:30:53 PM,0.67,1.67,78.6,5.413,97.272,1069.350,5.019
5969,12/09/25 10:40:53 PM,0.33,1.00,91.3,5.370,97.850,1069.350,5.061
5970,12/09/25 10:50:53 PM,0.00,0.00,91.3,5.201,98.741,1069.350,5.022
5971,12/09/25 11:00:53 PM,0.00,0.00,91.3,5.100,99.431,1069.350,5.021
5972,12/09/25 11:10:53 PM,0.00,0.00,91.3,5.038,99.773,1069.350,5.008
5973,12/09/25 11:20:53 PM,0.00,1.00,91.3,5.081,99.715,1069.350,5.043
5974,12/09/25 11:30:53 PM,0.67,2.00,164.3,5.145,99.860,1069.350,5.128
5975,12/09/25 11:40:53 PM,1.67,2.67,183.9,5.303,99.763,1069.350,5.272
5976,12/09/25 11:50:53 PM,1.67,2.34,186.7,5.389,99.500,1069.350,5.321
5977,12/10/25 12:00:53 AM,1.67,2.34,202.2,5.456,99.329,1069.350,5.363
5978,12/10/25 12:10:53 AM,0.33,1.34,205.0,5.421,99.222,1069.350,5.312
5979,12/10/25 12:20:53 AM,0.00,0.00,283.6,5.338,99.576,1069.350,5.280
5980,12/10/25 12:30:53 AM,0.00,0.00,202.2,5.354,99.493,1069.350,5.284
5981,12/10/25 12:40:53 AM,0.00,0.00,196.5,5.413,99.452,1069.350,5.338
5982,12/10/25 12:50:53 AM,0.00,0.00,196.5,5.400,99.547,1069.350,5.338
5983,12/10/25 01:00:53 AM,0.00,0.00,196.5,5.456,99.315,1069.350,5.361
5984,12/10/25 01:10:53 AM,0.00,0.00,192.3,5.469,99.190,1069.350,5.356
5985,12/10/25 01:20:53 AM,1.00,2.00,169.9,5.628,98.567,1069.350,5.424
5986,12/10/25 01:30:53 AM,1.67,2.67,181.1,5.815,97.545,1069.350,5.461
5987,12/10/25 01:40:53 AM,2.00,3.01,190.9,5.974,96.486,1069.350,5.462
5988,12/10/25 01:50:53 AM,2.00,3.34,198.0,5.984,96.243,1069.350,5.436
5989,12/10/25 02:00:53 AM,1.67,3.01,192.3,5.848,96.677,1069.350,5.365
5990,12/10/25 02:10:53 AM,2.00,3.01,198.0,5.949,96.178,1069.350,5.391
5991,12/10/25 02:20:53 AM,1.67,2.34,214.8,5.949,96.028,1069.350,5.369
5992,12/10/25 02:30:53 AM,1.34,2.00,224.6,5.949,96.005,1069.350,5.365
5993,12/10/25 02:40:53 AM,0.67,1.34,221.8,5.864,96.338,1069.350,5.330
5994,12/10/25 02:50:53 AM,0.67,1.34,223.2,6.019,95.717,1069.350,5.392
5995,12/10/25 03:00:53 AM,0.33,1.00,227.4,6.073,95.442,1069.350,5.404
5996,12/10/25 03:10:53 AM,0.00,0.00,227.4,6.100,95.225,1069.350,5.398
5997,12/10/25 03:20:53 AM,0.67,1.34,227.4,6.252,94.743,1069.350,5.477
5998,12/10/25 03:30:53 AM,1.00,1.34,227.4,6.196,94.968,1069.350,5.455
5999,12/10/25 03:40:53 AM,1.34,2.00,217.6,6.212,94.902,1069.350,5.461
6000,12/10/25 03:50:53 AM,1.34,1.67,231.6,6.236,94.920,1069.350,5.488
6001,12/10/25 04:00:53 AM,1.00,2.00,247.1,6.411,94.406,1069.350,5.583
6002,12/10/25 04:10:53 AM,0.33,1.67,255.5,6.368,94.768,1069.350,5.596
6003,12/10/25 04:20:53 AM,0.67,2.00,235.9,6.150,95.702,1069.350,5.520
6004,12/10/25 04:30:53 AM,1.67,2.34,212.0,6.097,96.298,1069.350,5.557
6005,12/10/25 04:40:53 AM,1.67,2.00,214.8,6.158,95.694,1069.350,5.527
6006,12/10/25 04:50:53 AM,1.67,2.00,226.0,6.274,95.381,1069.350,5.595
6007,12/10/25 05:00:53 AM,1.34,2.34,252.7,6.220,95.615,1069.350,5.577
6008,12/10/25 05:10:53 AM,1.34,2.00,235.9,6.148,96.158,1069.350,5.587
6009,12/10/25 05:20:53 AM,1.00,2.00,252.7,6.201,96.144,1069.350,5.637
6010,12/10/25 05:30:53 AM,1.34,2.34,238.7,6.330,95.903,1069.350,5.730
6011,12/10/25 05:40:53 AM,1.67,3.01,240.1,6.515,95.030,1069.350,5.782
6012,12/10/25 05:50:53 AM,1.34,2.67,238.7,6.539,94.714,1069.350,5.758
6013,12/10/25 06:00:53 AM,1.67,2.34,214.8,6.121,96.184,1069.350,5.564
6014,12/10/25 06:10:53 AM,2.00,3.01,228.8,6.199,95.787,1069.350,5.582
6015,12/10/25 06:20:53 AM,2.00,4.01,266.7,6.228,95.723,1069.350,5.601
6016,12/10/25 06:30:53 AM,2.67,4.34,275.2,6.515,94.553,1069.350,5.709
6017,12/10/25 06:40:53 AM,3.01,4.34,269.6,6.823,93.184,1069.350,5.805
6018,12/10/25 06:50:53 AM,2.00,3.34,272.4,6.963,92.708,1069.350,5.870
6019,12/10/25 07:00:53 AM,1.34,3.01,261.1,6.936,92.630,1069.350,5.831
6020,12/10/25 07:10:53 AM,0.67,1.67,259.7,6.925,92.346,1069.350,5.776
6021,12/10/25 07:20:53 AM,0.00,0.67,255.5,6.880,92.183,1069.350,5.706
6022,12/10/25 07:30:53 AM,0.00,0.00,255.5,6.850,91.911,1069.350,5.633
6023,12/10/25 07:40:53 AM,1.67,3.67,242.9,7.000,91.319,1069.350,5.689
6024,12/10/25 07:50:53 AM,2.00,3.01,258.3,7.185,90.535,1069.350,5.747
6025,12/10/25 08:00:53 AM,1.00,3.34,262.5,7.180,90.736,1069.350,5.775
6026,12/10/25 08:10:53 AM,1.00,2.67,237.3,7.311,90.364,1069.350,5.845
6027,12/10/25 08:20:53 AM,1.67,3.34,244.3,7.499,89.813,1069.350,5.942
6028,12/10/25 08:30:53 AM,0.33,1.67,228.8,7.405,89.844,1069.350,5.854
6029,12/10/25 08:40:53 AM,1.00,2.67,254.1,7.408,90.372,1069.350,5.942
6030,12/10/25 08:50:53 AM,2.34,4.01,275.2,7.880,89.180,1069.350,6.217
6031,12/10/25 09:00:53 AM,2.00,4.01,268.1,7.925,88.881,1069.350,6.212
6032,12/10/25 09:10:53 AM,2.67,5.34,268.1,8.075,88.344,1069.350,6.273
6033,12/10/25 09:20:53 AM,2.00,4.68,269.6,8.132,87.932,1069.350,6.261
6034,12/10/25 09:30:53 AM,3.01,6.01,261.1,8.298,87.106,1069.350,6.288
6035,12/10/25 09:40:53 AM,2.34,4.34,263.9,8.191,87.068,1069.350,6.176
6036,12/10/25 09:50:53 AM,2.67,4.68,245.7,8.220,86.783,1069.350,6.157
6037,12/10/25 10:00:53 AM,2.34,4.01,240.1,8.681,85.243,1069.350,6.351
6038,12/10/25 10:10:53 AM,2.34,4.01,213.4,8.550,85.875,1069.350,6.330
6039,12/10/25 10:20:53 AM,3.01,4.34,220.4,8.268,87.114,1069.350,6.260
6040,12/10/25 10:30:53 AM,2.34,4.01,221.8,8.298,86.844,1069.350,6.244
6041,12/10/25 10:40:53 AM,1.67,2.67,221.8,8.397,86.766,1069.350,6.329
6042,12/10/25 10:50:53 AM,2.00,3.01,224.6,9.231,84.465,1069.350,6.758
6043,12/10/25 11:00:53 AM,2.34,3.67,231.6,9.738,82.704,1069.350,6.948
6044,12/10/25 11:10:53 AM,3.01,5.01,241.5,10.550,79.867,1069.350,7.232
6045,12/10/25 11:20:53 AM,3.67,5.34,256.9,10.440,79.435,1069.350,7.046
6046,12/10/25 11:30:53 AM,4.01,6.35,259.7,10.188,80.235,1069.350,6.946
6047,12/10/25 11:40:53 AM,4.68,7.01,258.3,10.250,80.143,1069.350,6.990
6048,12/10/25 11:50:53 AM,5.34,7.01,259.7,10.140,80.256,1069.350,6.903
6049,12/10/25 12:00:53 PM,4.68,7.35,259.7,10.805,78.959,1069.350,7.313
6050,12/10/25 12:10:53 PM,5.34,8.02,268.1,10.872,77.790,1069.350,7.160
6051,12/10/25 12:20:53 PM,5.01,7.35,263.9,10.663,77.758,1069.350,6.951
6052,12/10/25 12:30:53 PM,4.68,7.35,268.1,10.067,79.126,1069.350,6.625
6053,12/10/25 12:40:53 PM,4.01,6.68,263.9,10.113,80.034,1069.350,6.836
6054,12/10/25 12:50:53 PM,4.34,6.68,269.6,10.488,78.523,1069.350,6.924
6055,12/10/25 01:00:53 PM,4.68,7.01,268.1,11.124,76.414,1069.350,7.144
6056,12/10/25 01:10:53 PM,5.01,7.68,259.7,11.569,73.902,1069.350,7.087
6057,12/10/25 01:20:53 PM,5.68,9.35,273.8,11.711,71.385,1069.350,6.719
6058,12/10/25 01:30:53 PM,5.34,8.68,276.6,12.038,68.981,1069.350,6.535
6059,12/10/25 01:40:53 PM,6.01,9.35,271.0,12.207,67.343,1069.350,6.347
6060,12/10/25 01:50:53 PM,7.01,11.02,272.4,12.116,65.748,1069.350,5.913
6061,12/10/25 02:00:53 PM,6.68,9.68,282.2,12.008,65.815,1069.350,5.825
6062,12/10/25 02:10:53 PM,6.35,9.35,278.0,11.708,66.850,1069.350,5.764
6063,12/10/25 02:20:53 PM,5.68,8.35,285.0,11.360,68.353,1069.350,5.753
6064,12/10/25 02:30:53 PM,5.01,8.02,279.4,11.349,68.392,1069.350,5.751
6065,12/10/25 02:40:53 PM,4.68,7.68,275.2,11.193,68.580,1069.350,5.641
6066,12/10/25 02:50:53 PM,4.68,7.35,266.7,11.030,68.576,1069.350,5.484
6067,12/10/25 03:00:53 PM,4.01,6.68,262.5,10.898,69.012,1069.350,5.449
6068,12/10/25 03:10:53 PM,3.34,6.01,275.2,10.848,69.107,1069.350,5.421
6069,12/10/25 03:20:53 PM,4.01,7.35,285.0,10.724,68.768,1069.350,5.231
6070,12/10/25 03:30:53 PM,4.68,7.35,278.0,10.807,67.979,1069.350,5.145
6071,12/10/25 03:40:53 PM,4.34,7.01,280.8,10.957,67.506,1069.350,5.188
6072,12/10/25 03:50:53 PM,4.68,7.68,276.6,10.907,67.454,1069.350,5.129
6073,12/10/25 04:00:53 PM,4.68,7.35,280.8,10.786,67.527,1069.350,5.029
6074,12/10/25 04:10:53 PM,5.01,7.35,273.8,10.617,68.183,1069.350,5.006
6075,12/10/25 04:20:53 PM,5.01,7.01,276.6,10.579,68.025,1069.350,4.937
6076,12/10/25 04:30:53 PM,4.68,6.68,286.4,10.625,68.284,1069.350,5.035
6077,12/10/25 04:40:53 PM,4.34,6.01,292.0,11.033,67.538,1069.350,5.267
6078,12/10/25 04:50:53 PM,4.01,5.68,299.0,10.646,68.647,1069.350,5.131
6079,12/10/25 05:00:53 PM,4.34,5.68,303.2,10.100,70.474,1069.350,4.985
6080,12/10/25 05:10:53 PM,4.01,5.34,304.7,9.625,71.952,1069.350,4.825
6081,12/10/25 05:20:53 PM,4.01,5.68,306.1,9.242,72.776,1069.350,4.619
6082,12/10/25 05:30:53 PM,3.67,4.68,301.8,8.944,73.581,1069.350,4.489
6083,12/10/25 05:40:53 PM,3.34,4.68,294.8,8.574,74.745,1069.350,4.356
6084,12/10/25 05:50:53 PM,3.01,4.01,296.2,8.164,76.027,1069.350,4.201
6085,12/10/25 06:00:53 PM,2.00,3.01,268.1,7.338,78.460,1069.350,3.847
6086,12/10/25 06:10:53 PM,2.67,3.67,238.7,6.134,82.548,1069.350,3.392
6087,12/10/25 06:20:53 PM,2.34,3.01,249.9,5.906,82.744,1069.350,3.203
6088,12/10/25 06:30:53 PM,2.67,3.34,247.1,6.019,82.301,1069.350,3.237
6089,12/10/25 06:40:53 PM,2.00,3.01,263.9,5.486,83.610,1069.350,2.938
6090,12/10/25 06:50:53 PM,2.34,3.01,269.6,5.354,84.981,1069.350,3.038
6091,12/10/25 07:00:53 PM,1.67,2.34,276.6,5.531,84.311,1069.350,3.100
6092,12/10/25 07:10:53 PM,1.67,2.67,258.3,4.818,86.084,1069.350,2.693
6093,12/10/25 07:20:53 PM,2.00,3.34,269.6,5.413,83.957,1069.350,2.925
6094,12/10/25 07:30:53 PM,2.34,3.01,271.0,4.813,85.388,1069.350,2.573
6095,12/10/25 07:40:53 PM,2.67,3.01,262.5,5.260,85.101,1069.350,2.965
6096,12/10/25 07:50:53 PM,2.67,3.01,263.9,5.411,84.952,1069.350,3.089
6097,12/10/25 08:00:53 PM,2.00,3.01,268.1,5.228,85.490,1069.350,2.998
6098,12/10/25 08:10:53 PM,2.00,2.67,254.1,5.000,85.747,1069.350,2.816
6099,12/10/25 08:20:53 PM,2.67,3.34,249.9,4.327,87.965,1069.350,2.513
6100,12/10/25 08:30:53 PM,2.67,3.67,252.7,4.579,86.850,1069.350,2.582
6101,12/10/25 08:40:53 PM,2.67,3.01,256.9,4.909,85.751,1069.350,2.728
6102,12/10/25 08:50:53 PM,2.34,3.01,263.9,4.882,85.391,1069.350,2.642
6103,12/10/25 09:00:53 PM,2.00,2.67,259.7,5.105,84.598,1069.350,2.730
6104,12/10/25 09:10:53 PM,1.67,2.34,271.0,4.515,85.887,1069.350,2.362
6105,12/10/25 09:20:53 PM,2.00,2.67,249.9,4.271,86.734,1069.350,2.260
6106,12/10/25 09:30:53 PM,2.00,2.67,259.7,3.880,87.425,1069.350,1.986
6107,12/10/25 09:40:53 PM,1.67,2.00,279.4,3.108,89.857,1069.350,1.607
6108,12/10/25 09:50:53 PM,1.34,2.00,292.0,3.936,88.171,1069.350,2.160
6109,12/10/25 10:00:53 PM,1.34,2.00,285.0,3.864,87.771,1069.350,2.025
6110,12/10/25 10:10:53 PM,1.34,1.67,300.4,4.429,86.191,1069.350,2.327
6111,12/10/25 10:20:53 PM,1.34,2.34,307.5,3.923,87.877,1069.350,2.100
6112,12/10/25 10:30:53 PM,1.67,2.67,259.7,3.408,88.176,1069.350,1.640
6113,12/10/25 10:40:53 PM,2.00,3.67,249.9,2.713,90.481,1069.350,1.312
6114,12/10/25 10:50:53 PM,2.00,2.67,262.5,2.346,91.696,1069.350,1.134
6115,12/10/25 11:00:53 PM,2.00,2.67,266.7,2.531,91.980,1069.350,1.361
6116,12/10/25 11:10:53 PM,2.00,2.67,276.6,2.582,92.406,1069.350,1.476
6117,12/10/25 11:20:53 PM,2.00,2.34,268.1,3.032,91.460,1069.350,1.778
6118,12/10/25 11:30:53 PM,1.67,2.34,269.6,3.260,90.942,1069.350,1.925
6119,12/10/25 11:40:53 PM,1.67,2.34,271.0,3.703,89.677,1069.350,2.167
6120,12/10/25 11:50:53 PM,1.34,2.00,268.1,3.569,89.390,1069.350,1.990
6121,12/11/25 12:00:53 AM,1.67,2.34,256.9,2.721,92.154,1069.350,1.575
6122,12/11/25 12:10:53 AM,1.34,2.34,266.7,2.180,92.850,1069.350,1.143
6123,12/11/25 12:20:53 AM,2.34,3.34,254.1,2.566,92.570,1069.350,1.484
6124,12/11/25 12:30:53 AM,2.34,3.01,271.0,2.309,92.033,1069.350,1.148
6125,12/11/25 12:40:53 AM,2.00,2.34,280.8,3.161,90.825,1069.350,1.809
6126,12/11/25 12:50:53 AM,2.00,2.67,273.8,3.161,89.050,1069.350,1.533
6127,12/11/25 01:00:53 AM,2.00,2.34,282.2,2.217,92.520,1069.350,1.130
6128,12/11/25 01:10:53 AM,2.00,2.34,286.4,2.893,90.205,1069.350,1.448
6129,12/11/25 01:20:53 AM,2.00,3.01,278.0,2.882,89.921,1069.350,1.393
6130,12/11/25 01:30:53 AM,2.00,3.34,279.4,2.676,89.557,1069.350,1.133
6131,12/11/25 01:40:53 AM,2.00,2.67,282.2,2.491,90.684,1069.350,1.124
6132,12/11/25 01:50:53 AM,2.67,3.34,266.7,2.767,89.703,1069.350,1.245
6133,12/11/25 02:00:53 AM,3.01,4.01,254.1,3.236,88.942,1069.350,1.590
6134,12/11/25 02:10:53 AM,3.01,3.34,263.9,3.075,89.285,1069.350,1.485
6135,12/11/25 02:20:53 AM,2.34,3.34,276.6,3.228,88.388,1069.350,1.495
6136,12/11/25 02:30:53 AM,2.00,2.34,290.6,2.507,90.326,1069.350,1.084
6137,12/11/25 02:40:53 AM,2.00,2.67,293.4,2.413,90.962,1069.350,1.089
6138,12/11/25 02:50:53 AM,2.00,2.67,286.4,3.231,88.087,1069.350,1.451
6139,12/11/25 03:00:53 AM,2.00,2.67,296.2,2.925,88.266,1069.350,1.177
6140,12/11/25 03:10:53 AM,1.67,2.34,266.7,3.504,86.383,1069.350,1.448
6141,12/11/25 03:20:53 AM,1.67,2.67,258.3,1.153,91.189,1069.350,-0.125
6142,12/11/25 03:30:53 AM,1.67,2.34,272.4,0.338,94.676,1069.350,-0.419
6143,12/11/25 03:40:53 AM,1.67,2.34,269.6,0.330,94.287,1069.350,-0.484
6144,12/11/25 03:50:53 AM,2.00,2.67,278.0,1.301,91.719,1069.350,0.101
6145,12/11/25 04:00:53 AM,2.00,3.01,272.4,1.939,87.947,1069.350,0.154
6146,12/11/25 04:10:53 AM,2.00,3.01,275.2,2.384,87.897,1069.350,0.585
6147,12/11/25 04:20:53 AM,2.00,2.67,268.1,2.488,87.080,1069.350,0.558
6148,12/11/25 04:30:53 AM,2.00,3.01,275.2,2.032,88.618,1069.350,0.350
6149,12/11/25 04:40:53 AM,2.34,3.01,241.5,0.976,90.925,1069.350,-0.340
6150,12/11/25 04:50:53 AM,2.34,3.67,279.4,0.697,92.377,1069.350,-0.400
6151,12/11/25 05:00:53 AM,2.00,3.01,279.4,2.156,88.400,1069.350,0.439
6152,12/11/25 05:10:53 AM,1.67,2.34,289.2,2.317,86.871,1069.350,0.357
6153,12/11/25 05:20:53 AM,1.34,2.00,292.0,2.024,86.769,1069.350,0.052
6154,12/11/25 05:30:53 AM,1.67,2.00,289.2,1.622,88.057,1069.350,-0.142
6155,12/11/25 05:40:53 AM,1.67,2.34,297.6,1.475,88.653,1069.350,-0.194
6156,12/11/25 05:50:53 AM,1.67,2.00,293.4,1.687,87.730,1069.350,-0.129
6157,12/11/25 06:00:53 AM,1.67,2.34,289.2,1.419,88.730,1069.350,-0.238
6158,12/11/25 06:10:53 AM,1.67,2.34,296.2,1.437,89.082,1069.350,-0.165
6159,12/11/25 06:20:53 AM,1.67,2.34,292.0,1.523,88.132,1069.350,-0.228
6160,12/11/25 06:30:53 AM,2.00,3.01,280.8,1.708,88.229,1069.350,-0.030
6161,12/11/25 06:40:53 AM,2.00,3.01,272.4,1.360,87.634,1069.350,-0.466
6162,12/11/25 06:50:53 AM,1.67,2.34,286.4,1.073,88.833,1069.350,-0.563
6163,12/11/25 07:00:53 AM,1.67,3.01,271.0,1.445,86.374,1069.350,-0.581
6164,12/11/25 07:10:53 AM,1.67,2.34,265.3,1.057,86.842,1069.350,-0.889
6165,12/11/25 07:20:53 AM,1.67,2.34,292.0,1.148,86.073,1069.350,-0.921
6166,12/11/25 07:30:53 AM,1.67,2.34,283.6,1.853,83.653,1069.350,-0.618
6167,12/11/25 07:40:53 AM,1.67,2.67,285.0,1.448,84.550,1069.350,-0.870
6168,12/11/25 07:50:53 AM,2.00,3.01,287.8,1.049,84.442,1069.350,-1.279
6169,12/11/25 08:00:53 AM,2.00,3.01,273.8,1.153,84.079,1069.350,-1.236
6170,12/11/25 08:10:53 AM,2.34,3.34,276.6,1.016,84.736,1069.350,-1.265
6171,12/11/25 08:20:53 AM,2.67,3.34,266.7,2.207,80.964,1069.350,-0.719
6172,12/11/25 08:30:53 AM,2.67,4.01,272.4,2.046,81.189,1069.350,-0.838
6173,12/11/25 08:40:53 AM,2.34,3.34,273.8,2.193,80.417,1069.350,-0.825
6174,12/11/25 08:50:53 AM,2.67,3.34,269.6,1.727,81.985,1069.350,-1.017
6175,12/11/25 09:00:53 AM,2.34,3.34,275.2,0.834,84.370,1069.350,-1.502
6176,12/11/25 09:10:53 AM,2.67,3.67,276.6,1.821,80.398,1069.350,-1.192
6177,12/11/25 09:20:53 AM,3.01,3.67,268.1,2.807,76.826,1069.350,-0.852
6178,12/11/25 09:30:53 AM,3.01,4.01,263.9,3.212,75.552,1069.350,-0.687
6179,12/11/25 09:40:53 AM,3.34,4.01,256.9,3.885,73.758,1069.350,-0.365
6180,12/11/25 09:50:53 AM,3.01,4.01,256.9,4.121,73.886,1069.350,-0.113
6181,12/11/25 10:00:53 AM,2.67,4.01,244.3,4.944,72.656,1069.350,0.450
6182,12/11/25 10:10:53 AM,2.67,3.67,237.3,5.338,73.329,1069.350,0.958
6183,12/11/25 10:20:53 AM,2.34,4.01,258.3,6.587,69.152,1069.350,1.345
6184,12/11/25 10:30:53 AM,3.01,5.01,296.2,7.183,65.057,1069.350,1.066
6185,12/11/25 10:40:53 AM,4.34,6.35,306.1,7.692,62.020,1069.350,0.886
6186,12/11/25 10:50:53 AM,4.01,5.68,301.8,8.464,59.091,1069.350,0.944
6187,12/11/25 11:00:53 AM,4.01,6.01,311.7,8.711,57.310,1069.350,0.752
6188,12/11/25 11:10:53 AM,4.68,6.68,314.5,9.169,54.452,1069.350,0.472
6189,12/11/25 11:20:53 AM,4.68,6.68,314.5,9.338,53.727,1069.350,0.444
6190,12/11/25 11:30:53 AM,4.01,6.35,303.2,9.821,53.024,1069.350,0.711
6191,12/11/25 11:40:53 AM,4.01,6.01,301.8,10.520,50.167,1069.350,0.592
6192,12/11/25 11:50:53 AM,4.34,6.01,304.7,10.652,48.927,1069.350,0.368
6193,12/11/25 12:00:53 PM,4.68,7.01,285.0,10.781,47.494,1069.350,0.077
6194,12/11/25 12:10:53 PM,5.01,7.68,278.0,10.947,46.448,1069.350,-0.078
6195,12/11/25 12:20:53 PM,5.68,9.02,278.0,11.070,45.924,1069.350,-0.122
6196,12/11/25 12:30:53 PM,6.68,9.68,278.0,11.033,45.600,1069.350,-0.253
6197,12/11/25 12:40:53 PM,6.35,9.68,278.0,11.183,45.495,1069.350,-0.147
6198,12/11/25 12:50:53 PM,6.68,10.35,282.2,10.917,45.183,1069.350,-0.485
6199,12/11/25 01:00:53 PM,6.68,9.68,283.6,10.869,45.501,1069.350,-0.432
6200,12/11/25 01:10:53 PM,6.68,9.02,280.8,10.775,45.486,1069.350,-0.522
6201,12/11/25 01:20:53 PM,6.68,9.68,282.2,10.901,45.135,1069.350,-0.514
6202,12/11/25 01:30:53 PM,6.35,9.35,278.0,10.949,45.342,1069.350,-0.407
6203,12/11/25 01:40:53 PM,6.01,9.02,271.0,11.094,45.029,1069.350,-0.370
6204,12/11/25 01:50:53 PM,6.68,10.02,272.4,11.030,44.408,1069.350,-0.619
6205,12/11/25 02:00:53 PM,6.35,9.68,273.8,10.990,44.779,1069.350,-0.541
6206,12/11/25 02:10:53 PM,6.35,9.35,271.0,10.537,45.362,1069.350,-0.777
6207,12/11/25 02:20:53 PM,6.68,10.02,272.4,11.019,44.656,1069.350,-0.552
6208,12/11/25 02:30:53 PM,7.01,10.35,271.0,10.936,45.086,1069.350,-0.497
6209,12/11/25 02:40:53 PM,7.35,10.35,265.3,11.038,44.878,1069.350,-0.467
6210,12/11/25 02:50:53 PM,7.01,9.68,261.1,10.904,45.447,1069.350,-0.416
6211,12/11/25 03:00:53 PM,6.68,10.02,269.6,11.212,45.212,1069.350,-0.207
6212,12/11/25 03:10:53 PM,7.01,9.68,263.9,10.858,45.296,1069.350,-0.504
6213,12/11/25 03:20:53 PM,6.68,10.02,265.3,10.885,45.403,1069.350,-0.447
6214,12/11/25 03:30:53 PM,6.35,9.02,265.3,10.687,45.895,1069.350,-0.480
6215,12/11/25 03:40:53 PM,6.01,9.35,271.0,11.038,45.518,1069.350,-0.273
6216,12/11/25 03:50:53 PM,5.68,8.02,275.2,11.129,44.877,1069.350,-0.384
6217,12/11/25 04:00:53 PM,5.68,8.68,268.1,10.992,45.328,1069.350,-0.372
6218,12/11/25 04:10:53 PM,5.68,8.02,265.3,11.277,45.219,1069.350,-0.145
6219,12/11/25 04:20:53 PM,5.34,8.35,271.0,11.212,45.422,1069.350,-0.143
6220,12/11/25 04:30:53 PM,5.34,8.35,272.4,11.464,44.834,1069.350,-0.093
6221,12/11/25 04:40:53 PM,5.68,8.02,265.3,10.898,46.320,1069.350,-0.161
6222,12/11/25 04:50:53 PM,5.01,8.35,259.7,10.529,47.626,1069.350,-0.116
6223,12/11/25 05:00:53 PM,5.01,7.35,249.9,10.271,48.330,1069.350,-0.152
6224,12/11/25 05:10:53 PM,4.68,7.01,244.3,9.823,49.543,1069.350,-0.223
6225,12/11/25 05:20:53 PM,4.68,7.01,248.5,9.218,50.584,1069.350,-0.496
6226,12/11/25 05:30:53 PM,4.01,6.35,256.9,8.579,52.325,1069.350,-0.625
6227,12/11/25 05:40:53 PM,3.34,5.01,261.1,8.360,53.304,1069.350,-0.574
6228,12/11/25 05:50:53 PM,2.67,4.34,266.7,8.043,53.951,1069.350,-0.704
6229,12/11/25 06:00:53 PM,2.00,3.34,271.0,6.845,57.079,1069.350,-1.054
6230,12/11/25 06:10:53 PM,1.67,2.67,286.4,6.172,58.344,1069.350,-1.387
6231,12/11/25 06:20:53 PM,1.67,3.01,300.4,6.078,58.152,1069.350,-1.521
6232,12/11/25 06:30:53 PM,2.00,3.67,334.1,5.802,59.019,1069.350,-1.579
6233,12/11/25 06:40:53 PM,3.67,6.35,335.5,7.429,54.682,1069.350,-1.093
6234,12/11/25 06:50:53 PM,2.00,3.34,310.3,7.191,55.657,1069.350,-1.074
6235,12/11/25 07:00:53 PM,2.34,3.34,315.9,6.845,56.802,1069.350,-1.120
6236,12/11/25 07:10:53 PM,2.00,3.34,315.9,6.016,59.573,1069.350,-1.251
6237,12/11/25 07:20:53 PM,2.34,3.67,307.5,6.223,58.799,1069.350,-1.234
6238,12/11/25 07:30:53 PM,2.34,4.01,296.2,6.137,59.377,1069.350,-1.181
6239,12/11/25 07:40:53 PM,1.67,2.67,293.4,5.126,62.754,1069.350,-1.384
6240,12/11/25 07:50:53 PM,1.67,3.01,321.5,4.008,66.629,1069.350,-1.634
6241,12/11/25 08:00:53 PM,1.67,2.67,290.6,3.947,67.283,1069.350,-1.560
6242,12/11/25 08:10:53 PM,2.34,3.34,235.9,3.472,68.257,1069.350,-1.820
6243,12/11/25 08:20:53 PM,1.67,2.67,268.1,2.754,69.917,1069.350,-2.183
6244,12/11/25 08:30:53 PM,1.00,1.34,318.7,3.207,69.276,1069.350,-1.873
6245,12/11/25 08:40:53 PM,1.00,2.00,308.9,3.566,68.421,1069.350,-1.697
6246,12/11/25 08:50:53 PM,1.67,2.67,297.6,3.183,70.455,1069.350,-1.667
6247,12/11/25 09:00:53 PM,1.67,2.34,310.3,3.035,71.620,1069.350,-1.587
6248,12/11/25 09:10:53 PM,2.34,3.01,336.9,3.075,71.891,1069.350,-1.497
6249,12/11/25 09:20:53 PM,2.67,3.01,327.1,3.405,71.455,1069.350,-1.262
6250,12/11/25 09:30:53 PM,2.34,3.01,321.5,2.746,73.767,1069.350,-1.465
6251,12/11/25 09:40:53 PM,2.67,3.34,313.1,3.070,73.196,1069.350,-1.257
6252,12/11/25 09:50:53 PM,2.67,4.01,307.5,3.421,72.366,1069.350,-1.074
6253,12/11/25 10:00:53 PM,2.00,3.67,255.5,2.764,74.730,1069.350,-1.271
6254,12/11/25 10:10:53 PM,2.00,2.67,256.9,3.142,73.916,1069.350,-1.054
6255,12/11/25 10:20:53 PM,2.34,3.34,247.1,1.842,78.950,1069.350,-1.419
6256,12/11/25 10:30:53 PM,2.34,3.34,255.5,2.365,78.581,1069.350,-0.973
6257,12/11/25 10:40:53 PM,1.67,4.01,290.6,2.242,79.913,1069.350,-0.863
6258,12/11/25 10:50:53 PM,3.34,4.68,318.7,4.234,75.413,1069.350,0.278
6259,12/11/25 11:00:53 PM,3.01,4.68,307.5,4.515,74.122,1069.350,0.312
6260,12/11/25 11:10:53 PM,2.34,3.34,303.2,4.105,74.910,1069.350,0.061
6261,12/11/25 11:20:53 PM,2.00,3.34,283.6,4.019,75.740,1069.350,0.129
6262,12/11/25 11:30:53 PM,2.00,3.01,252.7,3.175,79.045,1069.350,-0.103
6263,12/11/25 11:40:53 PM,2.00,3.34,272.4,3.381,78.415,1069.350,-0.013
6264,12/11/25 11:50:53 PM,2.00,4.01,276.6,4.373,75.140,1069.350,0.363
6265,12/12/25 12:00:53 AM,1.67,2.34,280.8,3.668,76.899,1069.350,-0.002
6266,12/12/25 12:10:53 AM,1.67,2.00,297.6,2.614,80.534,1069.350,-0.394
6267,12/12/25 12:20:53 AM,1.34,2.00,293.4,2.258,82.451,1069.350,-0.420
6268,12/12/25 12:30:53 AM,2.00,3.01,292.0,3.223,80.096,1069.350,0.125
6269,12/12/25 12:40:53 AM,2.00,3.67,279.4,3.520,79.283,1069.350,0.274
6270,12/12/25 12:50:53 AM,1.00,2.00,279.4,2.837,81.346,1069.350,-0.039
6271,12/12/25 01:00:53 AM,2.00,3.34,258.3,3.322,80.272,1069.350,0.252
6272,12/12/25 01:10:53 AM,2.00,3.01,276.6,3.644,78.851,1069.350,0.320
6273,12/12/25 01:20:53 AM,1.67,2.34,290.6,2.847,81.639,1069.350,0.021
6274,12/12/25 01:30:53 AM,2.00,3.34,287.8,3.298,80.787,1069.350,0.317
6275,12/12/25 01:40:53 AM,2.00,4.01,303.2,2.799,81.634,1069.350,-0.027
6276,12/12/25 01:50:53 AM,2.34,3.34,315.9,2.625,82.506,1069.350,-0.051
6277,12/12/25 02:00:53 AM,2.00,3.34,314.5,2.494,83.177,1069.350,-0.068
6278,12/12/25 02:10:53 AM,1.34,2.67,273.8,2.542,83.177,1069.350,-0.021
6279,12/12/25 02:20:53 AM,1.34,2.34,268.1,1.550,86.001,1069.350,-0.537
6280,12/12/25 02:30:53 AM,1.67,3.01,290.6,2.335,84.616,1069.350,0.012
6281,12/12/25 02:40:53 AM,3.01,4.34,318.7,3.086,82.502,1069.350,0.400
6282,12/12/25 02:50:53 AM,2.34,4.68,310.3,3.512,80.829,1069.350,0.533
6283,12/12/25 03:00:53 AM,1.67,2.67,256.9,2.563,83.355,1069.350,0.029
6284,12/12/25 03:10:53 AM,2.00,3.01,256.9,2.368,84.767,1069.350,0.069
6285,12/12/25 03:20:53 AM,2.34,3.34,269.6,2.818,83.438,1069.350,0.293
6286,12/12/25 03:30:53 AM,1.34,2.00,262.5,2.196,85.313,1069.350,-0.012
6287,12/12/25 03:40:53 AM,1.67,2.67,283.6,2.054,86.401,1069.350,0.023
6288,12/12/25 03:50:53 AM,1.67,3.34,283.6,2.681,85.089,1069.350,0.429
6289,12/12/25 04:00:53 AM,1.34,2.67,234.5,2.295,85.434,1069.350,0.105
6290,12/12/25 04:10:53 AM,1.67,2.67,230.2,2.365,85.103,1069.350,0.120
6291,12/12/25 04:20:53 AM,1.34,2.67,258.3,1.933,86.224,1069.350,-0.124
6292,12/12/25 04:30:53 AM,0.67,1.67,265.3,1.885,86.842,1069.350,-0.074
6293,12/12/25 04:40:53 AM,1.34,2.34,245.7,2.252,85.698,1069.350,0.105
6294,12/12/25 04:50:53 AM,1.34,2.34,242.9,2.234,85.675,1069.350,0.084
6295,12/12/25 05:00:53 AM,0.67,1.34,266.7,2.443,85.248,1069.350,0.221
6296,12/12/25 05:10:53 AM,1.00,1.67,247.1,2.110,86.311,1069.350,0.064
6297,12/12/25 05:20:53 AM,0.00,0.33,263.9,2.325,86.711,1069.350,0.339
6298,12/12/25 05:30:53 AM,1.00,2.67,249.9,2.003,86.841,1069.350,0.043
6299,12/12/25 05:40:53 AM,0.67,2.67,261.1,1.317,88.554,1069.350,-0.366
6300,12/12/25 05:50:53 AM,1.00,1.67,248.5,1.266,88.902,1069.350,-0.362
6301,12/12/25 06:00:53 AM,1.00,2.00,249.9,1.252,89.622,1069.350,-0.265
6302,12/12/25 06:10:53 AM,1.00,2.00,256.9,1.689,88.341,1069.350,-0.031
6303,12/12/25 06:20:53 AM,1.00,2.00,263.9,1.595,90.101,1069.350,0.147
6304,12/12/25 06:30:53 AM,0.67,2.00,273.8,1.603,90.416,1069.350,0.203
6305,12/12/25 06:40:53 AM,1.67,3.34,258.3,1.671,90.256,1069.350,0.246
6306,12/12/25 06:50:53 AM,1.34,2.34,244.3,2.067,88.960,1069.350,0.438
6307,12/12/25 07:00:53 AM,1.67,2.67,245.7,2.065,88.583,1069.350,0.378
6308,12/12/25 07:10:53 AM,1.00,2.00,259.7,1.864,89.808,1069.350,0.369
6309,12/12/25 07:20:53 AM,0.67,2.34,266.7,1.679,90.204,1069.350,0.246
6310,12/12/25 07:30:53 AM,0.67,2.00,273.8,1.791,90.420,1069.350,0.390
6311,12/12/25 07:40:53 AM,0.67,2.67,283.6,2.467,88.479,1069.350,0.758
6312,12/12/25 07:50:53 AM,0.67,1.67,247.1,1.821,89.073,1069.350,0.213
6313,12/12/25 08:00:53 AM,1.34,2.67,242.9,2.432,89.595,1069.350,0.897
6314,12/12/25 08:10:53 AM,1.00,3.01,247.1,2.402,89.116,1069.350,0.793
6315,12/12/25 08:20:53 AM,1.00,2.00,237.3,2.121,89.625,1069.350,0.595
6316,12/12/25 08:30:53 AM,0.67,2.00,206.4,1.504,91.649,1069.350,0.292
6317,12/12/25 08:40:53 AM,1.67,2.67,221.8,1.821,91.984,1069.350,0.657
6318,12/12/25 08:50:53 AM,0.33,1.67,230.2,1.968,91.713,1069.350,0.762
6319,12/12/25 09:00:53 AM,0.67,1.67,235.9,1.649,91.774,1069.350,0.455
6320,12/12/25 09:10:53 AM,0.67,1.34,271.0,1.255,92.689,1069.350,0.201
6321,12/12/25 09:20:53 AM,0.00,0.67,280.8,1.939,92.480,1069.350,0.848
6322,12/12/25 09:30:53 AM,0.00,0.00,279.4,2.201,90.620,1069.350,0.827
6323,12/12/25 09:40:53 AM,0.00,0.00,275.2,2.027,89.958,1069.350,0.553
6324,12/12/25 09:50:53 AM,0.00,1.00,275.2,2.571,89.368,1069.350,1.000
6325,12/12/25 10:00:53 AM,0.33,1.34,268.1,3.354,87.579,1069.350,1.492
6326,12/12/25 10:10:53 AM,0.00,1.00,265.3,3.998,86.398,1069.350,1.937
6327,12/12/25 10:20:53 AM,0.00,1.00,249.9,4.931,85.144,1069.350,2.649
6328,12/12/25 10:30:53 AM,0.33,2.34,258.3,6.019,82.443,1069.350,3.262
6329,12/12/25 10:40:53 AM,1.34,2.67,289.2,7.108,78.827,1069.350,3.689
6330,12/12/25 10:50:53 AM,1.00,2.00,271.0,7.869,76.493,1069.350,4.002
6331,12/12/25 11:00:53 AM,1.00,2.34,202.2,8.523,74.586,1069.350,4.276
6332,12/12/25 11:10:53 AM,1.34,3.67,280.8,9.156,72.871,1069.350,4.555
6333,12/12/25 11:20:53 AM,2.00,3.01,282.2,9.094,72.775,1069.350,4.476
6334,12/12/25 11:30:53 AM,1.67,2.67,252.7,9.751,70.999,1069.350,4.756
6335,12/12/25 11:40:53 AM,1.67,3.34,254.1,10.279,69.377,1069.350,4.931
6336,12/12/25 11:50:53 AM,2.34,4.01,251.3,10.472,68.620,1069.350,4.959
6337,12/12/25 12:00:53 PM,3.01,5.01,259.7,10.542,68.156,1069.350,4.929
6338,12/12/25 12:10:53 PM,3.34,5.01,255.5,10.641,67.010,1069.350,4.780
6339,12/12/25 12:20:53 PM,3.67,5.68,268.1,10.531,65.896,1069.350,4.436
6340,12/12/25 12:30:53 PM,3.67,5.34,261.1,10.764,64.555,1069.350,4.364
6341,12/12/25 12:40:53 PM,3.67,5.34,254.1,11.065,61.178,1069.350,3.884
6342,12/12/25 12:50:53 PM,4.01,6.01,263.9,11.129,58.651,1069.350,3.346
6343,12/12/25 01:00:53 PM,4.34,6.35,256.9,11.126,57.771,1069.350,3.129
6344,12/12/25 01:10:53 PM,4.01,6.35,254.1,11.215,57.586,1069.350,3.167
6345,12/12/25 01:20:53 PM,4.01,6.01,254.1,11.504,55.485,1069.350,2.913
6346,12/12/25 01:30:53 PM,3.67,5.68,261.1,11.743,52.700,1069.350,2.411
6347,12/12/25 01:40:53 PM,3.67,5.68,271.0,11.952,50.529,1069.350,2.014
6348,12/12/25 01:50:53 PM,3.67,6.01,280.8,12.075,47.919,1069.350,1.387
6349,12/12/25 02:00:53 PM,3.01,5.68,261.1,12.708,47.498,1069.350,1.844
6350,12/12/25 02:10:53 PM,4.01,7.01,259.7,12.260,47.527,1069.350,1.442
6351,12/12/25 02:20:53 PM,4.01,5.68,262.5,12.330,46.975,1069.350,1.344
6352,12/12/25 02:30:53 PM,4.01,6.68,266.7,12.378,46.166,1069.350,1.146
6353,12/12/25 02:40:53 PM,4.01,6.35,263.9,12.360,46.410,1069.350,1.203
6354,12/12/25 02:50:53 PM,4.34,7.01,280.8,12.255,45.063,1069.350,0.698
6355,12/12/25 03:00:53 PM,4.68,7.68,278.0,12.073,46.723,1069.350,1.034
6356,12/12/25 03:10:53 PM,5.01,8.02,268.1,11.880,48.067,1069.350,1.251
6357,12/12/25 03:20:53 PM,5.01,7.35,262.5,11.925,47.253,1069.350,1.055
6358,12/12/25 03:30:53 PM,5.01,7.35,266.7,12.100,43.543,1069.350,0.084
6359,12/12/25 03:40:53 PM,5.34,7.68,262.5,12.025,41.666,1069.350,-0.590
6360,12/12/25 03:50:53 PM,5.68,8.68,268.1,11.896,40.917,1069.350,-0.954
6361,12/12/25 04:00:53 PM,5.68,8.35,271.0,11.783,41.747,1069.350,-0.781
6362,12/12/25 04:10:53 PM,5.34,8.02,259.7,11.719,42.565,1069.350,-0.574
6363,12/12/25 04:20:53 PM,5.34,7.35,268.1,11.467,43.996,1069.350,-0.349
6364,12/12/25 04:30:53 PM,5.68,8.02,265.3,11.228,46.036,1069.350,0.056
6365,12/12/25 04:40:53 PM,4.68,6.68,262.5,11.169,47.082,1069.350,0.312
6366,12/12/25 04:50:53 PM,4.68,7.01,259.7,10.944,48.150,1069.350,0.415
6367,12/12/25 05:00:53 PM,4.34,6.35,256.9,10.767,47.694,1069.350,0.122
6368,12/12/25 05:10:53 PM,3.34,5.34,255.5,10.604,48.824,1069.350,0.295
6369,12/12/25 05:20:53 PM,3.34,5.68,259.7,10.314,48.791,1069.350,0.019
6370,12/12/25 05:30:53 PM,2.67,4.01,254.1,9.837,49.876,1069.350,-0.118
6371,12/12/25 05:40:53 PM,2.67,3.67,238.7,9.024,52.648,1069.350,-0.127
6372,12/12/25 05:50:53 PM,3.01,4.01,234.5,7.947,56.786,1069.350,-0.091
6373,12/12/25 06:00:53 PM,3.34,4.34,234.5,6.861,60.145,1069.350,-0.323
6374,12/12/25 06:10:53 PM,3.01,4.68,244.3,6.478,61.126,1069.350,-0.463
6375,12/12/25 06:20:53 PM,3.01,4.34,263.9,5.445,64.421,1069.350,-0.723
6376,12/12/25 06:30:53 PM,2.67,3.34,269.6,4.633,66.941,1069.350,-0.973
6377,12/12/25 06:40:53 PM,2.67,3.34,269.6,4.019,69.122,1069.350,-1.124
6378,12/12/25 06:50:53 PM,2.34,3.34,285.0,3.628,70.678,1069.350,-1.196
6379,12/12/25 07:00:53 PM,2.00,4.01,297.6,3.419,71.395,1069.350,-1.260
6380,12/12/25 07:10:53 PM,2.67,4.68,303.2,4.309,67.964,1069.350,-1.076
6381,12/12/25 07:20:53 PM,2.00,3.67,296.2,3.609,68.797,1069.350,-1.581
6382,12/12/25 07:30:53 PM,2.34,3.34,287.8,3.043,69.892,1069.350,-1.910
6383,12/12/25 07:40:53 PM,2.67,3.34,276.6,3.089,69.976,1069.350,-1.850
6384,12/12/25 07:50:53 PM,2.34,3.01,275.2,3.110,68.974,1069.350,-2.025
6385,12/12/25 08:00:53 PM,2.34,3.01,273.8,2.952,68.399,1069.350,-2.290
6386,12/12/25 08:10:53 PM,2.67,3.34,275.2,2.764,68.360,1069.350,-2.478
6387,12/12/25 08:20:53 PM,2.34,3.01,283.6,2.815,67.140,1069.350,-2.671
6388,12/12/25 08:30:53 PM,3.01,4.01,273.8,2.839,66.352,1069.350,-2.807
6389,12/12/25 08:40:53 PM,2.34,3.34,282.2,2.794,65.763,1069.350,-2.970
6390,12/12/25 08:50:53 PM,1.67,2.34,300.4,2.555,65.849,1069.350,-3.180
6391,12/12/25 09:00:53 PM,1.67,3.34,294.8,2.309,66.545,1069.350,-3.275
6392,12/12/25 09:10:53 PM,2.00,2.67,297.6,1.842,66.995,1069.350,-3.631
6393,12/12/25 09:20:53 PM,2.67,4.01,315.9,2.496,64.717,1069.350,-3.469
6394,12/12/25 09:30:53 PM,3.01,4.01,311.7,2.823,63.339,1069.350,-3.445
6395,12/12/25 09:40:53 PM,2.67,3.67,301.8,2.877,62.618,1069.350,-3.547
6396,12/12/25 09:50:53 PM,2.34,4.01,289.2,2.193,64.564,1069.350,-3.789
6397,12/12/25 10:00:53 PM,2.00,3.34,256.9,2.566,63.301,1069.350,-3.698
6398,12/12/25 10:10:53 PM,2.00,3.01,248.5,2.314,63.548,1069.350,-3.885
6399,12/12/25 10:20:53 PM,1.34,2.34,268.1,1.979,64.376,1069.350,-4.031
6400,12/12/25 10:30:53 PM,1.67,3.01,251.3,1.660,65.394,1069.350,-4.127
6401,12/12/25 10:40:53 PM,1.67,3.01,259.7,2.158,63.601,1069.350,-4.022
6402,12/12/25 10:50:53 PM,2.00,3.34,271.0,1.965,64.276,1069.350,-4.065
6403,12/12/25 11:00:53 PM,2.00,3.01,273.8,1.684,65.356,1069.350,-4.112
6404,12/12/25 11:10:53 PM,2.00,3.01,273.8,0.941,68.266,1069.350,-4.243
6405,12/12/25 11:20:53 PM,2.34,3.67,266.7,1.968,64.971,1069.350,-3.920
6406,12/12/25 11:30:53 PM,1.67,2.67,271.0,0.754,69.096,1069.350,-4.262
6407,12/12/25 11:40:53 PM,2.00,3.67,303.2,1.617,67.121,1069.350,-3.821
6408,12/12/25 11:50:53 PM,2.67,4.01,303.2,3.574,60.279,1069.350,-3.396
6409,12/13/25 12:00:53 AM,1.67,2.67,251.3,0.314,70.118,1069.350,-4.490
6410,12/13/25 12:10:53 AM,3.67,5.34,314.5,3.070,62.264,1069.350,-3.440
6411,12/13/25 12:20:53 AM,4.01,5.34,313.1,3.949,58.701,1069.350,-3.397
6412,12/13/25 12:30:53 AM,4.34,5.68,314.5,4.260,57.487,1069.350,-3.384
6413,12/13/25 12:40:53 AM,4.01,5.68,321.5,3.965,58.004,1069.350,-3.542
6414,12/13/25 12:50:53 AM,4.01,5.01,325.7,3.024,60.549,1069.350,-3.856
6415,12/13/25 01:00:53 AM,3.67,5.01,320.1,2.617,61.657,1069.350,-4.000
6416,12/13/25 01:10:53 AM,4.34,5.68,328.5,3.019,60.606,1069.350,-3.848
6417,12/13/25 01:20:53 AM,4.01,5.34,320.1,3.209,59.995,1069.350,-3.804
6418,12/13/25 01:30:53 AM,3.67,4.68,321.5,2.459,62.722,1069.350,-3.922
6419,12/13/25 01:40:53 AM,3.01,4.01,315.9,1.842,65.109,1069.350,-4.011
6420,12/13/25 01:50:53 AM,3.67,4.68,322.9,2.086,64.628,1069.350,-3.878
6421,12/13/25 02:00:53 AM,3.01,4.01,314.5,2.338,63.554,1069.350,-3.861
6422,12/13/25 02:10:53 AM,2.00,3.34,301.8,1.646,65.641,1069.350,-4.090
6423,12/13/25 02:20:53 AM,2.00,3.01,273.8,1.006,67.860,1069.350,-4.260
6424,12/13/25 02:30:53 AM,2.67,3.67,299.0,1.360,66.278,1069.350,-4.235
6425,12/13/25 02:40:53 AM,2.34,4.01,304.7,0.754,68.704,1069.350,-4.338
6426,12/13/25 02:50:53 AM,2.34,3.34,307.5,0.662,69.349,1069.350,-4.302
6427,12/13/25 03:00:53 AM,3.01,4.34,308.9,1.711,66.023,1069.350,-3.951
6428,12/13/25 03:10:53 AM,3.34,4.34,301.8,3.032,61.497,1069.350,-3.641
6429,12/13/25 03:20:53 AM,3.34,4.68,290.6,4.212,57.623,1069.350,-3.398
6430,12/13/25 03:30:53 AM,2.67,3.67,279.4,3.780,58.337,1069.350,-3.639
6431,12/13/25 03:40:53 AM,1.67,2.67,289.2,2.743,61.192,1069.350,-3.981
6432,12/13/25 03:50:53 AM,1.67,3.34,279.4,1.553,65.063,1069.350,-4.296
6433,12/13/25 04:00:53 AM,2.00,3.01,297.6,1.435,65.635,1069.350,-4.293
6434,12/13/25 04:10:53 AM,2.00,3.34,303.2,0.617,69.488,1069.350,-4.319
6435,12/13/25 04:20:53 AM,2.34,3.67,306.1,0.491,69.793,1069.350,-4.382
6436,12/13/25 04:30:53 AM,1.67,2.67,296.2,0.520,69.792,1069.350,-4.354
6437,12/13/25 04:40:53 AM,1.00,2.00,271.0,0.314,69.778,1069.350,-4.555
6438,12/13/25 04:50:53 AM,1.00,2.34,269.6,0.574,68.907,1069.350,-4.471
6439,12/13/25 05:00:53 AM,1.67,3.67,300.4,0.673,68.754,1069.350,-4.406
6440,12/13/25 05:10:53 AM,2.67,3.67,315.9,1.721,64.959,1069.350,-4.157
6441,12/13/25 05:20:53 AM,2.67,4.34,318.7,1.957,63.569,1069.350,-4.220
6442,12/13/25 05:30:53 AM,3.01,4.01,321.5,2.526,61.335,1069.350,-4.155
6443,12/13/25 05:40:53 AM,3.34,4.68,325.7,2.654,60.522,1069.350,-4.212
6444,12/13/25 05:50:53 AM,3.67,5.34,327.1,2.561,60.433,1069.350,-4.319
6445,12/13/25 06:00:53 AM,3.34,4.68,328.5,1.917,62.716,1069.350,-4.437
6446,12/13/25 06:10:53 AM,1.67,4.01,296.2,1.386,64.631,1069.350,-4.544
6447,12/13/25 06:20:53 AM,1.67,2.34,217.6,0.301,68.545,1069.350,-4.803
6448,12/13/25 06:30:53 AM,1.67,2.67,249.9,0.579,67.637,1069.350,-4.713
6449,12/13/25 06:40:53 AM,1.67,2.67,265.3,0.287,68.406,1069.350,-4.843
6450,12/13/25 06:50:53 AM,1.67,2.67,266.7,-0.096,69.937,1069.350,-4.919
6451,12/13/25 07:00:53 AM,1.00,2.00,251.3,0.287,68.115,1069.350,-4.900
6452,12/13/25 07:10:53 AM,1.67,3.34,242.9,1.298,64.955,1069.350,-4.561
6453,12/13/25 07:20:53 AM,1.34,3.01,249.9,1.301,64.617,1069.350,-4.628
6454,12/13/25 07:30:53 AM,1.67,3.67,273.8,0.955,65.766,1069.350,-4.724
6455,12/13/25 07:40:53 AM,1.34,3.34,256.9,1.290,64.607,1069.350,-4.640
6456,12/13/25 07:50:53 AM,1.34,2.34,254.1,1.196,65.199,1069.350,-4.609
6457,12/13/25 08:00:53 AM,1.00,2.34,233.1,1.113,65.431,1069.350,-4.641
6458,12/13/25 08:10:53 AM,0.33,1.34,279.4,-0.415,70.298,1069.350,-5.158
6459,12/13/25 08:20:53 AM,1.67,2.34,268.1,-0.643,72.114,1069.350,-5.041
6460,12/13/25 08:30:53 AM,1.67,2.34,279.4,-1.053,73.506,1069.350,-5.185
6461,12/13/25 08:40:53 AM,1.67,2.34,285.0,-1.439,74.974,1069.350,-5.299
6462,12/13/25 08:50:53 AM,2.00,2.67,276.6,-1.895,76.707,1069.350,-5.441
6463,12/13/25 09:00:53 AM,2.00,2.34,287.8,-2.383,78.503,1069.350,-5.612
6464,12/13/25 09:10:53 AM,2.00,2.67,293.4,-2.238,78.676,1069.350,-5.441
6465,12/13/25 09:20:53 AM,2.00,2.67,292.0,-1.220,75.164,1069.350,-5.053
6466,12/13/25 09:30:53 AM,2.34,3.01,283.6,-0.573,73.416,1069.350,-4.737
6467,12/13/25 09:40:53 AM,2.67,3.34,266.7,0.595,70.636,1069.350,-4.122
6468,12/13/25 09:50:53 AM,2.34,3.34,271.0,1.475,68.803,1069.350,-3.627
6469,12/13/25 10:00:53 AM,2.67,3.34,268.1,2.378,66.094,1069.350,-3.300
6470,12/13/25 10:10:53 AM,2.67,3.34,266.7,3.268,63.386,1069.350,-3.013
6471,12/13/25 10:20:53 AM,2.00,3.01,262.5,4.089,61.831,1069.350,-2.568
6472,12/13/25 10:30:53 AM,1.67,2.67,249.9,5.681,58.354,1069.350,-1.847
6473,12/13/25 10:40:53 AM,1.00,2.00,272.4,7.140,55.319,1069.350,-1.205
6474,12/13/25 10:50:53 AM,1.67,3.67,308.9,8.437,49.363,1069.350,-1.551
6475,12/13/25 11:00:53 AM,2.67,3.67,320.1,8.443,49.357,1069.350,-1.547
6476,12/13/25 11:10:53 AM,2.00,3.67,308.9,8.920,48.310,1069.350,-1.399
6477,12/13/25 11:20:53 AM,1.34,3.01,234.5,10.424,45.534,1069.350,-0.828
6478,12/13/25 11:30:53 AM,0.67,2.34,279.4,11.325,42.788,1069.350,-0.859
6479,12/13/25 11:40:53 AM,2.00,4.01,310.3,10.840,43.038,1069.350,-1.219
6480,12/13/25 11:50:53 AM,2.34,3.67,296.2,10.507,43.043,1069.350,-1.520
6481,12/13/25 12:00:53 PM,2.67,4.34,297.6,10.679,41.645,1069.350,-1.812
6482,12/13/25 12:10:53 PM,2.67,4.01,297.6,11.089,40.162,1069.350,-1.934
6483,12/13/25 12:20:53 PM,2.67,4.01,293.4,11.349,39.353,1069.350,-1.976
6484,12/13/25 12:30:53 PM,2.34,3.67,301.8,11.461,39.863,1069.350,-1.701
6485,12/13/25 12:40:53 PM,2.00,3.34,294.8,12.078,40.058,1069.350,-1.080
6486,12/13/25 12:50:53 PM,2.00,3.34,289.2,12.451,39.052,1069.350,-1.092
6487,12/13/25 01:00:53 PM,2.00,3.34,268.1,12.593,38.116,1069.350,-1.295
6488,12/13/25 01:10:53 PM,2.00,3.01,272.4,13.000,37.501,1069.350,-1.154
6489,12/13/25 01:20:53 PM,2.67,4.34,258.3,13.303,36.489,1069.350,-1.257
6490,12/13/25 01:30:53 PM,2.34,3.67,255.5,13.196,37.047,1069.350,-1.145
6491,12/13/25 01:40:53 PM,3.01,4.68,248.5,13.588,36.455,1069.350,-1.016
6492,12/13/25 01:50:53 PM,3.01,4.68,256.9,13.539,35.486,1069.350,-1.427
6493,12/13/25 02:00:53 PM,2.67,4.34,275.2,13.789,34.255,1069.350,-1.685
6494,12/13/25 02:10:53 PM,2.34,3.67,286.4,13.944,33.770,1069.350,-1.742
6495,12/13/25 02:20:53 PM,2.67,4.01,261.1,14.148,32.261,1069.350,-2.182
6496,12/13/25 02:30:53 PM,2.67,4.68,261.1,14.325,31.014,1069.350,-2.559
6497,12/13/25 02:40:53 PM,3.01,4.34,266.7,14.140,30.059,1069.350,-3.140
6498,12/13/25 02:50:53 PM,2.67,4.34,262.5,14.392,30.787,1069.350,-2.600
6499,12/13/25 03:00:53 PM,3.01,4.34,258.3,14.250,31.048,1069.350,-2.610
6500,12/13/25 03:10:53 PM,2.67,4.01,279.4,14.274,31.264,1069.350,-2.495
6501,12/13/25 03:20:53 PM,3.01,5.01,283.6,14.148,31.035,1069.350,-2.704
6502,12/13/25 03:30:53 PM,3.01,5.01,292.0,13.939,30.632,1069.350,-3.062
6503,12/13/25 03:40:53 PM,2.34,4.01,279.4,14.070,30.051,1069.350,-3.205
6504,12/13/25 03:50:53 PM,2.00,3.01,275.2,14.566,30.220,1069.350,-2.698
6505,12/13/25 04:00:53 PM,2.34,4.01,263.9,14.486,29.897,1069.350,-2.912
6506,12/13/25 04:10:53 PM,2.34,3.34,268.1,14.183,29.992,1069.350,-3.133
6507,12/13/25 04:20:53 PM,2.34,3.67,285.0,13.515,31.859,1069.350,-2.905
6508,12/13/25 04:30:53 PM,2.34,3.67,275.2,13.714,32.660,1069.350,-2.396
6509,12/13/25 04:40:53 PM,2.34,3.67,287.8,13.419,32.642,1069.350,-2.663
6510,12/13/25 04:50:53 PM,2.00,3.01,285.0,13.142,32.464,1069.350,-2.979
6511,12/13/25 05:00:53 PM,1.67,2.34,275.2,12.435,34.087,1069.350,-2.946
6512,12/13/25 05:10:53 PM,1.34,2.00,269.6,12.124,35.357,1069.350,-2.729
6513,12/13/25 05:20:53 PM,1.34,2.00,252.7,12.301,35.789,1069.350,-2.409
6514,12/13/25 05:30:53 PM,1.00,1.67,266.7,11.802,38.050,1069.350,-2.026
6515,12/13/25 05:40:53 PM,0.67,1.34,268.1,11.344,39.727,1069.350,-1.852
6516,12/13/25 05:50:53 PM,0.00,0.00,268.1,9.772,44.698,1069.350,-1.675
6517,12/13/25 06:00:53 PM,0.00,1.00,268.1,8.250,46.310,1069.350,-2.586
6518,12/13/25 06:10:53 PM,1.34,2.34,300.4,6.713,49.194,1069.350,-3.187
6519,12/13/25 06:20:53 PM,1.34,2.34,313.1,5.156,52.895,1069.350,-3.659
6520,12/13/25 06:30:53 PM,1.34,2.67,339.7,4.577,54.141,1069.350,-3.888
6521,12/13/25 06:40:53 PM,2.67,3.67,16.8,5.019,56.886,1069.350,-2.813
6522,12/13/25 06:50:53 PM,2.34,3.67,26.7,5.185,60.705,1069.350,-1.779
6523,12/13/25 07:00:53 PM,0.67,2.34,67.4,4.215,64.651,1069.350,-1.846
6524,12/13/25 07:10:53 PM,1.34,2.67,158.6,3.258,66.729,1069.350,-2.331
6525,12/13/25 07:20:53 PM,0.33,1.67,189.5,2.464,69.535,1069.350,-2.536
6526,12/13/25 07:30:53 PM,1.00,1.34,278.0,2.188,70.259,1069.350,-2.662
6527,12/13/25 07:40:53 PM,0.33,1.00,278.0,2.362,70.739,1069.350,-2.403
6528,12/13/25 07:50:53 PM,0.00,0.00,278.0,3.022,69.377,1069.350,-2.031
6529,12/13/25 08:00:53 PM,0.33,0.67,278.0,2.847,69.589,1069.350,-2.158
6530,12/13/25 08:10:53 PM,0.33,1.00,278.0,2.402,71.377,1069.350,-2.243
6531,12/13/25 08:20:53 PM,0.00,0.00,278.0,2.732,70.539,1069.350,-2.085
6532,12/13/25 08:30:53 PM,0.00,0.00,278.0,1.191,73.378,1069.350,-3.039
6533,12/13/25 08:40:53 PM,0.00,0.00,278.0,-0.005,77.279,1069.350,-3.505
6534,12/13/25 08:50:53 PM,0.00,0.00,282.2,-0.413,78.312,1069.350,-3.725
6535,12/13/25 09:00:53 PM,0.33,1.67,292.0,-0.260,78.930,1069.350,-3.471
6536,12/13/25 09:10:53 PM,1.00,1.34,296.2,0.225,78.045,1069.350,-3.149
6537,12/13/25 09:20:53 PM,1.00,1.67,296.2,-0.013,77.838,1069.350,-3.417
6538,12/13/25 09:30:53 PM,1.34,1.67,296.2,-1.292,81.852,1069.350,-3.994
6539,12/13/25 09:40:53 PM,1.34,1.67,296.2,-1.115,81.888,1069.350,-3.815
6540,12/13/25 09:50:53 PM,1.34,2.00,294.8,-0.555,80.809,1069.350,-3.444
6541,12/13/25 10:00:53 PM,1.34,1.67,294.8,-1.203,82.252,1069.350,-3.842
6542,12/13/25 10:10:53 PM,1.34,1.67,303.2,-0.740,81.248,1069.350,-3.553
6543,12/13/25 10:20:53 PM,1.00,1.34,307.5,-0.640,80.516,1069.350,-3.576
6544,12/13/25 10:30:53 PM,1.00,1.34,304.7,-1.185,81.857,1069.350,-3.889
6545,12/13/25 10:40:53 PM,1.34,2.00,297.6,-1.364,82.028,1069.350,-4.036
6546,12/13/25 10:50:53 PM,1.34,1.67,293.4,-1.716,83.851,1069.350,-4.089
6547,12/13/25 11:00:53 PM,1.34,1.67,296.2,-1.547,83.423,1069.350,-3.991
6548,12/13/25 11:10:53 PM,1.00,1.67,300.4,-0.772,80.986,1069.350,-3.627
6549,12/13/25 11:20:53 PM,1.34,2.00,293.4,-1.646,83.513,1069.350,-4.074
6550,12/13/25 11:30:53 PM,1.00,1.67,311.7,-1.726,84.486,1069.350,-3.998
6551,12/13/25 11:40:53 PM,1.00,1.34,318.7,-0.925,81.546,1069.350,-3.685
6552,12/13/25 11:50:53 PM,0.33,1.00,321.5,-0.906,81.195,1069.350,-3.724
6553,12/14/25 12:00:53 AM,1.34,2.00,294.8,-2.549,85.650,1069.350,-4.626
6554,12/14/25 12:10:53 AM,1.34,2.00,290.6,-2.828,88.350,1069.350,-4.490
6555,12/14/25 12:20:53 AM,1.34,2.00,297.6,-1.772,83.699,1069.350,-4.168
6556,12/14/25 12:30:53 AM,1.34,1.67,300.4,-1.890,83.697,1069.350,-4.284
6557,12/14/25 12:40:53 AM,1.00,1.67,300.4,-2.088,85.254,1069.350,-4.234
6558,12/14/25 12:50:53 AM,0.67,1.34,300.4,-1.292,82.548,1069.350,-3.881
6559,12/14/25 01:00:53 AM,0.33,1.00,300.4,-0.474,80.441,1069.350,-3.426
6560,12/14/25 01:10:53 AM,0.33,1.67,301.8,-2.678,84.401,1069.350,-4.947
6561,12/14/25 01:20:53 AM,0.00,0.67,303.2,-3.230,89.276,1069.350,-4.749
6562,12/14/25 01:30:53 AM,0.00,1.34,303.2,-2.552,86.815,1069.350,-4.450
6563,12/14/25 01:40:53 AM,1.00,1.34,304.7,-2.831,86.928,1069.350,-4.708
6564,12/14/25 01:50:53 AM,0.67,1.00,304.7,-2.560,85.473,1069.350,-4.664
6565,12/14/25 02:00:53 AM,0.67,1.00,317.3,-2.898,87.408,1069.350,-4.701
6566,12/14/25 02:10:53 AM,1.00,1.34,318.7,-2.678,86.996,1069.350,-4.547
6567,12/14/25 02:20:53 AM,0.33,1.00,321.5,-2.147,85.585,1069.350,-4.241
6568,12/14/25 02:30:53 AM,0.00,0.67,328.5,-2.099,85.078,1069.350,-4.272
6569,12/14/25 02:40:53 AM,0.00,0.00,328.5,-2.705,86.854,1069.350,-4.595
6570,12/14/25 02:50:53 AM,0.00,0.00,328.5,-2.874,87.027,1069.350,-4.735
6571,12/14/25 03:00:53 AM,0.00,0.00,328.5,-3.445,90.043,1069.350,-4.849
6572,12/14/25 03:10:53 AM,0.00,0.00,328.5,-3.206,88.536,1069.350,-4.836
6573,12/14/25 03:20:53 AM,0.67,1.34,328.5,-3.675,89.363,1069.350,-5.177
6574,12/14/25 03:30:53 AM,0.33,1.00,328.5,-2.970,87.947,1069.350,-4.691
6575,12/14/25 03:40:53 AM,1.00,2.00,314.5,-4.195,89.233,1069.350,-5.710
6576,12/14/25 03:50:53 AM,1.67,2.00,289.2,-4.876,91.896,1069.350,-5.999
6577,12/14/25 04:00:53 AM,1.00,1.67,285.0,-3.815,89.007,1069.350,-5.368
6578,12/14/25 04:10:53 AM,1.00,1.34,285.0,-4.748,90.484,1069.350,-6.075
6579,12/14/25 04:20:53 AM,1.34,2.00,286.4,-4.622,90.994,1069.350,-5.877
6580,12/14/25 04:30:53 AM,1.67,2.00,293.4,-4.903,91.960,1069.350,-6.017
6581,12/14/25 04:40:53 AM,1.00,1.34,310.3,-3.935,89.302,1069.350,-5.443
6582,12/14/25 04:50:53 AM,0.67,1.00,320.1,-3.421,87.727,1069.350,-5.169
6583,12/14/25 05:00:53 AM,1.00,2.00,294.8,-4.120,88.035,1069.350,-5.813
6584,12/14/25 05:10:53 AM,1.34,2.00,303.2,-4.254,90.619,1069.350,-5.566
6585,12/14/25 05:20:53 AM,0.33,1.00,321.5,-3.405,87.076,1069.350,-5.251
6586,12/14/25 05:30:53 AM,0.67,1.00,321.5,-3.273,87.141,1069.350,-5.111
6587,12/14/25 05:40:53 AM,1.00,1.34,321.5,-3.391,86.291,1069.350,-5.357
6588,12/14/25 05:50:53 AM,0.67,1.34,0.0,-2.708,84.363,1069.350,-4.982
6589,12/14/25 06:00:53 AM,1.00,2.00,217.6,-4.195,86.851,1069.350,-6.064
6590,12/14/25 06:10:53 AM,1.34,2.00,268.1,-5.185,88.635,1069.350,-6.776
6591,12/14/25 06:20:53 AM,1.34,1.67,296.2,-5.010,90.381,1069.350,-6.349
6592,12/14/25 06:30:53 AM,1.34,1.67,300.4,-4.067,87.517,1069.350,-5.838
6593,12/14/25 06:40:53 AM,1.00,1.67,306.1,-3.954,85.948,1069.350,-5.963
6594,12/14/25 06:50:53 AM,1.00,2.00,297.6,-4.624,87.161,1069.350,-6.441
6595,12/14/25 07:00:53 AM,1.34,2.00,300.4,-5.356,89.517,1069.350,-6.817
6596,12/14/25 07:10:53 AM,0.67,1.34,339.7,-3.675,84.717,1069.350,-5.878
6597,12/14/25 07:20:53 AM,0.67,1.67,328.5,-4.343,85.194,1069.350,-6.461
6598,12/14/25 07:30:53 AM,1.00,2.00,306.1,-5.182,87.883,1069.350,-6.884
6599,12/14/25 07:40:53 AM,1.00,2.00,314.5,-4.533,86.857,1069.350,-6.396
6600,12/14/25 07:50:53 AM,0.67,1.00,321.5,-3.573,84.178,1069.350,-5.861
6601,12/14/25 08:00:53 AM,0.67,1.34,21.1,-4.051,83.371,1069.350,-6.456
6602,12/14/25 08:10:53 AM,0.33,1.00,61.8,-5.777,89.136,1069.350,-7.288
6603,12/14/25 08:20:53 AM,0.00,0.00,113.7,-6.115,90.741,1069.350,-7.392
6604,12/14/25 08:30:53 AM,0.00,1.00,115.1,-5.748,90.585,1069.350,-7.051
6605,12/14/25 08:40:53 AM,1.67,2.00,268.1,-6.308,90.632,1069.350,-7.599
6606,12/14/25 08:50:53 AM,1.00,1.67,276.6,-4.946,88.489,1069.350,-6.562
6607,12/14/25 09:00:53 AM,1.34,2.00,265.3,-5.705,87.233,1069.350,-7.496
6608,12/14/25 09:10:53 AM,1.34,1.67,294.8,-6.305,90.652,1069.350,-7.593
6609,12/14/25 09:20:53 AM,0.67,1.34,307.5,-4.107,84.442,1069.350,-6.345
6610,12/14/25 09:30:53 AM,0.00,0.00,308.9,-3.917,82.210,1069.350,-6.507
6611,12/14/25 09:40:53 AM,0.00,0.00,308.9,-3.469,81.122,1069.350,-6.242
6612,12/14/25 09:50:53 AM,0.00,0.00,308.9,-2.978,81.529,1069.350,-5.697
6613,12/14/25 10:00:53 AM,0.00,0.00,308.9,-2.225,80.699,1069.350,-5.095
6614,12/14/25 10:10:53 AM,0.00,0.00,308.9,-1.002,78.172,1069.350,-4.322
6615,12/14/25 10:20:53 AM,0.00,0.00,308.9,-0.976,80.372,1069.350,-3.928
6616,12/14/25 10:30:53 AM,0.33,1.00,308.9,0.073,79.721,1069.350,-3.013
6617,12/14/25 10:40:53 AM,0.00,1.00,303.2,2.483,74.636,1069.350,-1.560
6618,12/14/25 10:50:53 AM,1.34,2.34,148.8,1.778,79.590,1069.350,-1.371
6619,12/14/25 11:00:53 AM,1.00,1.67,129.2,2.134,79.188,1069.350,-1.093
6620,12/14/25 11:10:53 AM,0.67,1.67,98.3,2.775,75.442,1069.350,-1.131
6621,12/14/25 11:20:53 AM,1.00,1.67,108.1,3.697,71.098,1069.350,-1.049
6622,12/14/25 11:30:53 AM,0.67,1.67,96.9,4.258,68.008,1069.350,-1.116
6623,12/14/25 11:40:53 AM,1.00,1.34,56.2,4.770,62.972,1069.350,-1.675
6624,12/14/25 11:50:53 AM,1.00,1.67,54.8,5.392,56.262,1069.350,-2.611
6625,12/14/25 12:00:53 PM,1.34,2.00,70.2,6.175,53.249,1069.350,-2.621
6626,12/14/25 12:10:53 PM,1.67,2.34,123.5,5.856,55.369,1069.350,-2.393
6627,12/14/25 12:20:53 PM,1.34,2.34,134.8,6.067,58.245,1069.350,-1.509
6628,12/14/25 12:30:53 PM,1.34,2.34,124.9,6.507,56.532,1069.350,-1.502
6629,12/14/25 12:40:53 PM,1.67,2.67,122.1,6.885,56.880,1069.350,-1.064
6630,12/14/25 12:50:53 PM,1.34,2.34,112.3,7.708,55.259,1069.350,-0.689
6631,12/14/25 01:00:53 PM,1.67,2.67,130.6,7.587,54.588,1069.350,-0.969
6632,12/14/25 01:10:53 PM,1.34,2.34,129.2,7.931,53.751,1069.350,-0.859
6633,12/14/25 01:20:53 PM,1.67,2.67,122.1,8.421,52.073,1069.350,-0.837
6634,12/14/25 01:30:53 PM,1.67,3.34,120.7,8.748,51.423,1069.350,-0.706
6635,12/14/25 01:40:53 PM,2.00,3.34,112.3,9.191,50.121,1069.350,-0.647
6636,12/14/25 01:50:53 PM,2.00,3.34,110.9,9.649,48.312,1069.350,-0.728
6637,12/14/25 02:00:53 PM,1.67,3.01,120.7,9.995,47.649,1069.350,-0.600
6638,12/14/25 02:10:53 PM,1.67,3.01,119.3,10.209,46.851,1069.350,-0.635
6639,12/14/25 02:20:53 PM,2.00,3.34,109.5,10.920,44.659,1069.350,-0.642
6640,12/14/25 02:30:53 PM,2.34,4.01,98.3,11.357,42.049,1069.350,-1.068
6641,12/14/25 02:40:53 PM,2.34,3.67,91.3,11.604,41.245,1069.350,-1.108
6642,12/14/25 02:50:53 PM,2.34,3.67,105.3,11.384,42.072,1069.350,-1.036
6643,12/14/25 03:00:53 PM,2.67,4.01,113.7,11.461,42.260,1069.350,-0.906
6644,12/14/25 03:10:53 PM,2.34,4.01,105.3,11.271,41.605,1069.350,-1.290
6645,12/14/25 03:20:53 PM,2.34,3.34,99.7,11.730,39.757,1069.350,-1.495
6646,12/14/25 03:30:53 PM,2.00,3.67,82.8,12.153,37.914,1069.350,-1.761
6647,12/14/25 03:40:53 PM,2.34,3.67,98.3,11.928,38.347,1069.350,-1.808
6648,12/14/25 03:50:53 PM,2.00,3.34,94.1,12.092,37.963,1069.350,-1.798
6649,12/14/25 04:00:53 PM,2.00,3.01,92.7,12.408,37.169,1069.350,-1.802
6650,12/14/25 04:10:53 PM,1.67,3.01,87.0,12.416,37.522,1069.350,-1.667
6651,12/14/25 04:20:53 PM,1.67,2.67,82.8,12.212,37.568,1069.350,-1.832
6652,12/14/25 04:30:53 PM,1.34,3.01,89.9,12.239,37.412,1069.350,-1.865
6653,12/14/25 04:40:53 PM,1.67,2.67,102.5,11.949,37.273,1069.350,-2.173
6654,12/14/25 04:50:53 PM,1.00,2.34,102.5,11.837,38.123,1069.350,-1.968
6655,12/14/25 05:00:53 PM,0.33,1.00,108.1,12.059,37.919,1069.350,-1.843
6656,12/14/25 05:10:53 PM,0.67,1.00,120.7,11.815,37.809,1069.350,-2.100
6657,12/14/25 05:20:53 PM,0.67,1.00,124.9,11.496,39.193,1069.350,-1.899
6658,12/14/25 05:30:53 PM,0.67,1.00,124.9,10.904,40.761,1069.350,-1.900
6659,12/14/25 05:40:53 PM,0.00,0.67,124.9,10.668,41.123,1069.350,-1.993
6660,12/14/25 05:50:53 PM,0.00,0.00,124.9,10.153,41.823,1069.350,-2.230
6661,12/14/25 06:00:53 PM,0.00,0.67,124.9,8.654,44.764,1069.350,-2.674
6662,12/14/25 06:10:53 PM,0.33,1.00,84.2,7.531,47.312,1069.350,-2.957
6663,12/14/25 06:20:53 PM,0.33,1.34,320.1,5.175,52.297,1069.350,-3.793
6664,12/14/25 06:30:53 PM,0.00,0.67,317.3,4.979,52.738,1069.350,-3.863
6665,12/14/25 06:40:53 PM,0.33,1.34,310.3,3.041,57.545,1069.350,-4.516
6666,12/14/25 06:50:53 PM,0.33,1.00,300.4,2.062,60.903,1069.350,-4.688
6667,12/14/25 07:00:53 PM,0.00,0.00,301.8,2.228,60.105,1069.350,-4.706
6668,12/14/25 07:10:53 PM,0.00,0.00,313.1,1.499,62.190,1069.350,-4.945
6669,12/14/25 07:20:53 PM,0.00,0.00,317.3,1.791,61.567,1069.350,-4.801
6670,12/14/25 07:30:53 PM,0.00,1.67,315.9,2.032,60.633,1069.350,-4.775
6671,12/14/25 07:40:53 PM,1.34,2.00,304.7,-0.067,67.564,1069.350,-5.346
6672,12/14/25 07:50:53 PM,1.00,1.67,301.8,0.480,66.151,1069.350,-5.101
6673,12/14/25 08:00:53 PM,1.34,1.67,296.2,-0.139,68.229,1069.350,-5.286
6674,12/14/25 08:10:53 PM,1.00,1.67,301.8,0.791,65.183,1069.350,-4.998
6675,12/14/25 08:20:53 PM,0.67,1.34,310.3,1.051,63.944,1069.350,-5.004
6676,12/14/25 08:30:53 PM,1.00,1.67,297.6,0.148,67.063,1069.350,-5.238
6677,12/14/25 08:40:53 PM,1.67,2.34,292.0,-1.775,75.010,1069.350,-5.618
6678,12/14/25 08:50:53 PM,1.00,2.34,310.3,-0.817,71.475,1069.350,-5.326
6679,12/14/25 09:00:53 PM,1.34,2.00,303.2,-0.587,71.844,1069.350,-5.037
6680,12/14/25 09:10:53 PM,1.00,1.67,296.2,-0.514,71.289,1069.350,-5.069
6681,12/14/25 09:20:53 PM,1.34,2.00,278.0,-1.362,74.818,1069.350,-5.251
6682,12/14/25 09:30:53 PM,1.00,1.67,278.0,-1.496,74.675,1069.350,-5.406
6683,12/14/25 09:40:53 PM,1.34,1.67,300.4,-1.724,73.556,1069.350,-5.825
6684,12/14/25 09:50:53 PM,1.00,1.67,313.1,-1.799,73.884,1069.350,-5.840
6685,12/14/25 10:00:53 PM,1.34,2.00,301.8,-1.319,73.396,1069.350,-5.462
6686,12/14/25 10:10:53 PM,1.00,1.34,308.9,-1.203,73.021,1069.350,-5.417
6687,12/14/25 10:20:53 PM,1.00,1.34,314.5,-1.021,72.204,1069.350,-5.390
6688,12/14/25 10:30:53 PM,1.67,2.67,286.4,-1.348,72.837,1069.350,-5.591
6689,12/14/25 10:40:53 PM,2.00,2.67,278.0,-1.691,74.743,1069.350,-5.583
6690,12/14/25 10:50:53 PM,2.00,2.67,275.2,-1.362,73.843,1069.350,-5.424
6691,12/14/25 11:00:53 PM,1.34,2.34,290.6,-1.214,72.880,1069.350,-5.453
6692,12/14/25 11:10:53 PM,0.67,1.34,290.6,-1.670,73.983,1069.350,-5.697
6693,12/14/25 11:20:53 PM,1.00,1.67,286.4,-2.040,75.103,1069.350,-5.859
6694,12/14/25 11:30:53 PM,1.34,2.34,304.7,-2.649,77.223,1069.350,-6.086
6695,12/14/25 11:40:53 PM,2.00,3.34,287.8,-1.847,74.627,1069.350,-5.755
6696,12/14/25 11:50:53 PM,1.34,3.01,283.6,-1.265,72.221,1069.350,-5.622
6697,12/15/25 12:00:53 AM,0.67,1.34,247.1,-1.185,70.980,1069.350,-5.772
6698,12/15/25 12:10:53 AM,1.34,3.34,290.6,-1.319,71.084,1069.350,-5.882
6699,12/15/25 12:20:53 AM,1.00,2.00,262.5,-1.375,71.225,1069.350,-5.910
6700,12/15/25 12:30:53 AM,0.67,1.67,297.6,-1.705,71.992,1069.350,-6.088
6701,12/15/25 12:40:53 AM,1.34,1.67,329.9,-2.458,74.075,1069.350,-6.444
6702,12/15/25 12:50:53 AM,1.67,2.34,322.9,-3.241,76.738,1069.350,-6.744
6703,12/15/25 01:00:53 AM,1.67,2.34,310.3,-3.284,77.549,1069.350,-6.649
6704,12/15/25 01:10:53 AM,1.67,2.67,300.4,-3.069,77.815,1069.350,-6.395
6705,12/15/25 01:20:53 AM,1.67,2.67,297.6,-3.198,78.679,1069.350,-6.377
6706,12/15/25 01:30:53 AM,2.00,3.01,290.6,-2.517,75.157,1069.350,-6.312
6707,12/15/25 01:40:53 AM,1.67,2.34,259.7,-3.134,76.997,1069.350,-6.596
6708,12/15/25 01:50:53 AM,0.33,1.00,280.8,-4.220,81.170,1069.350,-6.969
6709,12/15/25 02:00:53 AM,0.67,2.00,307.5,-3.316,78.206,1069.350,-6.570
6710,12/15/25 02:10:53 AM,1.00,1.67,318.7,-2.917,76.870,1069.350,-6.406
6711,12/15/25 02:20:53 AM,1.34,2.00,303.2,-2.809,76.631,1069.350,-6.342
6712,12/15/25 02:30:53 AM,1.00,1.67,292.0,-2.603,74.755,1069.350,-6.465
6713,12/15/25 02:40:53 AM,0.67,1.34,286.4,-3.134,76.666,1069.350,-6.652
6714,12/15/25 02:50:53 AM,0.33,1.00,292.0,-3.179,77.465,1069.350,-6.561
6715,12/15/25 03:00:53 AM,0.00,0.00,306.1,-4.067,80.829,1069.350,-6.874
6716,12/15/25 03:10:53 AM,0.00,0.00,315.9,-3.606,80.113,1069.350,-6.540
6717,12/15/25 03:20:53 AM,0.00,0.00,315.9,-3.498,78.233,1069.350,-6.743
6718,12/15/25 03:30:53 AM,0.00,0.00,315.9,-4.187,79.451,1069.350,-7.214
6719,12/15/25 03:40:53 AM,0.33,1.67,311.7,-4.437,80.842,1069.350,-7.234
6720,12/15/25 03:50:53 AM,0.67,1.00,306.1,-4.308,80.195,1069.350,-7.212
6721,12/15/25 04:00:53 AM,0.33,1.00,307.5,-4.035,79.771,1069.350,-7.014
6722,12/15/25 04:10:53 AM,0.00,0.00,307.5,-3.788,79.092,1069.350,-6.884
6723,12/15/25 04:20:53 AM,0.00,0.00,306.1,-4.088,80.092,1069.350,-7.014
6724,12/15/25 04:30:53 AM,0.00,0.00,301.8,-5.557,84.002,1069.350,-7.837
6725,12/15/25 04:40:53 AM,0.00,0.00,321.5,-5.348,85.359,1069.350,-7.425
6726,12/15/25 04:50:53 AM,0.00,0.00,321.5,-4.324,81.257,1069.350,-7.057
6727,12/15/25 05:00:53 AM,0.00,0.00,321.5,-3.665,79.059,1069.350,-6.769
6728,12/15/25 05:10:53 AM,0.00,0.00,321.5,-4.480,81.726,1069.350,-7.135
6729,12/15/25 05:20:53 AM,0.00,0.00,321.5,-3.852,79.907,1069.350,-6.813
6730,12/15/25 05:30:53 AM,0.00,0.00,321.5,-4.431,81.251,1069.350,-7.163
6731,12/15/25 05:40:53 AM,0.00,0.00,321.5,-4.986,83.709,1069.350,-7.321
6732,12/15/25 05:50:53 AM,0.00,0.00,314.5,-5.027,83.488,1069.350,-7.396
6733,12/15/25 06:00:53 AM,0.33,1.00,266.7,-5.407,83.880,1069.350,-7.708
6734,12/15/25 06:10:53 AM,0.67,1.00,262.5,-5.225,84.590,1069.350,-7.421
6735,12/15/25 06:20:53 AM,0.33,1.00,301.8,-5.348,84.878,1069.350,-7.498
6736,12/15/25 06:30:53 AM,0.67,1.00,35.1,-5.225,85.083,1069.350,-7.346
6737,12/15/25 06:40:53 AM,0.33,1.00,33.7,-4.383,82.387,1069.350,-6.936
6738,12/15/25 06:50:53 AM,0.33,1.67,11.2,-4.372,81.524,1069.350,-7.062
6739,12/15/25 07:00:53 AM,1.34,1.67,269.6,-6.340,87.367,1069.350,-8.103
6740,12/15/25 07:10:53 AM,1.34,1.67,279.4,-5.584,86.659,1069.350,-7.462
6741,12/15/25 07:20:53 AM,1.34,2.00,289.2,-5.343,85.512,1069.350,-7.397
6742,12/15/25 07:30:53 AM,1.67,2.00,283.6,-5.338,85.536,1069.350,-7.388
6743,12/15/25 07:40:53 AM,1.34,1.67,279.4,-5.241,85.142,1069.350,-7.352
6744,12/15/25 07:50:53 AM,0.33,1.00,279.4,-5.737,86.256,1069.350,-7.673
6745,12/15/25 08:00:53 AM,0.67,1.00,39.3,-6.517,89.139,1069.350,-8.019
6746,12/15/25 08:10:53 AM,0.67,1.34,64.6,-6.201,88.728,1069.350,-7.767
6747,12/15/25 08:20:53 AM,0.00,0.67,63.2,-5.911,88.412,1069.350,-7.526
6748,12/15/25 08:30:53 AM,0.00,0.00,75.8,-5.359,86.003,1069.350,-7.338
6749,12/15/25 08:40:53 AM,0.00,0.00,174.1,-6.584,88.737,1069.350,-8.144
6750,12/15/25 08:50:53 AM,0.00,0.00,231.6,-6.608,90.063,1069.350,-7.977
6751,12/15/25 09:00:53 AM,0.00,0.00,240.1,-6.244,89.102,1069.350,-7.755
6752,12/15/25 09:10:53 AM,0.00,0.00,240.1,-6.383,89.314,1069.350,-7.862
6753,12/15/25 09:20:53 AM,0.00,0.00,240.1,-6.220,88.609,1069.350,-7.803
6754,12/15/25 09:30:53 AM,0.67,1.34,296.2,-5.868,87.149,1069.350,-7.669
6755,12/15/25 09:40:53 AM,0.33,1.00,311.7,-4.611,84.021,1069.350,-6.905
6756,12/15/25 09:50:53 AM,0.33,0.67,296.2,-3.429,80.821,1069.350,-6.252
6757,12/15/25 10:00:53 AM,0.33,1.34,241.5,-3.852,82.931,1069.350,-6.330
6758,12/15/25 10:10:53 AM,0.00,0.00,244.3,-2.469,80.676,1069.350,-5.337
6759,12/15/25 10:20:53 AM,0.00,0.00,242.9,-0.756,75.499,1069.350,-4.544
6760,12/15/25 10:30:53 AM,0.00,0.67,242.9,-0.324,74.318,1069.350,-4.335
6761,12/15/25 10:40:53 AM,0.00,0.00,242.9,0.199,71.270,1069.350,-4.385
6762,12/15/25 10:50:53 AM,0.00,0.33,242.9,2.099,66.061,1069.350,-3.573
6763,12/15/25 11:00:53 AM,0.00,0.33,242.9,2.432,62.812,1069.350,-3.928
6764,12/15/25 11:10:53 AM,0.33,1.34,139.0,3.075,60.694,1069.350,-3.776
6765,12/15/25 11:20:53 AM,0.67,1.67,124.9,3.099,61.816,1069.350,-3.509
6766,12/15/25 11:30:53 AM,0.67,1.67,112.3,2.920,63.410,1069.350,-3.338
6767,12/15/25 11:40:53 AM,1.00,2.00,99.7,3.341,60.209,1069.350,-3.632
6768,12/15/25 11:50:53 AM,1.34,2.34,109.5,2.569,62.763,1069.350,-3.808
6769,12/15/25 12:00:53 PM,1.34,2.67,113.7,3.595,59.988,1069.350,-3.441
6770,12/15/25 12:10:53 PM,1.34,2.67,120.7,4.105,59.937,1069.350,-2.971
6771,12/15/25 12:20:53 PM,0.67,1.67,75.8,4.405,59.649,1069.350,-2.752
6772,12/15/25 12:30:53 PM,0.67,1.67,80.0,4.451,59.126,1069.350,-2.828
6773,12/15/25 12:40:53 PM,0.67,1.67,130.6,5.845,54.673,1069.350,-2.573
6774,12/15/25 12:50:53 PM,1.00,2.00,136.2,6.443,52.317,1069.350,-2.610
6775,12/15/25 01:00:53 PM,1.67,2.67,130.6,5.553,54.859,1069.350,-2.800
6776,12/15/25 01:10:53 PM,0.67,2.00,139.0,5.687,54.119,1069.350,-2.858
6777,12/15/25 01:20:53 PM,0.00,1.00,150.2,6.314,52.749,1069.350,-2.619
6778,12/15/25 01:30:53 PM,0.33,1.00,116.5,6.000,52.964,1069.350,-2.856
6779,12/15/25 01:40:53 PM,0.00,0.67,134.8,6.298,52.776,1069.350,-2.627
6780,12/15/25 01:50:53 PM,0.33,1.34,150.2,6.453,52.605,1069.350,-2.527
6781,12/15/25 02:00:53 PM,0.67,1.67,217.6,6.378,52.679,1069.350,-2.577
6782,12/15/25 02:10:53 PM,1.00,1.67,209.2,6.378,52.444,1069.350,-2.638
6783,12/15/25 02:20:53 PM,0.67,1.67,212.0,6.593,51.788,1069.350,-2.607
6784,12/15/25 02:30:53 PM,0.67,1.67,214.8,7.295,50.027,1069.350,-2.424
6785,12/15/25 02:40:53 PM,0.67,1.67,190.9,7.392,49.723,1069.350,-2.416
6786,12/15/25 02:50:53 PM,0.67,1.67,200.8,7.480,49.421,1069.350,-2.417
6787,12/15/25 03:00:53 PM,1.34,2.34,228.8,7.470,48.577,1069.350,-2.659
6788,12/15/25 03:10:53 PM,1.34,2.34,233.1,7.537,48.687,1069.350,-2.566
6789,12/15/25 03:20:53 PM,1.34,2.00,240.1,7.596,48.576,1069.350,-2.543
6790,12/15/25 03:30:53 PM,1.34,2.67,242.9,7.590,49.343,1069.350,-2.337
6791,12/15/25 03:40:53 PM,1.34,2.67,248.5,7.491,49.955,1069.350,-2.262
6792,12/15/25 03:50:53 PM,1.34,2.34,242.9,7.561,48.756,1069.350,-2.525
6793,12/15/25 04:00:53 PM,0.33,1.34,234.5,7.558,47.852,1069.350,-2.780
6794,12/15/25 04:10:53 PM,0.00,0.00,234.5,7.537,47.291,1069.350,-2.958
6795,12/15/25 04:20:53 PM,0.33,1.00,234.5,7.419,47.771,1069.350,-2.930
6796,12/15/25 04:30:53 PM,1.00,1.67,230.2,7.287,48.655,1069.350,-2.806
6797,12/15/25 04:40:53 PM,1.00,1.67,240.1,7.309,50.118,1069.350,-2.386
6798,12/15/25 04:50:53 PM,1.67,2.67,240.1,7.845,48.162,1069.350,-2.429
6799,12/15/25 05:00:53 PM,1.34,2.34,255.5,7.724,48.780,1069.350,-2.369
6800,12/15/25 05:10:53 PM,1.34,2.00,263.9,7.271,50.593,1069.350,-2.294
6801,12/15/25 05:20:53 PM,0.33,1.34,265.3,7.108,51.371,1069.350,-2.239
6802,12/15/25 05:30:53 PM,0.00,0.67,265.3,6.837,52.233,1069.350,-2.266
6803,12/15/25 05:40:53 PM,0.00,0.00,265.3,6.585,52.952,1069.350,-2.315
6804,12/15/25 05:50:53 PM,1.34,2.34,293.4,5.866,55.410,1069.350,-2.373
6805,12/15/25 06:00:53 PM,2.00,2.67,278.0,5.756,55.647,1069.350,-2.419
6806,12/15/25 06:10:53 PM,2.00,2.67,282.2,5.638,56.544,1069.350,-2.313
6807,12/15/25 06:20:53 PM,1.67,3.01,300.4,5.724,54.803,1069.350,-2.654
6808,12/15/25 06:30:53 PM,2.00,3.34,303.2,5.872,53.878,1069.350,-2.745
6809,12/15/25 06:40:53 PM,1.34,1.67,272.4,5.727,54.769,1069.350,-2.660
6810,12/15/25 06:50:53 PM,1.67,2.34,234.5,5.268,57.533,1069.350,-2.427
6811,12/15/25 07:00:53 PM,1.00,1.34,278.0,4.984,59.268,1069.350,-2.293
6812,12/15/25 07:10:53 PM,1.00,1.67,271.0,5.217,58.459,1069.350,-2.259
6813,12/15/25 07:20:53 PM,1.34,2.00,242.9,5.338,59.091,1069.350,-2.000
6814,12/15/25 07:30:53 PM,1.34,2.00,265.3,5.116,60.995,1069.350,-1.780
6815,12/15/25 07:40:53 PM,1.00,1.67,265.3,5.067,61.724,1069.350,-1.665
6816,12/15/25 07:50:53 PM,1.00,1.67,275.2,4.896,62.423,1069.350,-1.674
6817,12/15/25 08:00:53 PM,1.67,3.01,292.0,5.124,62.824,1069.350,-1.371
6818,12/15/25 08:10:53 PM,2.00,3.34,283.6,6.172,60.032,1069.350,-0.999
6819,12/15/25 08:20:53 PM,1.34,2.34,286.4,5.807,61.798,1069.350,-0.948
6820,12/15/25 08:30:53 PM,1.67,3.67,285.0,5.810,62.263,1069.350,-0.843
6821,12/15/25 08:40:53 PM,2.34,4.34,306.1,6.335,59.466,1069.350,-0.974
6822,12/15/25 08:50:53 PM,1.34,2.34,271.0,5.703,60.133,1069.350,-1.419
6823,12/15/25 09:00:53 PM,1.67,2.34,241.5,5.169,62.213,1069.350,-1.461
6824,12/15/25 09:10:53 PM,1.34,2.34,266.7,5.209,63.656,1069.350,-1.111
6825,12/15/25 09:20:53 PM,1.67,2.67,268.1,5.357,63.679,1069.350,-0.965
6826,12/15/25 09:30:53 PM,1.67,2.67,266.7,5.309,63.349,1069.350,-1.082
6827,12/15/25 09:40:53 PM,2.00,3.01,230.2,4.598,66.535,1069.350,-1.090
6828,12/15/25 09:50:53 PM,1.34,2.00,272.4,3.472,69.714,1069.350,-1.533
6829,12/15/25 10:00:53 PM,1.00,2.00,286.4,3.397,70.784,1069.350,-1.398
6830,12/15/25 10:10:53 PM,1.00,1.34,278.0,3.628,69.729,1069.350,-1.380
6831,12/15/25 10:20:53 PM,1.34,1.67,301.8,3.394,70.201,1069.350,-1.513
6832,12/15/25 10:30:53 PM,1.00,2.00,318.7,3.193,71.780,1069.350,-1.404
6833,12/15/25 10:40:53 PM,1.67,2.67,307.5,3.172,72.943,1069.350,-1.206
6834,12/15/25 10:50:53 PM,1.34,2.00,300.4,3.185,72.581,1069.350,-1.261
6835,12/15/25 11:00:53 PM,1.34,2.34,303.2,3.065,73.481,1069.350,-1.209
6836,12/15/25 11:10:53 PM,1.34,2.00,276.6,3.062,74.426,1069.350,-1.038
6837,12/15/25 11:20:53 PM,0.67,1.34,296.2,2.708,75.384,1069.350,-1.206
6838,12/15/25 11:30:53 PM,0.67,1.34,329.9,2.665,76.468,1069.350,-1.053
6839,12/15/25 11:40:53 PM,1.67,2.34,220.4,1.480,78.898,1069.350,-1.780
6840,12/15/25 11:50:53 PM,1.00,1.67,279.4,1.317,80.723,1069.350,-1.629
6841,12/16/25 12:00:53 AM,1.67,2.34,273.8,2.164,80.420,1069.350,-0.853
6842,12/16/25 12:10:53 AM,1.67,2.34,279.4,2.290,80.761,1069.350,-0.672
6843,12/16/25 12:20:53 AM,1.34,2.00,310.3,3.392,79.269,1069.350,0.147
6844,12/16/25 12:30:53 AM,1.34,2.00,292.0,4.354,74.415,1069.350,0.210
6845,12/16/25 12:40:53 AM,1.34,2.00,300.4,4.164,73.616,1069.350,-0.122
6846,12/16/25 12:50:53 AM,1.00,2.34,342.6,3.960,74.171,1069.350,-0.216
6847,12/16/25 01:00:53 AM,1.34,2.67,334.1,3.260,76.915,1069.350,-0.396
6848,12/16/25 01:10:53 AM,1.34,2.34,327.1,3.392,78.083,1069.350,-0.060
6849,12/16/25 01:20:53 AM,1.67,3.01,325.7,4.853,74.817,1069.350,0.768
6850,12/16/25 01:30:53 AM,0.67,2.34,327.1,4.893,74.432,1069.350,0.735
6851,12/16/25 01:40:53 AM,0.33,1.34,148.8,3.054,78.657,1069.350,-0.289
6852,12/16/25 01:50:53 AM,0.33,1.00,176.9,3.352,79.052,1069.350,0.070
6853,12/16/25 02:00:53 AM,0.33,2.34,254.1,3.386,79.988,1069.350,0.266
6854,12/16/25 02:10:53 AM,1.00,2.00,296.2,4.432,80.821,1069.350,1.431
6855,12/16/25 02:20:53 AM,2.34,3.67,321.5,5.443,78.915,1069.350,2.084
6856,12/16/25 02:30:53 AM,1.67,3.34,248.5,4.850,79.924,1069.350,1.683
6857,12/16/25 02:40:53 AM,2.34,3.67,227.4,4.172,80.391,1069.350,1.103
6858,12/16/25 02:50:53 AM,1.34,2.67,259.7,3.998,81.238,1069.350,1.078
6859,12/16/25 03:00:53 AM,1.00,2.00,248.5,4.075,80.212,1069.350,0.977
6860,12/16/25 03:10:53 AM,1.34,2.00,279.4,3.167,82.570,1069.350,0.490
6861,12/16/25 03:20:53 AM,1.34,2.34,278.0,2.764,84.738,1069.350,0.453
6862,12/16/25 03:30:53 AM,1.67,2.34,271.0,2.818,85.646,1069.350,0.654
6863,12/16/25 03:40:53 AM,2.00,3.01,261.1,1.276,88.806,1069.350,-0.367
6864,12/16/25 03:50:53 AM,1.00,2.34,282.2,1.108,90.994,1069.350,-0.199
6865,12/16/25 04:00:53 AM,1.00,1.67,276.6,1.467,91.963,1069.350,0.303
6866,12/16/25 04:10:53 AM,0.67,2.00,252.7,1.695,89.509,1069.350,0.155
6867,12/16/25 04:20:53 AM,1.34,2.00,296.2,1.437,90.945,1069.350,0.119
6868,12/16/25 04:30:53 AM,1.34,1.67,308.9,2.445,89.662,1069.350,0.921
6869,12/16/25 04:40:53 AM,1.34,2.00,279.4,1.992,89.525,1069.350,0.452
6870,12/16/25 04:50:53 AM,1.34,2.34,262.5,1.931,89.799,1069.350,0.433
6871,12/16/25 05:00:53 AM,1.67,2.34,272.4,0.928,91.284,1069.350,-0.334
6872,12/16/25 05:10:53 AM,1.67,2.00,293.4,0.869,92.222,1069.350,-0.252
6873,12/16/25 05:20:53 AM,1.34,1.67,297.6,2.357,88.846,1069.350,0.707
6874,12/16/25 05:30:53 AM,1.34,2.00,285.0,1.925,88.183,1069.350,0.177
6875,12/16/25 05:40:53 AM,1.34,1.67,332.7,1.842,88.875,1069.350,0.203
6876,12/16/25 05:50:53 AM,1.00,2.34,292.0,2.451,88.200,1069.350,0.699
6877,12/16/25 06:00:53 AM,1.34,2.34,247.1,3.097,86.133,1069.350,1.007
6878,12/16/25 06:10:53 AM,1.67,2.00,310.3,2.314,88.386,1069.350,0.593
6879,12/16/25 06:20:53 AM,1.00,2.00,301.8,2.810,89.061,1069.350,1.188
6880,12/16/25 06:30:53 AM,0.67,1.67,348.2,3.335,87.807,1069.350,1.509
6881,12/16/25 06:40:53 AM,0.00,0.00,297.6,3.070,88.389,1069.350,1.340
6882,12/16/25 06:50:53 AM,0.67,1.67,282.2,2.555,89.397,1069.350,0.988
6883,12/16/25 07:00:53 AM,1.00,1.67,292.0,2.491,90.253,1069.350,1.057
6884,12/16/25 07:10:53 AM,0.67,1.00,301.8,3.322,87.863,1069.350,1.505
6885,12/16/25 07:20:53 AM,0.67,1.00,301.8,3.266,88.293,1069.350,1.518
6886,12/16/25 07:30:53 AM,1.00,1.34,313.1,2.880,89.253,1069.350,1.287
6887,12/16/25 07:40:53 AM,1.00,2.00,329.9,3.121,88.754,1069.350,1.447
6888,12/16/25 07:50:53 AM,1.00,1.34,308.9,3.041,88.977,1069.350,1.403
6889,12/16/25 08:00:53 AM,1.00,1.34,304.7,3.201,88.098,1069.350,1.423
6890,12/16/25 08:10:53 AM,0.67,1.34,304.7,3.153,88.644,1069.350,1.462
6891,12/16/25 08:20:53 AM,1.00,2.00,300.4,3.373,87.050,1069.350,1.426
6892,12/16/25 08:30:53 AM,1.00,2.00,289.2,2.220,91.156,1069.350,0.927
6893,12/16/25 08:40:53 AM,0.33,1.34,313.1,3.177,89.076,1069.350,1.553
6894,12/16/25 08:50:53 AM,0.00,0.00,314.5,3.604,87.486,1069.350,1.723
6895,12/16/25 09:00:53 AM,1.00,1.67,332.7,3.475,88.936,1069.350,1.826
6896,12/16/25 09:10:53 AM,1.34,2.00,307.5,3.676,88.495,1069.350,1.955
6897,12/16/25 09:20:53 AM,1.00,2.00,300.4,3.890,88.705,1069.350,2.199
6898,12/16/25 09:30:53 AM,1.34,2.34,241.5,2.893,90.277,1069.350,1.459
6899,12/16/25 09:40:53 AM,0.67,1.00,256.9,2.185,92.847,1069.350,1.148
6900,12/16/25 09:50:53 AM,0.67,1.34,252.7,2.971,92.184,1069.350,1.828
6901,12/16/25 10:00:53 AM,0.67,1.34,221.8,2.660,92.438,1069.350,1.558
6902,12/16/25 10:10:53 AM,0.00,1.34,220.4,2.571,92.584,1069.350,1.491
6903,12/16/25 10:20:53 AM,0.67,1.67,54.8,3.263,91.215,1069.350,1.970
6904,12/16/25 10:30:53 AM,0.33,1.00,9.8,4.539,87.739,1069.350,2.686
6905,12/16/25 10:40:53 AM,1.00,1.67,290.6,5.566,84.660,1069.350,3.193
6906,12/16/25 10:50:53 AM,1.34,2.00,273.8,6.526,82.643,1069.350,3.792
6907,12/16/25 11:00:53 AM,0.67,1.34,252.7,6.660,83.023,1069.350,3.989
6908,12/16/25 11:10:53 AM,0.33,0.67,251.3,7.207,82.039,1069.350,4.355
6909,12/16/25 11:20:53 AM,0.67,1.00,252.7,8.091,79.625,1069.350,4.791
6910,12/16/25 11:30:53 AM,1.00,1.67,258.3,8.164,79.316,1069.350,4.806
6911,12/16/25 11:40:53 AM,1.34,2.00,261.1,8.743,78.309,1069.350,5.187
6912,12/16/25 11:50:53 AM,1.67,3.01,292.0,9.384,75.422,1069.350,5.269
6913,12/16/25 12:00:53 PM,2.34,3.67,293.4,9.813,73.628,1069.350,5.337
6914,12/16/25 12:10:53 PM,3.34,5.01,304.7,9.928,73.092,1069.350,5.343
6915,12/16/25 12:20:53 PM,3.34,5.34,318.7,10.092,72.605,1069.350,5.405
6916,12/16/25 12:30:53 PM,3.01,4.68,311.7,10.201,72.221,1069.350,5.434
6917,12/16/25 12:40:53 PM,1.67,3.34,307.5,10.504,71.420,1069.350,5.565
6918,12/16/25 12:50:53 PM,2.00,3.67,280.8,11.129,68.876,1069.350,5.642
6919,12/16/25 01:00:53 PM,1.67,3.34,240.1,11.848,67.082,1069.350,5.948
6920,12/16/25 01:10:53 PM,2.00,5.34,258.3,12.212,65.429,1069.350,5.934
6921,12/16/25 01:20:53 PM,2.34,4.34,252.7,11.531,66.470,1069.350,5.513
6922,12/16/25 01:30:53 PM,2.67,4.34,276.6,11.263,67.127,1069.350,5.399
6923,12/16/25 01:40:53 PM,2.00,4.01,275.2,11.309,66.357,1069.350,5.277
6924,12/16/25 01:50:53 PM,2.67,4.68,303.2,11.451,64.913,1069.350,5.096
6925,12/16/25 02:00:53 PM,3.67,5.68,299.0,11.311,63.357,1069.350,4.616
6926,12/16/25 02:10:53 PM,3.01,4.68,292.0,11.311,62.815,1069.350,4.493
6927,12/16/25 02:20:53 PM,3.34,4.68,279.4,11.408,62.026,1069.350,4.404
6928,12/16/25 02:30:53 PM,2.67,4.34,275.2,11.408,62.388,1069.350,4.487
6929,12/16/25 02:40:53 PM,2.67,4.34,262.5,11.089,63.214,1069.350,4.373
6930,12/16/25 02:50:53 PM,2.67,4.34,268.1,10.762,64.825,1069.350,4.422
6931,12/16/25 03:00:53 PM,2.34,4.01,269.6,10.641,64.840,1069.350,4.310
6932,12/16/25 03:10:53 PM,2.00,3.34,269.6,10.542,65.527,1069.350,4.366
6933,12/16/25 03:20:53 PM,1.67,2.67,262.5,10.526,65.029,1069.350,4.242
6934,12/16/25 03:30:53 PM,1.67,2.67,261.1,10.360,65.966,1069.350,4.288
6935,12/16/25 03:40:53 PM,1.34,2.00,256.9,10.271,66.862,1069.350,4.395
6936,12/16/25 03:50:53 PM,1.67,2.34,266.7,10.159,67.279,1069.350,4.377
6937,12/16/25 04:00:53 PM,2.00,3.01,276.6,10.105,66.111,1069.350,4.076
6938,12/16/25 04:10:53 PM,2.00,3.01,272.4,10.057,65.745,1069.350,3.951
6939,12/16/25 04:20:53 PM,2.00,3.01,283.6,9.995,65.695,1069.350,3.881
6940,12/16/25 04:30:53 PM,1.67,2.67,293.4,9.856,66.715,1069.350,3.968
6941,12/16/25 04:40:53 PM,1.67,2.67,289.2,9.660,67.697,1069.350,3.989
6942,12/16/25 04:50:53 PM,1.67,3.01,278.0,9.488,68.209,1069.350,3.931
6943,12/16/25 05:00:53 PM,1.34,2.34,266.7,9.167,69.502,1069.350,3.891
6944,12/16/25 05:10:53 PM,1.34,1.67,255.5,8.735,70.805,1069.350,3.740
6945,12/16/25 05:20:53 PM,1.34,1.67,271.0,8.008,73.466,1069.350,3.563
6946,12/16/25 05:30:53 PM,1.00,2.00,293.4,7.636,75.167,1069.350,3.528
6947,12/16/25 05:40:53 PM,1.34,2.00,318.7,7.263,76.818,1069.350,3.474
6948,12/16/25 05:50:53 PM,0.67,1.67,308.9,6.585,78.579,1069.350,3.136
6949,12/16/25 06:00:53 PM,1.34,2.00,265.3,6.199,80.459,1069.350,3.093
6950,12/16/25 06:10:53 PM,1.00,2.00,276.6,5.778,81.303,1069.350,2.829
6951,12/16/25 06:20:53 PM,1.34,2.00,252.7,5.689,81.996,1069.350,2.862
6952,12/16/25 06:30:53 PM,1.34,2.00,252.7,4.866,83.589,1069.350,2.326
6953,12/16/25 06:40:53 PM,1.34,2.00,285.0,4.172,86.290,1069.350,2.090
6954,12/16/25 06:50:53 PM,1.67,2.00,285.0,4.078,86.674,1069.350,2.060
6955,12/16/25 07:00:53 PM,1.34,1.67,299.0,4.301,86.358,1069.350,2.228
6956,12/16/25 07:10:53 PM,1.00,1.67,261.1,4.410,85.417,1069.350,2.182
6957,12/16/25 07:20:53 PM,1.34,2.67,245.7,4.059,86.838,1069.350,2.068
6958,12/16/25 07:30:53 PM,1.34,2.00,254.1,4.073,87.109,1069.350,2.125
6959,12/16/25 07:40:53 PM,1.34,1.67,301.8,3.837,87.736,1069.350,1.993
6960,12/16/25 07:50:53 PM,1.34,2.00,283.6,5.129,82.538,1069.350,2.406
6961,12/16/25 08:00:53 PM,1.34,2.00,279.4,5.563,79.625,1069.350,2.326
6962,12/16/25 08:10:53 PM,0.67,1.34,289.2,4.791,82.289,1069.350,2.033
6963,12/16/25 08:20:53 PM,1.34,2.34,287.8,5.309,80.400,1069.350,2.214
6964,12/16/25 08:30:53 PM,1.00,1.67,244.3,4.644,82.191,1069.350,1.873
6965,12/16/25 08:40:53 PM,0.33,1.34,248.5,4.373,83.461,1069.350,1.821
6966,12/16/25 08:50:53 PM,0.67,1.67,255.5,4.585,83.069,1069.350,1.963
6967,12/16/25 09:00:53 PM,0.67,1.67,292.0,5.065,82.614,1069.350,2.357
6968,12/16/25 09:10:53 PM,1.00,2.00,286.4,5.633,80.987,1069.350,2.633
6969,12/16/25 09:20:53 PM,1.00,2.00,271.0,4.705,82.843,1069.350,2.043
6970,12/16/25 09:30:53 PM,1.67,3.01,15.4,4.772,84.662,1069.350,2.413
6971,12/16/25 09:40:53 PM,1.34,3.01,322.9,5.831,80.581,1069.350,2.755
6972,12/16/25 09:50:53 PM,1.00,2.67,223.2,5.848,80.131,1069.350,2.693
6973,12/16/25 10:00:53 PM,1.34,2.00,282.2,5.295,83.021,1069.350,2.651
6974,12/16/25 10:10:53 PM,1.00,2.00,273.8,5.207,85.158,1069.350,2.923
6975,12/16/25 10:20:53 PM,1.00,1.67,292.0,4.957,89.235,1069.350,3.337
6976,12/16/25 10:30:53 PM,1.67,3.01,325.7,5.343,88.751,1069.350,3.641
6977,12/16/25 10:40:53 PM,1.00,2.34,304.7,5.086,90.600,1069.350,3.680
6978,12/16/25 10:50:53 PM,2.00,2.67,327.1,4.874,92.470,1069.350,3.760
6979,12/16/25 11:00:53 PM,2.00,2.67,322.9,4.979,92.807,1069.350,3.916
6980,12/16/25 11:10:53 PM,2.00,2.67,334.1,5.097,92.187,1069.350,3.938
6981,12/16/25 11:20:53 PM,2.00,3.01,331.3,4.963,93.298,1069.350,3.975
6982,12/16/25 11:30:53 PM,1.34,2.00,300.4,5.268,91.772,1069.350,4.043
6983,12/16/25 11:40:53 PM,0.00,0.67,242.9,4.716,93.791,1069.350,3.804
6984,12/16/25 11:50:53 PM,0.00,0.00,242.9,4.435,95.123,1069.350,3.725
6985,12/17/25 12:00:53 AM,0.00,0.00,238.7,4.172,96.490,1069.350,3.666
6986,12/17/25 12:10:53 AM,1.00,2.00,73.0,3.676,98.370,1069.350,3.444
6987,12/17/25 12:20:53 AM,1.34,2.00,53.3,3.419,99.310,1069.350,3.321
6988,12/17/25 12:30:53 AM,1.00,2.00,28.1,3.526,97.967,1069.350,3.236
6989,12/17/25 12:40:53 AM,0.33,1.67,30.9,3.735,97.864,1069.350,3.430
6990,12/17/25 12:50:53 AM,0.00,1.00,40.7,3.705,97.720,1069.350,3.379
6991,12/17/25 01:00:53 AM,1.34,2.00,8.4,3.802,97.624,1069.350,3.462
6992,12/17/25 01:10:53 AM,0.67,2.00,15.4,4.027,96.153,1069.350,3.471
6993,12/17/25 01:20:53 AM,0.00,0.67,15.4,4.140,95.714,1069.350,3.519
6994,12/17/25 01:30:53 AM,0.00,0.67,35.1,3.912,97.485,1069.350,3.552
6995,12/17/25 01:40:53 AM,0.00,0.33,33.7,4.094,97.285,1069.350,3.704
6996,12/17/25 01:50:53 AM,0.33,2.00,57.6,4.089,97.386,1069.350,3.714
6997,12/17/25 02:00:53 AM,1.00,2.00,89.9,4.298,96.759,1069.350,3.831
6998,12/17/25 02:10:53 AM,0.67,2.34,353.8,4.834,94.673,1069.350,4.055
6999,12/17/25 02:20:53 AM,0.67,1.67,7.0,4.813,95.360,1069.350,4.137
7000,12/17/25 02:30:53 AM,0.00,0.67,15.4,4.480,97.279,1069.350,4.089
7001,12/17/25 02:40:53 AM,0.33,1.34,98.3,4.373,97.435,1069.350,4.005
7002,12/17/25 02:50:53 AM,0.00,0.00,329.9,4.467,97.124,1069.350,4.053
7003,12/17/25 03:00:53 AM,0.33,1.34,324.3,4.526,97.401,1069.350,4.152
7004,12/17/25 03:10:53 AM,1.00,2.34,355.2,4.716,97.148,1069.350,4.305
7005,12/17/25 03:20:53 AM,0.33,1.67,8.4,4.941,96.844,1069.350,4.485
7006,12/17/25 03:30:53 AM,0.00,0.00,11.2,4.767,97.652,1069.350,4.430
7007,12/17/25 03:40:53 AM,0.67,2.00,106.7,4.724,97.559,1069.350,4.373
7008,12/17/25 03:50:53 AM,1.67,3.67,134.8,4.786,98.811,1069.350,4.617
7009,12/17/25 04:00:53 AM,1.00,2.34,133.4,4.915,97.765,1069.350,4.594
7010,12/17/25 04:10:53 AM,1.34,2.34,98.3,4.582,99.651,1069.350,4.534
7011,12/17/25 04:20:53 AM,1.67,2.34,98.3,4.810,99.997,1069.350,4.812
7012,12/17/25 04:30:53 AM,1.00,2.00,113.7,5.008,99.936,1069.350,5.002
7013,12/17/25 04:40:53 AM,1.00,1.67,56.2,5.011,99.945,1069.350,5.006
7014,12/17/25 04:50:53 AM,0.33,1.34,28.1,5.220,99.689,1069.350,5.179
7015,12/17/25 05:00:53 AM,0.00,1.34,115.1,5.692,98.283,1069.350,5.446
7016,12/17/25 05:10:53 AM,0.00,0.00,127.8,5.512,99.036,1069.350,5.376
7017,12/17/25 05:20:53 AM,0.00,1.34,101.1,5.381,99.731,1069.350,5.346
7018,12/17/25 05:30:53 AM,0.67,1.67,42.1,5.408,99.997,1069.350,5.411
7019,12/17/25 05:40:53 AM,0.67,1.67,321.5,5.566,99.997,1069.350,5.570
7020,12/17/25 05:50:53 AM,0.67,1.34,331.3,5.590,99.997,1069.350,5.594
7021,12/17/25 06:00:53 AM,0.67,1.67,293.4,5.759,99.997,1069.350,5.763
7022,12/17/25 06:10:53 AM,0.33,1.67,272.4,5.941,99.820,1069.350,5.919
7023,12/17/25 06:20:53 AM,1.00,1.67,271.0,5.872,99.367,1069.350,5.785
7024,12/17/25 06:30:53 AM,0.67,1.67,258.3,5.874,99.969,1069.350,5.874
7025,12/17/25 06:40:53 AM,0.00,1.00,255.5,5.864,99.890,1069.350,5.853
7026,12/17/25 06:50:53 AM,0.00,0.00,255.5,5.762,99.997,1069.350,5.766
7027,12/17/25 07:00:53 AM,0.33,2.00,307.5,5.703,99.997,1069.350,5.707
7028,12/17/25 07:10:53 AM,2.34,6.35,235.9,6.464,98.988,1069.350,6.322
7029,12/17/25 07:20:53 AM,5.68,11.35,230.2,8.142,93.339,1069.350,7.139
7030,12/17/25 07:30:53 AM,6.01,9.35,226.0,8.338,92.216,1069.350,7.157
7031,12/17/25 07:40:53 AM,6.68,10.02,217.6,8.303,92.067,1069.350,7.099
7032,12/17/25 07:50:53 AM,6.68,10.02,219.0,7.941,94.385,1069.350,7.102
7033,12/17/25 08:00:53 AM,7.68,12.69,223.2,8.022,94.244,1069.350,7.161
7034,12/17/25 08:10:53 AM,6.01,9.35,230.2,7.877,95.680,1069.350,7.238
7035,12/17/25 08:20:53 AM,6.35,11.69,230.2,7.941,95.517,1069.350,7.276
7036,12/17/25 08:30:53 AM,7.35,12.02,233.1,8.102,94.496,1069.350,7.280
7037,12/17/25 08:40:53 AM,7.01,10.69,242.9,8.167,94.522,1069.350,7.348
7038,12/17/25 08:50:53 AM,7.01,11.69,241.5,8.105,95.790,1069.350,7.482
7039,12/17/25 09:00:53 AM,8.02,15.36,242.9,8.384,94.295,1069.350,7.529
7040,12/17/25 09:10:53 AM,11.69,19.04,254.1,8.266,94.415,1069.350,7.430
7041,12/17/25 09:20:53 AM,10.69,17.70,259.7,7.904,96.741,1069.350,7.426
7042,12/17/25 09:30:53 AM,10.69,18.03,261.1,7.306,97.206,1069.350,6.899
7043,12/17/25 09:40:53 AM,9.68,14.69,268.1,7.343,97.557,1069.350,6.989
7044,12/17/25 09:50:53 AM,10.69,15.36,266.7,7.907,94.121,1069.350,7.028
7045,12/17/25 10:00:53 AM,12.02,18.37,269.6,8.129,92.026,1069.350,6.920
7046,12/17/25 10:10:53 AM,12.69,18.70,271.0,8.041,91.388,1069.350,6.731
7047,12/17/25 10:20:53 AM,11.35,18.37,278.0,7.730,88.850,1069.350,6.015
7048,12/17/25 10:30:53 AM,14.03,21.37,275.2,7.815,83.728,1069.350,5.242
7049,12/17/25 10:40:53 AM,12.36,18.37,276.6,8.019,84.056,1069.350,5.498
7050,12/17/25 10:50:53 AM,12.69,20.04,280.8,7.845,81.057,1069.350,4.806
7051,12/17/25 11:00:53 AM,11.35,19.04,279.4,7.724,80.381,1069.350,4.568
7052,12/17/25 11:10:53 AM,13.69,21.37,286.4,7.301,77.421,1069.350,3.622
7053,12/17/25 11:20:53 AM,12.69,20.37,278.0,7.504,71.768,1069.350,2.746
7054,12/17/25 11:30:53 AM,11.35,18.37,287.8,7.614,71.580,1069.350,2.815
7055,12/17/25 11:40:53 AM,13.69,20.04,289.2,6.679,70.248,1069.350,1.653
7056,12/17/25 11:50:53 AM,14.36,20.04,290.6,6.440,65.968,1069.350,0.551
7057,12/17/25 12:00:53 PM,14.69,25.38,286.4,6.250,65.589,1069.350,0.290
7058,12/17/25 12:10:53 PM,14.03,20.37,280.8,6.228,64.958,1069.350,0.136
7059,12/17/25 12:20:53 PM,15.03,22.38,280.8,5.853,63.377,1069.350,-0.559
7060,12/17/25 12:30:53 PM,14.36,20.37,285.0,5.617,61.407,1069.350,-1.214
7061,12/17/25 12:40:53 PM,14.03,20.04,282.2,5.153,60.421,1069.350,-1.873
7062,12/17/25 12:50:53 PM,14.69,22.38,282.2,4.751,57.111,1069.350,-3.011
7063,12/17/25 01:00:53 PM,13.36,19.37,280.8,4.652,54.621,1069.350,-3.700
7064,12/17/25 01:10:53 PM,13.36,21.04,275.2,4.582,55.398,1069.350,-3.577
7065,12/17/25 01:20:53 PM,11.69,16.70,278.0,4.727,57.299,1069.350,-2.989
7066,12/17/25 01:30:53 PM,10.69,16.03,285.0,3.794,61.268,1069.350,-2.970
7067,12/17/25 01:40:53 PM,10.69,15.70,285.0,3.051,63.185,1069.350,-3.261
7068,12/17/25 01:50:53 PM,10.35,15.03,292.0,3.217,63.288,1069.350,-3.082
7069,12/17/25 02:00:53 PM,10.69,16.03,286.4,3.432,62.354,1069.350,-3.077
7070,12/17/25 02:10:53 PM,10.02,15.03,279.4,3.630,61.779,1069.350,-3.014
7071,12/17/25 02:20:53 PM,10.35,16.03,282.2,3.295,61.352,1069.350,-3.424
7072,12/17/25 02:30:53 PM,10.69,16.03,280.8,3.649,59.001,1069.350,-3.612
7073,12/17/25 02:40:53 PM,10.02,14.69,282.2,3.547,57.943,1069.350,-3.949
7074,12/17/25 02:50:53 PM,11.69,17.37,282.2,3.708,56.095,1069.350,-4.229
7075,12/17/25 03:00:53 PM,9.68,13.36,275.2,4.094,57.313,1069.350,-3.580
7076,12/17/25 03:10:53 PM,11.02,16.36,275.2,4.266,55.779,1069.350,-3.781
7077,12/17/25 03:20:53 PM,10.69,17.03,285.0,4.032,54.861,1069.350,-4.221
7078,12/17/25 03:30:53 PM,11.35,16.03,278.0,3.590,56.057,1069.350,-4.348
7079,12/17/25 03:40:53 PM,10.69,16.03,276.6,2.571,57.830,1069.350,-4.892
7080,12/17/25 03:50:53 PM,10.02,14.69,275.2,2.979,57.053,1069.350,-4.688
7081,12/17/25 04:00:53 PM,10.69,16.36,280.8,3.325,56.007,1069.350,-4.608
7082,12/17/25 04:10:53 PM,10.35,15.36,282.2,3.169,56.326,1069.350,-4.679
7083,12/17/25 04:20:53 PM,10.35,16.03,278.0,2.628,56.132,1069.350,-5.232
7084,12/17/25 04:30:53 PM,9.68,15.36,279.4,2.335,55.972,1069.350,-5.544
7085,12/17/25 04:40:53 PM,9.35,13.36,276.6,2.097,55.593,1069.350,-5.856
7086,12/17/25 04:50:53 PM,9.68,15.03,285.0,1.831,55.061,1069.350,-6.230
7087,12/17/25 05:00:53 PM,7.68,12.02,280.8,1.770,56.721,1069.350,-5.899
7088,12/17/25 05:10:53 PM,7.68,12.02,276.6,1.890,57.630,1069.350,-5.578
7089,12/17/25 05:20:53 PM,7.35,10.35,278.0,1.877,58.065,1069.350,-5.492
7090,12/17/25 05:30:53 PM,8.02,12.36,278.0,1.528,58.961,1069.350,-5.619
7091,12/17/25 05:40:53 PM,8.02,11.69,279.4,1.268,59.944,1069.350,-5.648
7092,12/17/25 05:50:53 PM,7.35,10.35,280.8,1.075,60.992,1069.350,-5.603
7093,12/17/25 06:00:53 PM,7.01,10.02,276.6,0.847,61.386,1069.350,-5.734
7094,12/17/25 06:10:53 PM,6.68,10.69,276.6,0.687,61.190,1069.350,-5.928
7095,12/17/25 06:20:53 PM,8.35,13.02,278.0,0.721,58.486,1069.350,-6.486
7096,12/17/25 06:30:53 PM,7.35,12.02,282.2,0.625,56.970,1069.350,-6.917
7097,12/17/25 06:40:53 PM,6.01,9.35,283.6,0.357,57.829,1069.350,-6.975
7098,12/17/25 06:50:53 PM,5.34,8.68,296.2,0.234,57.865,1069.350,-7.083
7099,12/17/25 07:00:53 PM,6.01,9.02,297.6,0.314,56.428,1069.350,-7.333
7100,12/17/25 07:10:53 PM,4.34,8.02,292.0,-0.002,58.091,1069.350,-7.254
7101,12/17/25 07:20:53 PM,5.01,9.68,287.8,-0.080,58.564,1069.350,-7.223
7102,12/17/25 07:30:53 PM,5.68,9.68,285.0,-0.024,57.699,1069.350,-7.363
7103,12/17/25 07:40:53 PM,6.01,11.02,280.8,0.024,56.799,1069.350,-7.521
7104,12/17/25 07:50:53 PM,5.68,8.02,280.8,-0.145,57.610,1069.350,-7.497
7105,12/17/25 08:00:53 PM,5.34,8.02,278.0,-0.271,58.799,1069.350,-7.351
7106,12/17/25 08:10:53 PM,5.01,7.68,279.4,-0.378,59.234,1069.350,-7.357
7107,12/17/25 08:20:53 PM,4.34,8.68,293.4,-0.603,59.632,1069.350,-7.483
7108,12/17/25 08:30:53 PM,4.34,7.68,299.0,-0.501,58.650,1069.350,-7.601
7109,12/17/25 08:40:53 PM,3.34,6.68,289.2,-0.823,60.435,1069.350,-7.518
7110,12/17/25 08:50:53 PM,3.67,6.35,289.2,-0.742,60.601,1069.350,-7.406
7111,12/17/25 09:00:53 PM,3.67,6.01,283.6,-0.758,61.279,1069.350,-7.277
7112,12/17/25 09:10:53 PM,3.67,5.68,276.6,-0.984,63.183,1069.350,-7.096
7113,12/17/25 09:20:53 PM,4.01,6.01,278.0,-1.187,64.460,1069.350,-7.030
7114,12/17/25 09:30:53 PM,3.34,5.68,279.4,-1.295,64.913,1069.350,-7.042
7115,12/17/25 09:40:53 PM,2.67,4.34,287.8,-1.729,66.595,1069.350,-7.125
7116,12/17/25 09:50:53 PM,3.01,5.34,292.0,-1.879,67.114,1069.350,-7.168
7117,12/17/25 10:00:53 PM,3.67,5.01,283.6,-1.713,66.412,1069.350,-7.145
7118,12/17/25 10:10:53 PM,3.67,5.34,292.0,-1.750,66.625,1069.350,-7.139
7119,12/17/25 10:20:53 PM,4.34,6.35,294.8,-1.313,63.740,1069.350,-7.295
7120,12/17/25 10:30:53 PM,4.34,6.01,292.0,-1.225,63.116,1069.350,-7.339
7121,12/17/25 10:40:53 PM,4.34,6.01,286.4,-1.308,63.581,1069.350,-7.323
7122,12/17/25 10:50:53 PM,4.01,5.68,293.4,-1.493,64.047,1069.350,-7.404
7123,12/17/25 11:00:53 PM,4.01,5.34,292.0,-1.622,64.350,1069.350,-7.466
7124,12/17/25 11:10:53 PM,4.68,6.35,292.0,-1.439,63.433,1069.350,-7.477
7125,12/17/25 11:20:53 PM,4.01,6.01,287.8,-1.375,62.155,1069.350,-7.679
7126,12/17/25 11:30:53 PM,3.34,4.68,285.0,-1.383,61.363,1069.350,-7.852
7127,12/17/25 11:40:53 PM,3.34,4.68,293.4,-1.549,62.075,1069.350,-7.861
7128,12/17/25 11:50:53 PM,3.01,4.01,294.8,-1.756,63.214,1069.350,-7.823
7129,12/18/25 12:00:53 AM,2.34,4.01,306.1,-1.831,63.540,1069.350,-7.828
7130,12/18/25 12:10:53 AM,2.67,4.01,296.2,-2.010,64.926,1069.350,-7.721
7131,12/18/25 12:20:53 AM,2.67,4.01,289.2,-2.086,65.003,1069.350,-7.778
7132,12/18/25 12:30:53 AM,2.67,4.01,299.0,-2.238,65.968,1069.350,-7.734
7133,12/18/25 12:40:53 AM,2.67,3.34,314.5,-2.348,66.644,1069.350,-7.707
7134,12/18/25 12:50:53 AM,3.01,4.01,306.1,-2.313,67.280,1069.350,-7.551
7135,12/18/25 01:00:53 AM,3.34,4.68,303.2,-1.807,65.260,1069.350,-7.461
7136,12/18/25 01:10:53 AM,2.34,3.34,294.8,-1.863,65.315,1069.350,-7.504
7137,12/18/25 01:20:53 AM,2.00,3.01,278.0,-2.265,67.811,1069.350,-7.404
7138,12/18/25 01:30:53 AM,1.34,1.67,254.1,-2.960,71.127,1069.350,-7.455
7139,12/18/25 01:40:53 AM,1.34,1.67,245.7,-3.391,73.594,1069.350,-7.431
7140,12/18/25 01:50:53 AM,1.34,2.00,256.9,-3.134,72.512,1069.350,-7.374
7141,12/18/25 02:00:53 AM,1.00,1.67,268.1,-3.295,72.868,1069.350,-7.466
7142,12/18/25 02:10:53 AM,1.00,2.00,262.5,-3.131,71.511,1069.350,-7.551
7143,12/18/25 02:20:53 AM,1.00,2.00,262.5,-3.187,71.376,1069.350,-7.629
7144,12/18/25 02:30:53 AM,1.67,2.34,276.6,-3.973,74.824,1069.350,-7.781
7145,12/18/25 02:40:53 AM,1.67,2.00,283.6,-4.332,77.052,1069.350,-7.752
7146,12/18/25 02:50:53 AM,0.33,1.67,299.0,-4.260,76.921,1069.350,-7.703
7147,12/18/25 03:00:53 AM,1.00,2.00,307.5,-4.552,78.163,1069.350,-7.781
7148,12/18/25 03:10:53 AM,1.00,2.00,299.0,-4.434,77.295,1069.350,-7.810
7149,12/18/25 03:20:53 AM,0.67,1.34,303.2,-4.721,78.080,1069.350,-7.960
7150,12/18/25 03:30:53 AM,0.33,1.34,308.9,-4.702,78.122,1069.350,-7.934
7151,12/18/25 03:40:53 AM,1.00,1.67,301.8,-4.614,78.337,1069.350,-7.813
7152,12/18/25 03:50:53 AM,1.00,1.67,301.8,-4.783,79.373,1069.350,-7.809
7153,12/18/25 04:00:53 AM,0.33,1.34,320.1,-4.630,79.016,1069.350,-7.718
7154,12/18/25 04:10:53 AM,1.00,1.67,4.2,-4.429,78.508,1069.350,-7.605
7155,12/18/25 04:20:53 AM,0.67,1.34,349.6,-4.474,79.442,1069.350,-7.496
7156,12/18/25 04:30:53 AM,0.67,1.34,315.9,-4.817,81.794,1069.350,-7.455
7157,12/18/25 04:40:53 AM,1.00,1.67,276.6,-4.740,82.205,1069.350,-7.314
7158,12/18/25 04:50:53 AM,0.67,1.67,255.5,-5.088,83.838,1069.350,-7.401
7159,12/18/25 05:00:53 AM,0.00,0.67,252.7,-5.456,85.753,1069.350,-7.472
7160,12/18/25 05:10:53 AM,0.67,1.34,251.3,-4.941,82.438,1069.350,-7.475
7161,12/18/25 05:20:53 AM,0.67,1.00,247.1,-5.163,83.880,1069.350,-7.469
7162,12/18/25 05:30:53 AM,0.33,0.67,247.1,-5.364,85.350,1069.350,-7.442
7163,12/18/25 05:40:53 AM,0.33,0.67,247.1,-5.268,85.251,1069.350,-7.362
7164,12/18/25 05:50:53 AM,0.33,0.67,247.1,-4.893,82.776,1069.350,-7.375
7165,12/18/25 06:00:53 AM,0.33,0.67,247.1,-5.321,85.710,1069.350,-7.345
7166,12/18/25 06:10:53 AM,1.00,1.34,263.9,-5.260,85.632,1069.350,-7.297
7167,12/18/25 06:20:53 AM,0.67,1.34,282.2,-5.027,84.480,1069.350,-7.243
7168,12/18/25 06:30:53 AM,0.33,1.00,285.0,-5.059,85.660,1069.350,-7.095
7169,12/18/25 06:40:53 AM,1.00,1.67,247.1,-5.241,86.987,1069.350,-7.075
7170,12/18/25 06:50:53 AM,0.67,1.00,273.8,-5.217,87.832,1069.350,-6.926
7171,12/18/25 07:00:53 AM,0.67,1.00,307.5,-4.761,85.325,1069.350,-6.852
7172,12/18/25 07:10:53 AM,0.33,1.00,344.0,-4.088,82.301,1069.350,-6.660
7173,12/18/25 07:20:53 AM,0.33,0.67,346.8,-3.560,80.128,1069.350,-6.492
7174,12/18/25 07:30:53 AM,0.00,0.00,348.2,-3.587,82.252,1069.350,-6.177
7175,12/18/25 07:40:53 AM,0.00,0.00,348.2,-3.943,85.606,1069.350,-6.005
7176,12/18/25 07:50:53 AM,0.00,1.00,2.8,-3.584,83.673,1069.350,-5.951
7177,12/18/25 08:00:53 AM,0.33,2.00,132.0,-3.917,88.870,1069.350,-5.489
7178,12/18/25 08:10:53 AM,1.00,2.00,151.6,-4.174,90.451,1069.350,-5.511
7179,12/18/25 08:20:53 AM,0.67,1.67,150.2,-4.174,91.525,1069.350,-5.356
7180,12/18/25 08:30:53 AM,0.00,1.00,147.4,-4.289,90.921,1069.350,-5.557
7181,12/18/25 08:40:53 AM,0.00,0.00,147.4,-4.238,90.794,1069.350,-5.525
7182,12/18/25 08:50:53 AM,0.00,0.67,91.3,-4.142,90.210,1069.350,-5.515
7183,12/18/25 09:00:53 AM,0.00,1.00,84.2,-4.088,89.526,1069.350,-5.561
7184,12/18/25 09:10:53 AM,0.00,0.67,84.2,-4.096,89.033,1069.350,-5.641
7185,12/18/25 09:20:53 AM,0.00,0.33,84.2,-4.099,88.913,1069.350,-5.662
7186,12/18/25 09:30:53 AM,0.00,0.33,84.2,-3.992,89.555,1069.350,-5.462
7187,12/18/25 09:40:53 AM,0.00,0.00,74.4,-3.584,86.880,1069.350,-5.457
7188,12/18/25 09:50:53 AM,1.67,4.01,71.6,-3.024,82.049,1069.350,-5.658
7189,12/18/25 10:00:53 AM,0.33,2.00,119.3,-2.694,79.631,1069.350,-5.728
7190,12/18/25 10:10:53 AM,1.00,2.00,115.1,-2.726,81.523,1069.350,-5.451
7191,12/18/25 10:20:53 AM,1.34,2.34,129.2,-3.053,85.678,1069.350,-5.118
7192,12/18/25 10:30:53 AM,1.34,2.34,148.8,-2.978,86.299,1069.350,-4.949
7193,12/18/25 10:40:53 AM,0.67,1.67,119.3,-2.933,87.253,1069.350,-4.759
7194,12/18/25 10:50:53 AM,1.00,2.34,95.5,-2.734,84.369,1069.350,-5.007
7195,12/18/25 11:00:53 AM,2.00,4.34,71.6,-2.884,86.841,1069.350,-4.773
7196,12/18/25 11:10:53 AM,3.01,4.34,73.0,-3.262,91.426,1069.350,-4.466
7197,12/18/25 11:20:53 AM,3.34,5.34,77.2,-3.383,93.034,1069.350,-4.355
7198,12/18/25 11:30:53 AM,3.67,6.35,78.6,-3.456,93.489,1069.350,-4.363
7199,12/18/25 11:40:53 AM,3.67,6.01,80.0,-3.531,94.049,1069.350,-4.358
7200,12/18/25 11:50:53 AM,4.34,6.68,84.2,-3.549,94.086,1069.350,-4.371
7201,12/18/25 12:00:53 PM,4.01,5.68,81.4,-3.429,94.037,1069.350,-4.259
7202,12/18/25 12:10:53 PM,3.67,6.35,80.0,-3.485,94.806,1069.350,-4.206
7203,12/18/25 12:20:53 PM,3.67,5.68,75.8,-3.498,95.459,1069.350,-4.128
7204,12/18/25 12:30:53 PM,4.01,6.35,81.4,-3.536,96.048,1069.350,-4.084
7205,12/18/25 12:40:53 PM,3.67,5.68,82.8,-3.523,96.434,1069.350,-4.018
7206,12/18/25 12:50:53 PM,4.01,6.01,84.2,-3.552,96.797,1069.350,-3.997
7207,12/18/25 01:00:53 PM,3.67,5.68,85.6,-3.461,96.690,1069.350,-3.921
7208,12/18/25 01:10:53 PM,3.34,5.34,91.3,-3.380,96.486,1069.350,-3.868
7209,12/18/25 01:20:53 PM,2.67,4.34,91.3,-3.230,96.756,1069.350,-3.681
7210,12/18/25 01:30:53 PM,2.67,4.68,91.3,-3.206,97.015,1069.350,-3.621
7211,12/18/25 01:40:53 PM,3.01,4.34,91.3,-3.206,96.666,1069.350,-3.669
7212,12/18/25 01:50:53 PM,3.01,5.01,88.4,-3.246,96.967,1069.350,-3.668
7213,12/18/25 02:00:53 PM,3.01,4.68,88.4,-3.142,97.398,1069.350,-3.505
7214,12/18/25 02:10:53 PM,3.34,5.01,84.2,-3.032,97.159,1069.350,-3.428
7215,12/18/25 02:20:53 PM,3.01,5.01,87.0,-3.024,97.360,1069.350,-3.392
7216,12/18/25 02:30:53 PM,4.01,6.01,85.6,-3.069,97.264,1069.350,-3.450
7217,12/18/25 02:40:53 PM,3.34,5.34,85.6,-3.021,97.578,1069.350,-3.359
7218,12/18/25 02:50:53 PM,3.67,5.34,85.6,-2.981,97.572,1069.350,-3.320
7219,12/18/25 03:00:53 PM,3.67,6.01,87.0,-3.035,97.659,1069.350,-3.362
7220,12/18/25 03:10:53 PM,3.01,4.34,82.8,-3.061,98.094,1069.350,-3.329
7221,12/18/25 03:20:53 PM,3.01,4.68,85.6,-3.053,98.422,1069.350,-3.276
7222,12/18/25 03:30:53 PM,3.34,5.01,75.8,-3.008,98.648,1069.350,-3.200
7223,12/18/25 03:40:53 PM,3.01,4.68,87.0,-3.037,98.831,1069.350,-3.204
7224,12/18/25 03:50:53 PM,2.67,4.34,85.6,-3.043,99.040,1069.350,-3.182
7225,12/18/25 04:00:53 PM,2.67,4.34,78.6,-3.032,98.965,1069.350,-3.181
7226,12/18/25 04:10:53 PM,2.34,4.01,81.4,-3.016,98.996,1069.350,-3.161
7227,12/18/25 04:20:53 PM,2.34,3.67,78.6,-2.976,98.927,1069.350,-3.130
7228,12/18/25 04:30:53 PM,2.00,3.67,92.7,-2.984,98.839,1069.350,-3.150
7229,12/18/25 04:40:53 PM,1.67,2.67,82.8,-2.890,98.660,1069.350,-3.081
7230,12/18/25 04:50:53 PM,1.67,3.01,95.5,-2.847,98.306,1069.350,-3.086
7231,12/18/25 05:00:53 PM,1.67,2.34,94.1,-2.858,98.239,1069.350,-3.106
7232,12/18/25 05:10:53 PM,1.34,2.67,87.0,-2.858,98.271,1069.350,-3.102
7233,12/18/25 05:20:53 PM,1.34,3.01,84.2,-2.842,98.483,1069.350,-3.057
7234,12/18/25 05:30:53 PM,1.34,2.34,85.6,-2.893,98.834,1069.350,-3.060
7235,12/18/25 05:40:53 PM,1.00,2.00,85.6,-2.911,98.982,1069.350,-3.058
7236,12/18/25 05:50:53 PM,1.34,2.34,87.0,-2.909,99.048,1069.350,-3.047
7237,12/18/25 06:00:53 PM,0.67,2.00,87.0,-2.922,99.179,1069.350,-3.042
7238,12/18/25 06:10:53 PM,0.67,1.67,109.5,-2.962,99.399,1069.350,-3.053
7239,12/18/25 06:20:53 PM,0.00,0.33,108.1,-2.984,99.579,1069.350,-3.050
7240,12/18/25 06:30:53 PM,0.00,0.00,113.7,-3.013,99.782,1069.350,-3.052
7241,12/18/25 06:40:53 PM,0.00,0.00,113.7,-3.048,99.918,1069.350,-3.069
7242,12/18/25 06:50:53 PM,0.00,0.00,113.7,-3.075,99.997,1069.350,-3.085
7243,12/18/25 07:00:53 PM,0.00,0.00,113.7,-3.131,99.985,1069.350,-3.143
7244,12/18/25 07:10:53 PM,0.00,0.00,113.7,-3.161,99.997,1069.350,-3.171
7245,12/18/25 07:20:53 PM,0.00,0.00,113.7,-3.230,99.997,1069.350,-3.241
7246,12/18/25 07:30:53 PM,0.00,0.00,113.7,-3.289,99.997,1069.350,-3.300
7247,12/18/25 07:40:53 PM,0.00,0.00,84.2,-3.281,99.989,1069.350,-3.293
7248,12/18/25 07:50:53 PM,0.00,0.00,53.3,-3.166,99.789,1069.350,-3.204
7249,12/18/25 08:00:53 PM,0.00,0.00,59.0,-3.174,99.771,1069.350,-3.215
7250,12/18/25 08:10:53 PM,0.67,1.67,15.4,-3.134,99.879,1069.350,-3.160
7251,12/18/25 08:20:53 PM,0.67,1.67,5.6,-3.032,99.928,1069.350,-3.052
7252,12/18/25 08:30:53 PM,0.00,1.67,0.0,-2.941,99.911,1069.350,-2.963
7253,12/18/25 08:40:53 PM,0.00,0.67,0.0,-3.040,99.881,1069.350,-3.066
7254,12/18/25 08:50:53 PM,0.00,0.33,287.8,-3.206,99.997,1069.350,-3.217
7255,12/18/25 09:00:53 PM,0.00,0.00,280.8,-3.252,99.997,1069.350,-3.263
7256,12/18/25 09:10:53 PM,0.00,0.00,280.8,-3.297,99.997,1069.350,-3.308
7257,12/18/25 09:20:53 PM,0.00,0.00,280.8,-3.359,99.997,1069.350,-3.370
7258,12/18/25 09:30:53 PM,0.00,0.00,280.8,-3.413,99.997,1069.350,-3.424
7259,12/18/25 09:40:53 PM,0.00,0.00,280.8,-3.413,99.997,1069.350,-3.424
7260,12/18/25 09:50:53 PM,0.00,0.00,280.8,-3.370,99.997,1069.350,-3.381
7261,12/18/25 10:00:53 PM,0.00,0.00,280.8,-3.321,99.997,1069.350,-3.332
7262,12/18/25 10:10:53 PM,0.00,0.00,280.8,-3.284,99.997,1069.350,-3.295
7263,12/18/25 10:20:53 PM,0.00,0.00,280.8,-3.220,99.997,1069.350,-3.231
7264,12/18/25 10:30:53 PM,0.00,0.00,280.8,-3.150,99.997,1069.350,-3.160
7265,12/18/25 10:40:53 PM,0.33,1.67,237.3,-3.107,99.997,1069.350,-3.117
7266,12/18/25 10:50:53 PM,0.33,1.67,210.6,-3.123,99.997,1069.350,-3.133
7267,12/18/25 11:00:53 PM,0.00,0.33,234.5,-3.187,99.997,1069.350,-3.197
7268,12/18/25 11:10:53 PM,0.00,0.00,276.6,-3.222,99.997,1069.350,-3.233
7269,12/18/25 11:20:53 PM,0.00,1.00,269.6,-3.198,99.997,1069.350,-3.209
7270,12/18/25 11:30:53 PM,0.00,0.00,252.7,-3.252,99.997,1069.350,-3.263
7271,12/18/25 11:40:53 PM,0.00,0.00,252.7,-3.305,99.997,1069.350,-3.316
7272,12/18/25 11:50:53 PM,0.00,0.00,266.7,-3.405,99.997,1069.350,-3.416
7273,12/19/25 12:00:53 AM,0.00,0.00,325.7,-3.370,99.997,1069.350,-3.381
7274,12/19/25 12:10:53 AM,0.00,0.00,8.4,-3.273,99.997,1069.350,-3.284
7275,12/19/25 12:20:53 AM,0.00,0.00,18.3,-3.260,99.997,1069.350,-3.271
7276,12/19/25 12:30:53 AM,0.00,0.00,18.3,-3.287,99.997,1069.350,-3.298
7277,12/19/25 12:40:53 AM,0.00,1.00,32.3,-3.228,99.997,1069.350,-3.239
7278,12/19/25 12:50:53 AM,0.00,0.00,37.9,-3.295,99.997,1069.350,-3.306
7279,12/19/25 01:00:53 AM,0.00,0.00,37.9,-3.303,99.997,1069.350,-3.314
7280,12/19/25 01:10:53 AM,0.00,0.00,37.9,-3.262,99.997,1069.350,-3.273
7281,12/19/25 01:20:53 AM,0.00,0.00,37.9,-3.220,99.997,1069.350,-3.231
7282,12/19/25 01:30:53 AM,0.00,0.00,37.9,-3.204,99.997,1069.350,-3.215
7283,12/19/25 01:40:53 AM,0.00,0.00,37.9,-3.102,99.997,1069.350,-3.112
7284,12/19/25 01:50:53 AM,0.00,1.00,80.0,-2.949,99.997,1069.350,-2.959
7285,12/19/25 02:00:53 AM,0.00,0.00,115.1,-3.013,99.997,1069.350,-3.023
7286,12/19/25 02:10:53 AM,0.00,0.00,115.1,-3.069,99.997,1069.350,-3.079
7287,12/19/25 02:20:53 AM,0.00,0.67,57.6,-2.970,99.997,1069.350,-2.980
7288,12/19/25 02:30:53 AM,0.00,0.00,110.9,-3.045,99.997,1069.350,-3.055
7289,12/19/25 02:40:53 AM,0.00,0.00,115.1,-3.072,99.997,1069.350,-3.082
7290,12/19/25 02:50:53 AM,0.00,0.00,123.5,-2.941,99.997,1069.350,-2.951
7291,12/19/25 03:00:53 AM,0.00,0.00,176.9,-2.817,99.997,1069.350,-2.827
7292,12/19/25 03:10:53 AM,0.67,2.34,249.9,-2.716,99.997,1069.350,-2.726
7293,12/19/25 03:20:53 AM,1.00,2.34,294.8,-2.423,99.899,1069.350,-2.445
7294,12/19/25 03:30:53 AM,5.34,11.02,261.1,1.973,88.098,1069.350,0.211
7295,12/19/25 03:40:53 AM,5.68,11.02,261.1,5.561,73.756,1069.350,1.254
7296,12/19/25 03:50:53 AM,4.68,8.02,255.5,5.295,74.078,1069.350,1.058
7297,12/19/25 04:00:53 AM,4.34,6.68,271.0,5.164,74.600,1069.350,1.029
7298,12/19/25 04:10:53 AM,3.34,5.68,278.0,4.713,76.533,1069.350,0.947
7299,12/19/25 04:20:53 AM,3.34,5.34,282.2,4.609,76.860,1069.350,0.905
7300,12/19/25 04:30:53 AM,3.67,7.35,268.1,4.754,76.477,1069.350,0.976
7301,12/19/25 04:40:53 AM,5.34,9.02,266.7,5.448,75.839,1069.350,1.533
7302,12/19/25 04:50:53 AM,3.67,7.35,282.2,5.065,76.555,1069.350,1.292
7303,12/19/25 05:00:53 AM,2.00,4.68,255.5,4.381,79.065,1069.350,1.075
7304,12/19/25 05:10:53 AM,4.34,8.35,247.1,4.770,79.040,1069.350,1.450
7305,12/19/25 05:20:53 AM,4.68,9.35,255.5,3.708,89.987,1069.350,2.220
7306,12/19/25 05:30:53 AM,2.67,5.01,286.4,3.183,93.448,1069.350,2.229
7307,12/19/25 05:40:53 AM,1.34,3.34,273.8,3.274,93.199,1069.350,2.282
7308,12/19/25 05:50:53 AM,0.33,1.67,265.3,3.641,90.871,1069.350,2.291
7309,12/19/25 06:00:53 AM,0.00,1.67,176.9,3.408,90.915,1069.350,2.067
7310,12/19/25 06:10:53 AM,1.00,2.67,0.0,2.915,92.825,1069.350,1.869
7311,12/19/25 06:20:53 AM,0.33,2.34,4.2,3.172,91.719,1069.350,1.957
7312,12/19/25 06:30:53 AM,0.00,0.00,355.2,3.558,88.855,1069.350,1.895
7313,12/19/25 06:40:53 AM,0.00,0.00,74.4,3.204,89.987,1069.350,1.722
7314,12/19/25 06:50:53 AM,0.00,0.00,81.4,3.427,87.933,1069.350,1.620
7315,12/19/25 07:00:53 AM,0.33,1.67,303.2,3.973,84.752,1069.350,1.643
7316,12/19/25 07:10:53 AM,1.34,3.34,193.7,3.346,88.026,1069.350,1.555
7317,12/19/25 07:20:53 AM,0.67,1.67,199.4,4.553,80.699,1069.350,1.528
7318,12/19/25 07:30:53 AM,0.67,2.00,304.7,3.807,85.190,1069.350,1.552
7319,12/19/25 07:40:53 AM,1.00,2.67,345.4,2.893,89.566,1069.350,1.349
7320,12/19/25 07:50:53 AM,0.67,2.67,353.8,2.829,89.937,1069.350,1.343
7321,12/19/25 08:00:53 AM,0.00,0.33,8.4,2.539,91.611,1069.350,1.313
7322,12/19/25 08:10:53 AM,0.67,2.00,308.9,3.577,87.082,1069.350,1.632
7323,12/19/25 08:20:53 AM,1.00,1.34,263.9,3.413,88.391,1069.350,1.678
7324,12/19/25 08:30:53 AM,0.67,2.00,242.9,3.301,88.550,1069.350,1.593
7325,12/19/25 08:40:53 AM,0.67,1.34,275.2,3.545,87.405,1069.350,1.652
7326,12/19/25 08:50:53 AM,1.34,2.67,313.1,3.362,88.739,1069.350,1.683
7327,12/19/25 09:00:53 AM,1.34,3.34,265.3,3.284,90.005,1069.350,1.804
7328,12/19/25 09:10:53 AM,2.67,5.34,241.5,3.620,89.374,1069.350,2.038
7329,12/19/25 09:20:53 AM,3.01,5.34,234.5,3.520,91.708,1069.350,2.300
7330,12/19/25 09:30:53 AM,2.67,4.01,237.3,3.247,93.825,1069.350,2.349
7331,12/19/25 09:40:53 AM,1.67,2.67,252.7,3.057,95.254,1069.350,2.372
7332,12/19/25 09:50:53 AM,1.00,2.00,294.8,2.719,96.480,1069.350,2.215
7333,12/19/25 10:00:53 AM,2.34,3.34,308.9,2.880,96.677,1069.350,2.404
7334,12/19/25 10:10:53 AM,2.67,4.01,314.5,2.917,96.130,1069.350,2.361
7335,12/19/25 10:20:53 AM,2.00,3.34,296.2,2.732,96.692,1069.350,2.259
7336,12/19/25 10:30:53 AM,1.00,2.00,283.6,2.783,97.420,1069.350,2.415
7337,12/19/25 10:40:53 AM,1.34,2.00,329.9,2.577,97.823,1069.350,2.267
7338,12/19/25 10:50:53 AM,1.00,1.67,334.1,2.550,97.937,1069.350,2.256
7339,12/19/25 11:00:53 AM,0.33,1.67,327.1,2.571,97.865,1069.350,2.267
7340,12/19/25 11:10:53 AM,0.00,0.33,317.3,2.687,96.999,1069.350,2.258
7341,12/19/25 11:20:53 AM,0.00,0.00,320.1,2.735,96.478,1069.350,2.231
7342,12/19/25 11:30:53 AM,0.00,0.00,321.5,2.711,97.350,1069.350,2.333
7343,12/19/25 11:40:53 AM,0.00,1.67,331.3,2.853,96.748,1069.350,2.387
7344,12/19/25 11:50:53 AM,1.34,2.00,335.5,2.957,96.306,1069.350,2.427
7345,12/19/25 12:00:53 PM,1.00,2.67,314.5,3.011,96.211,1069.350,2.467
7346,12/19/25 12:10:53 PM,1.67,2.67,285.0,3.016,95.647,1069.350,2.389
7347,12/19/25 12:20:53 PM,1.00,2.34,293.4,3.043,95.164,1069.350,2.345
7348,12/19/25 12:30:53 PM,1.00,2.00,296.2,3.086,94.789,1069.350,2.332
7349,12/19/25 12:40:53 PM,0.67,1.00,304.7,3.185,95.700,1069.350,2.565
7350,12/19/25 12:50:53 PM,0.00,1.34,299.0,3.086,97.429,1069.350,2.719
7351,12/19/25 01:00:53 PM,1.34,4.01,249.9,3.325,95.966,1069.350,2.744
7352,12/19/25 01:10:53 PM,2.67,4.34,240.1,4.620,90.108,1069.350,3.142
7353,12/19/25 01:20:53 PM,3.01,6.01,242.9,5.038,87.520,1069.350,3.143
7354,12/19/25 01:30:53 PM,4.01,7.01,244.3,5.472,85.087,1069.350,3.171
7355,12/19/25 01:40:53 PM,4.68,6.68,244.3,5.646,84.247,1069.350,3.202
7356,12/19/25 01:50:53 PM,4.68,8.02,241.5,5.845,83.481,1069.350,3.268
7357,12/19/25 02:00:53 PM,4.68,7.68,240.1,6.008,82.444,1069.350,3.251
7358,12/19/25 02:10:53 PM,5.34,9.02,233.1,6.142,81.250,1069.350,3.176
7359,12/19/25 02:20:53 PM,5.68,8.68,231.6,6.236,80.603,1069.350,3.155
7360,12/19/25 02:30:53 PM,6.01,9.02,231.6,6.499,79.504,1069.350,3.217
7361,12/19/25 02:40:53 PM,6.01,9.68,230.2,6.435,79.599,1069.350,3.172
7362,12/19/25 02:50:53 PM,5.01,8.02,228.8,6.041,82.309,1069.350,3.260
7363,12/19/25 03:00:53 PM,5.34,9.68,227.4,5.974,83.253,1069.350,3.356
7364,12/19/25 03:10:53 PM,5.34,8.68,230.2,6.268,81.610,1069.350,3.362
7365,12/19/25 03:20:53 PM,6.35,9.68,226.0,6.298,81.169,1069.350,3.314
7366,12/19/25 03:30:53 PM,5.68,9.35,234.5,5.654,85.875,1069.350,3.481
7367,12/19/25 03:40:53 PM,4.34,6.35,241.5,5.073,90.137,1069.350,3.594
7368,12/19/25 03:50:53 PM,3.34,5.34,261.1,4.338,93.971,1069.350,3.456
7369,12/19/25 04:00:53 PM,5.01,8.35,269.6,4.346,95.033,1069.350,3.623
7370,12/19/25 04:10:53 PM,7.35,12.02,272.4,4.625,94.267,1069.350,3.786
7371,12/19/25 04:20:53 PM,7.35,12.69,275.2,4.595,94.215,1069.350,3.748
7372,12/19/25 04:30:53 PM,5.68,8.68,282.2,4.287,95.309,1069.350,3.605
7373,12/19/25 04:40:53 PM,5.01,7.35,271.0,4.057,96.431,1069.350,3.542
7374,12/19/25 04:50:53 PM,5.01,7.35,271.0,3.944,96.472,1069.350,3.436
7375,12/19/25 05:00:53 PM,4.01,6.01,262.5,3.644,97.127,1069.350,3.232
7376,12/19/25 05:10:53 PM,3.34,5.34,259.7,3.416,98.065,1069.350,3.140
7377,12/19/25 05:20:53 PM,3.67,5.68,265.3,3.373,98.550,1069.350,3.167
7378,12/19/25 05:30:53 PM,4.68,6.68,269.6,3.437,97.986,1069.350,3.150
7379,12/19/25 05:40:53 PM,4.68,7.35,272.4,3.360,97.926,1069.350,3.064
7380,12/19/25 05:50:53 PM,4.68,7.01,272.4,3.303,97.203,1069.350,2.903
7381,12/19/25 06:00:53 PM,4.68,6.68,275.2,3.065,97.237,1069.350,2.670
7382,12/19/25 06:10:53 PM,5.68,9.35,276.6,2.856,96.126,1069.350,2.300
7383,12/19/25 06:20:53 PM,5.34,8.68,276.6,2.274,96.435,1069.350,1.765
7384,12/19/25 06:30:53 PM,5.68,8.02,278.0,1.939,96.811,1069.350,1.485
7385,12/19/25 06:40:53 PM,5.68,10.02,286.4,1.780,96.670,1069.350,1.306
7386,12/19/25 06:50:53 PM,6.01,9.35,292.0,1.912,95.840,1069.350,1.317
7387,12/19/25 07:00:53 PM,5.68,9.35,286.4,1.595,96.120,1069.350,1.042
7388,12/19/25 07:10:53 PM,4.01,7.01,262.5,1.134,97.884,1069.350,0.834
7389,12/19/25 07:20:53 PM,4.34,7.01,256.9,1.263,97.148,1069.350,0.858
7390,12/19/25 07:30:53 PM,5.01,8.68,266.7,1.520,94.878,1069.350,0.787
7391,12/19/25 07:40:53 PM,5.34,8.02,271.0,1.649,92.888,1069.350,0.622
7392,12/19/25 07:50:53 PM,5.68,8.68,265.3,1.660,91.983,1069.350,0.497
7393,12/19/25 08:00:53 PM,6.35,11.02,271.0,1.633,90.437,1069.350,0.236
7394,12/19/25 08:10:53 PM,6.68,9.68,282.2,1.700,87.610,1069.350,-0.135
7395,12/19/25 08:20:53 PM,7.68,11.02,286.4,1.730,85.237,1069.350,-0.482
7396,12/19/25 08:30:53 PM,8.02,11.35,294.8,1.912,81.505,1069.350,-0.916
7397,12/19/25 08:40:53 PM,7.35,10.69,290.6,1.644,81.431,1069.350,-1.191
7398,12/19/25 08:50:53 PM,7.35,11.35,289.2,1.595,80.179,1069.350,-1.450
7399,12/19/25 09:00:53 PM,7.68,11.35,300.4,1.652,77.874,1069.350,-1.790
7400,12/19/25 09:10:53 PM,7.35,11.35,292.0,1.303,77.360,1069.350,-2.219
7401,12/19/25 09:20:53 PM,7.35,11.02,290.6,1.126,76.027,1069.350,-2.626
7402,12/19/25 09:30:53 PM,6.35,9.02,287.8,0.748,76.603,1069.350,-2.891
7403,12/19/25 09:40:53 PM,6.01,8.68,285.0,0.617,76.268,1069.350,-3.077
7404,12/19/25 09:50:53 PM,5.68,9.02,279.4,0.311,76.934,1069.350,-3.258
7405,12/19/25 10:00:53 PM,6.01,9.35,287.8,0.365,75.352,1069.350,-3.483
7406,12/19/25 10:10:53 PM,6.01,9.68,286.4,0.193,75.190,1069.350,-3.679
7407,12/19/25 10:20:53 PM,5.68,8.35,282.2,0.032,75.134,1069.350,-3.845
7408,12/19/25 10:30:53 PM,5.34,8.35,285.0,-0.131,75.181,1069.350,-3.994
7409,12/19/25 10:40:53 PM,5.68,8.35,289.2,-0.268,75.215,1069.350,-4.121
7410,12/19/25 10:50:53 PM,7.01,10.69,292.0,0.169,72.393,1069.350,-4.207
7411,12/19/25 11:00:53 PM,6.68,9.35,290.6,0.049,72.207,1069.350,-4.356
7412,12/19/25 11:10:53 PM,6.35,9.02,293.4,-0.107,72.274,1069.350,-4.495
7413,12/19/25 11:20:53 PM,6.01,8.35,292.0,-0.340,72.746,1069.350,-4.633
7414,12/19/25 11:30:53 PM,5.68,8.02,289.2,-0.230,72.609,1069.350,-4.552
7415,12/19/25 11:40:53 PM,5.34,8.02,289.2,-0.018,72.099,1069.350,-4.441
7416,12/19/25 11:50:53 PM,6.01,9.02,294.8,0.212,71.159,1069.350,-4.393
7417,12/20/25 12:00:53 AM,5.68,8.35,299.0,0.183,71.656,1069.350,-4.329
7418,12/20/25 12:10:53 AM,6.35,9.02,294.8,0.338,70.700,1069.350,-4.358
7419,12/20/25 12:20:53 AM,5.34,7.35,290.6,0.234,71.034,1069.350,-4.395
7420,12/20/25 12:30:53 AM,4.68,7.68,286.4,0.116,71.936,1069.350,-4.342
7421,12/20/25 12:40:53 AM,7.01,11.35,301.8,0.416,70.083,1069.350,-4.399
7422,12/20/25 12:50:53 AM,5.68,9.68,297.6,0.180,71.145,1069.350,-4.427
7423,12/20/25 01:00:53 AM,4.68,6.68,290.6,-0.061,72.209,1069.350,-4.462
7424,12/20/25 01:10:53 AM,4.34,6.01,282.2,0.035,72.233,1069.350,-4.365
7425,12/20/25 01:20:53 AM,4.34,6.35,278.0,0.059,72.236,1069.350,-4.342
7426,12/20/25 01:30:53 AM,4.34,7.01,276.6,0.201,71.153,1069.350,-4.405
7427,12/20/25 01:40:53 AM,3.34,5.34,269.6,0.185,71.638,1069.350,-4.330
7428,12/20/25 01:50:53 AM,3.67,5.34,272.4,0.225,71.229,1069.350,-4.368
7429,12/20/25 02:00:53 AM,3.34,6.01,268.1,0.231,70.961,1069.350,-4.412
7430,12/20/25 02:10:53 AM,2.00,3.34,226.0,-0.592,78.630,1069.350,-3.845
7431,12/20/25 02:20:53 AM,1.67,2.34,224.6,-1.088,82.173,1069.350,-3.742
7432,12/20/25 02:30:53 AM,1.67,2.34,242.9,-1.136,81.465,1069.350,-3.905
7433,12/20/25 02:40:53 AM,1.34,1.67,244.3,-1.340,81.794,1069.350,-4.051
7434,12/20/25 02:50:53 AM,1.34,1.67,230.2,-1.536,83.409,1069.350,-3.983
7435,12/20/25 03:00:53 AM,1.00,2.00,241.5,-1.496,82.556,1069.350,-4.080
7436,12/20/25 03:10:53 AM,1.34,1.67,255.5,-1.608,82.515,1069.350,-4.196
7437,12/20/25 03:20:53 AM,1.34,1.67,263.9,-1.729,83.453,1069.350,-4.165
7438,12/20/25 03:30:53 AM,1.34,2.00,273.8,-1.922,84.164,1069.350,-4.242
7439,12/20/25 03:40:53 AM,0.67,1.67,258.3,-1.514,81.347,1069.350,-4.294
7440,12/20/25 03:50:53 AM,0.00,0.67,261.1,-1.456,81.277,1069.350,-4.248
7441,12/20/25 04:00:53 AM,0.33,1.34,262.5,-1.265,79.643,1069.350,-4.331
7442,12/20/25 04:10:53 AM,0.00,1.00,262.5,-1.289,80.218,1069.350,-4.259
7443,12/20/25 04:20:53 AM,0.67,3.01,256.9,-1.271,80.052,1069.350,-4.269
7444,12/20/25 04:30:53 AM,1.34,3.34,258.3,-1.453,81.067,1069.350,-4.280
7445,12/20/25 04:40:53 AM,2.67,4.68,278.0,-1.056,77.763,1069.350,-4.444
7446,12/20/25 04:50:53 AM,2.00,3.34,271.0,-1.021,77.299,1069.350,-4.490
7447,12/20/25 05:00:53 AM,2.00,3.01,271.0,-1.195,78.334,1069.350,-4.483
7448,12/20/25 05:10:53 AM,2.00,3.01,252.7,-1.364,79.301,1069.350,-4.485
7449,12/20/25 05:20:53 AM,2.00,3.34,262.5,-1.450,79.878,1069.350,-4.473
7450,12/20/25 05:30:53 AM,2.00,4.01,241.5,-1.482,80.104,1069.350,-4.467
7451,12/20/25 05:40:53 AM,1.34,2.67,244.3,-1.622,81.286,1069.350,-4.409
7452,12/20/25 05:50:53 AM,1.34,2.34,248.5,-1.579,81.025,1069.350,-4.410
7453,12/20/25 06:00:53 AM,1.00,2.34,261.1,-1.547,80.703,1069.350,-4.431
7454,12/20/25 06:10:53 AM,1.67,3.01,266.7,-1.541,80.179,1069.350,-4.512
7455,12/20/25 06:20:53 AM,2.00,3.34,269.6,-1.517,79.620,1069.350,-4.581
7456,12/20/25 06:30:53 AM,2.34,4.01,269.6,-1.627,79.419,1069.350,-4.722
7457,12/20/25 06:40:53 AM,1.67,3.01,249.9,-1.925,80.050,1069.350,-4.908
7458,12/20/25 06:50:53 AM,1.34,2.34,233.1,-2.421,82.216,1069.350,-5.041
7459,12/20/25 07:00:53 AM,1.67,2.67,240.1,-2.573,82.216,1069.350,-5.190
7460,12/20/25 07:10:53 AM,1.67,2.34,244.3,-2.882,83.481,1069.350,-5.292
7461,12/20/25 07:20:53 AM,1.67,2.34,235.9,-3.048,84.941,1069.350,-5.227
7462,12/20/25 07:30:53 AM,0.00,0.67,235.9,-3.102,86.177,1069.350,-5.089
7463,12/20/25 07:40:53 AM,0.00,0.00,238.7,-3.155,87.042,1069.350,-5.010
7464,12/20/25 07:50:53 AM,0.00,1.34,230.2,-3.048,87.915,1069.350,-4.773
7465,12/20/25 08:00:53 AM,1.34,2.34,233.1,-2.683,87.131,1069.350,-4.531
7466,12/20/25 08:10:53 AM,1.00,2.00,240.1,-2.501,85.936,1069.350,-4.535
7467,12/20/25 08:20:53 AM,0.67,1.67,237.3,-2.576,86.271,1069.350,-4.557
7468,12/20/25 08:30:53 AM,0.33,1.67,228.8,-2.793,87.514,1069.350,-4.582
7469,12/20/25 08:40:53 AM,1.34,1.67,230.2,-2.898,88.092,1069.350,-4.598
7470,12/20/25 08:50:53 AM,0.33,1.67,245.7,-3.292,88.666,1069.350,-4.901
7471,12/20/25 09:00:53 AM,0.67,2.34,234.5,-3.603,89.313,1069.350,-5.113
7472,12/20/25 09:10:53 AM,1.34,2.34,228.8,-3.276,88.539,1069.350,-4.904
7473,12/20/25 09:20:53 AM,0.67,1.67,224.6,-3.195,88.551,1069.350,-4.823
7474,12/20/25 09:30:53 AM,0.67,1.67,233.1,-2.866,87.117,1069.350,-4.714
7475,12/20/25 09:40:53 AM,0.33,1.67,226.0,-2.716,86.758,1069.350,-4.620
7476,12/20/25 09:50:53 AM,0.33,1.34,219.0,-2.544,86.508,1069.350,-4.489
7477,12/20/25 10:00:53 AM,1.00,2.00,216.2,-2.437,85.376,1069.350,-4.558
7478,12/20/25 10:10:53 AM,1.34,2.00,233.1,-2.217,83.978,1069.350,-4.561
7479,12/20/25 10:20:53 AM,1.00,1.67,248.5,-2.032,83.337,1069.350,-4.481
7480,12/20/25 10:30:53 AM,0.67,1.67,266.7,-1.799,81.581,1069.350,-4.534
7481,12/20/25 10:40:53 AM,0.33,1.34,276.6,-1.458,79.893,1069.350,-4.478
7482,12/20/25 10:50:53 AM,0.33,1.34,280.8,-0.338,74.961,1069.350,-4.234
7483,12/20/25 11:00:53 AM,0.67,2.00,262.5,0.625,72.639,1069.350,-3.721
7484,12/20/25 11:10:53 AM,2.00,3.67,238.7,1.370,66.987,1069.350,-4.084
7485,12/20/25 11:20:53 AM,1.00,3.01,261.1,1.909,64.732,1069.350,-4.025
7486,12/20/25 11:30:53 AM,1.00,3.01,251.3,2.046,63.577,1069.350,-4.134
7487,12/20/25 11:40:53 AM,1.34,3.34,256.9,2.014,62.992,1069.350,-4.287
7488,12/20/25 11:50:53 AM,1.67,3.67,235.9,2.185,63.278,1069.350,-4.064
7489,12/20/25 12:00:53 PM,2.34,4.01,248.5,2.290,62.972,1069.350,-4.029
7490,12/20/25 12:10:53 PM,2.67,4.34,247.1,2.384,63.217,1069.350,-3.888
7491,12/20/25 12:20:53 PM,2.67,4.68,258.3,2.432,62.995,1069.350,-3.889
7492,12/20/25 12:30:53 PM,2.67,4.34,251.3,2.697,62.893,1069.350,-3.659
7493,12/20/25 12:40:53 PM,2.34,4.01,259.7,2.638,62.727,1069.350,-3.751
7494,12/20/25 12:50:53 PM,2.67,4.34,261.1,2.660,63.253,1069.350,-3.618
7495,12/20/25 01:00:53 PM,3.01,5.01,259.7,2.679,63.020,1069.350,-3.650
7496,12/20/25 01:10:53 PM,3.01,4.34,258.3,2.735,62.991,1069.350,-3.603
7497,12/20/25 01:20:53 PM,3.01,4.34,261.1,2.772,63.288,1069.350,-3.505
7498,12/20/25 01:30:53 PM,3.34,5.34,254.1,2.923,63.198,1069.350,-3.380
7499,12/20/25 01:40:53 PM,3.01,4.68,258.3,2.829,63.568,1069.350,-3.391
7500,12/20/25 01:50:53 PM,2.67,4.34,262.5,3.006,63.320,1069.350,-3.276
7501,12/20/25 02:00:53 PM,2.67,4.01,263.9,3.301,63.117,1069.350,-3.038
7502,12/20/25 02:10:53 PM,3.01,5.01,261.1,3.191,63.380,1069.350,-3.087
7503,12/20/25 02:20:53 PM,2.67,5.01,294.8,3.145,63.540,1069.350,-3.097
7504,12/20/25 02:30:53 PM,2.67,4.68,293.4,3.319,62.930,1069.350,-3.061
7505,12/20/25 02:40:53 PM,3.01,5.01,275.2,3.180,63.345,1069.350,-3.105
7506,12/20/25 02:50:53 PM,2.67,4.01,285.0,3.443,62.834,1069.350,-2.964
7507,12/20/25 03:00:53 PM,2.67,4.01,299.0,3.333,62.795,1069.350,-3.077
7508,12/20/25 03:10:53 PM,2.67,4.34,301.8,3.424,62.861,1069.350,-2.976
7509,12/20/25 03:20:53 PM,2.34,4.34,308.9,3.376,62.405,1069.350,-3.119
7510,12/20/25 03:30:53 PM,2.34,3.67,320.1,2.700,64.593,1069.350,-3.300
7511,12/20/25 03:40:53 PM,2.00,3.01,304.7,3.011,63.987,1069.350,-3.130
7512,12/20/25 03:50:53 PM,1.67,3.01,321.5,3.086,63.557,1069.350,-3.149
7513,12/20/25 04:00:53 PM,2.34,3.34,329.9,2.416,65.426,1069.350,-3.399
7514,12/20/25 04:10:53 PM,2.00,3.34,325.7,2.019,67.291,1069.350,-3.403
7515,12/20/25 04:20:53 PM,2.00,2.67,335.5,1.931,68.095,1069.350,-3.328
7516,12/20/25 04:30:53 PM,1.67,2.67,341.2,1.939,68.983,1069.350,-3.147
7517,12/20/25 04:40:53 PM,2.00,3.01,335.5,1.815,69.444,1069.350,-3.177
7518,12/20/25 04:50:53 PM,1.67,2.34,338.3,1.713,70.118,1069.350,-3.145
7519,12/20/25 05:00:53 PM,1.34,2.34,341.2,1.370,71.548,1069.350,-3.205
7520,12/20/25 05:10:53 PM,1.34,2.00,339.7,1.062,72.955,1069.350,-3.241
7521,12/20/25 05:20:53 PM,0.33,1.67,336.9,0.909,72.712,1069.350,-3.434
7522,12/20/25 05:30:53 PM,0.67,1.34,334.1,0.587,74.104,1069.350,-3.491
7523,12/20/25 05:40:53 PM,0.33,1.34,336.9,-0.145,77.214,1069.350,-3.652
7524,12/20/25 05:50:53 PM,0.33,1.34,254.1,-0.560,78.927,1069.350,-3.764
7525,12/20/25 06:00:53 PM,0.67,1.34,279.4,-0.876,79.599,1069.350,-3.959
7526,12/20/25 06:10:53 PM,0.33,1.34,285.0,-1.238,80.861,1069.350,-4.103
7527,12/20/25 06:20:53 PM,0.00,0.00,272.4,-1.287,81.218,1069.350,-4.093
7528,12/20/25 06:30:53 PM,0.00,0.00,251.3,-1.252,80.681,1069.350,-4.147
7529,12/20/25 06:40:53 PM,0.00,0.00,251.3,-1.721,83.072,1069.350,-4.218
7530,12/20/25 06:50:53 PM,0.00,0.00,287.8,-2.179,84.999,1069.350,-4.363
7531,12/20/25 07:00:53 PM,0.00,0.00,328.5,-2.134,84.715,1069.350,-4.363
7532,12/20/25 07:10:53 PM,0.00,0.00,328.5,-2.123,84.274,1069.350,-4.422
7533,12/20/25 07:20:53 PM,0.33,1.67,310.3,-2.689,86.290,1069.350,-4.665
7534,12/20/25 07:30:53 PM,1.34,1.67,297.6,-2.941,87.530,1069.350,-4.725
7535,12/20/25 07:40:53 PM,0.33,1.00,313.1,-2.984,87.785,1069.350,-4.729
7536,12/20/25 07:50:53 PM,0.33,1.00,313.1,-3.067,87.912,1069.350,-4.792
7537,12/20/25 08:00:53 PM,1.00,1.67,297.6,-3.147,88.705,1069.350,-4.752
7538,12/20/25 08:10:53 PM,0.67,1.00,293.4,-3.037,87.999,1069.350,-4.749
7539,12/20/25 08:20:53 PM,0.00,0.67,293.4,-2.935,87.671,1069.350,-4.698
7540,12/20/25 08:30:53 PM,0.00,0.00,293.4,-2.941,87.640,1069.350,-4.709
7541,12/20/25 08:40:53 PM,0.00,0.00,293.4,-2.847,87.532,1069.350,-4.632
7542,12/20/25 08:50:53 PM,0.00,0.00,301.8,-2.673,86.970,1069.350,-4.546
7543,12/20/25 09:00:53 PM,0.00,0.00,315.9,-2.659,86.871,1069.350,-4.547
7544,12/20/25 09:10:53 PM,0.00,0.00,315.9,-2.694,87.362,1069.350,-4.507
7545,12/20/25 09:20:53 PM,0.00,0.00,315.9,-3.187,89.337,1069.350,-4.698
7546,12/20/25 09:30:53 PM,0.00,0.00,315.9,-3.316,90.195,1069.350,-4.699
7547,12/20/25 09:40:53 PM,0.00,0.00,315.9,-3.102,89.363,1069.350,-4.610
7548,12/20/25 09:50:53 PM,0.00,0.00,315.9,-3.067,88.992,1069.350,-4.630
7549,12/20/25 10:00:53 PM,0.00,0.00,315.9,-2.984,88.856,1069.350,-4.569
7550,12/20/25 10:10:53 PM,0.00,0.00,315.9,-2.992,88.908,1069.350,-4.569
7551,12/20/25 10:20:53 PM,0.00,0.00,297.6,-3.120,89.877,1069.350,-4.552
7552,12/20/25 10:30:53 PM,0.00,0.00,273.8,-3.606,93.164,1069.350,-4.558
7553,12/20/25 10:40:53 PM,0.00,1.34,279.4,-3.480,92.952,1069.350,-4.463
7554,12/20/25 10:50:53 PM,0.00,1.00,314.5,-2.901,89.978,1069.350,-4.320
7555,12/20/25 11:00:53 PM,0.00,0.00,322.9,-2.745,89.200,1069.350,-4.281
7556,12/20/25 11:10:53 PM,0.00,0.00,322.9,-2.689,89.499,1069.350,-4.181
7557,12/20/25 11:20:53 PM,0.00,0.00,322.9,-2.716,89.996,1069.350,-4.135
7558,12/20/25 11:30:53 PM,0.00,0.00,322.9,-2.871,90.399,1069.350,-4.229
7559,12/20/25 11:40:53 PM,0.00,0.00,322.9,-2.839,89.262,1069.350,-4.365
7560,12/20/25 11:50:53 PM,0.00,0.00,322.9,-3.166,90.369,1069.350,-4.525
7561,12/21/25 12:00:53 AM,0.00,0.00,322.9,-3.094,88.983,1069.350,-4.658
7562,12/21/25 12:10:53 AM,0.00,0.00,322.9,-3.032,88.486,1069.350,-4.671
7563,12/21/25 12:20:53 AM,0.00,0.00,322.9,-3.284,89.494,1069.350,-4.771
7564,12/21/25 12:30:53 AM,0.00,0.00,322.9,-3.265,89.236,1069.350,-4.790
7565,12/21/25 12:40:53 AM,0.00,0.00,322.9,-3.346,89.595,1069.350,-4.817
7566,12/21/25 12:50:53 AM,0.00,0.00,322.9,-3.415,89.964,1069.350,-4.831
7567,12/21/25 01:00:53 AM,0.00,0.00,322.9,-3.582,90.591,1069.350,-4.905
7568,12/21/25 01:10:53 AM,0.00,0.00,325.7,-3.110,88.640,1069.350,-4.725
7569,12/21/25 01:20:53 AM,0.00,0.00,329.9,-3.005,88.141,1069.350,-4.696
7570,12/21/25 01:30:53 AM,0.00,0.00,329.9,-2.911,88.032,1069.350,-4.620
7571,12/21/25 01:40:53 AM,0.67,1.67,352.4,-3.118,88.994,1069.350,-4.681
7572,12/21/25 01:50:53 AM,0.33,1.00,4.2,-2.946,87.146,1069.350,-4.788
7573,12/21/25 02:00:53 AM,0.00,0.00,4.2,-3.067,87.269,1069.350,-4.889
7574,12/21/25 02:10:53 AM,0.00,0.00,4.2,-3.214,88.743,1069.350,-4.813
7575,12/21/25 02:20:53 AM,0.00,0.00,324.3,-3.635,91.632,1069.350,-4.806
7576,12/21/25 02:30:53 AM,0.00,0.00,315.9,-3.919,94.087,1069.350,-4.739
7577,12/21/25 02:40:53 AM,0.00,0.00,315.9,-3.557,91.884,1069.350,-4.693
7578,12/21/25 02:50:53 AM,0.00,0.00,315.9,-3.120,88.898,1069.350,-4.697
7579,12/21/25 03:00:53 AM,0.00,0.00,342.6,-2.788,86.838,1069.350,-4.679
7580,12/21/25 03:10:53 AM,0.00,0.00,113.7,-2.903,88.827,1069.350,-4.493
7581,12/21/25 03:20:53 AM,0.00,0.00,113.7,-2.874,89.108,1069.350,-4.422
7582,12/21/25 03:30:53 AM,0.00,0.00,113.7,-2.791,89.516,1069.350,-4.280
7583,12/21/25 03:40:53 AM,0.00,0.00,80.0,-2.681,89.148,1069.350,-4.226
7584,12/21/25 03:50:53 AM,0.00,0.00,57.6,-2.498,87.718,1069.350,-4.260
7585,12/21/25 04:00:53 AM,0.33,2.00,28.1,-2.437,88.099,1069.350,-4.142
7586,12/21/25 04:10:53 AM,0.67,2.00,325.7,-2.340,88.145,1069.350,-4.039
7587,12/21/25 04:20:53 AM,0.33,2.00,342.6,-2.104,86.104,1069.350,-4.118
7588,12/21/25 04:30:53 AM,1.00,2.00,7.0,-1.901,84.764,1069.350,-4.127
7589,12/21/25 04:40:53 AM,0.33,1.67,2.8,-1.890,85.374,1069.350,-4.021
7590,12/21/25 04:50:53 AM,0.33,1.34,2.8,-1.844,85.232,1069.350,-3.997
7591,12/21/25 05:00:53 AM,0.00,1.67,4.2,-1.834,85.905,1069.350,-3.883
7592,12/21/25 05:10:53 AM,0.00,0.00,7.0,-1.874,86.557,1069.350,-3.822
7593,12/21/25 05:20:53 AM,0.00,0.00,40.7,-2.080,89.844,1069.350,-3.528
7594,12/21/25 05:30:53 AM,0.00,0.00,95.5,-2.362,93.239,1069.350,-3.311
7595,12/21/25 05:40:53 AM,0.00,0.00,95.5,-2.482,94.635,1069.350,-3.232
7596,12/21/25 05:50:53 AM,0.67,2.00,101.1,-2.523,95.445,1069.350,-3.158
7597,12/21/25 06:00:53 AM,1.34,2.34,110.9,-2.544,96.393,1069.350,-3.047
7598,12/21/25 06:10:53 AM,1.00,2.00,99.7,-2.587,96.838,1069.350,-3.028
7599,12/21/25 06:20:53 AM,1.00,2.34,87.0,-2.544,97.273,1069.350,-2.925
7600,12/21/25 06:30:53 AM,1.67,3.34,81.4,-2.496,97.942,1069.350,-2.785
7601,12/21/25 06:40:53 AM,2.00,3.67,87.0,-2.520,98.943,1069.350,-2.672
7602,12/21/25 06:50:53 AM,2.00,3.34,89.9,-2.514,99.481,1069.350,-2.593
7603,12/21/25 07:00:53 AM,2.67,4.68,91.3,-2.488,99.652,1069.350,-2.544
7604,12/21/25 07:10:53 AM,2.67,4.01,91.3,-2.592,99.176,1069.350,-2.712
7605,12/21/25 07:20:53 AM,2.67,4.34,88.4,-2.673,99.307,1069.350,-2.776
7606,12/21/25 07:30:53 AM,1.67,3.34,84.2,-2.667,99.770,1069.350,-2.707
7607,12/21/25 07:40:53 AM,1.67,2.67,108.1,-2.595,99.829,1069.350,-2.627
7608,12/21/25 07:50:53 AM,1.67,2.67,92.7,-2.598,99.878,1069.350,-2.624
7609,12/21/25 08:00:53 AM,1.34,2.34,99.7,-2.563,99.957,1069.350,-2.578
7610,12/21/25 08:10:53 AM,1.67,3.01,99.7,-2.514,99.997,1069.350,-2.523
7611,12/21/25 08:20:53 AM,1.67,2.67,91.3,-2.413,99.997,1069.350,-2.422
7612,12/21/25 08:30:53 AM,1.34,2.34,98.3,-2.244,99.997,1069.350,-2.253
7613,12/21/25 08:40:53 AM,1.34,3.67,103.9,-2.102,99.997,1069.350,-2.111
7614,12/21/25 08:50:53 AM,0.67,3.01,103.9,-1.954,99.997,1069.350,-1.963
7615,12/21/25 09:00:53 AM,1.67,3.34,84.2,-1.836,99.997,1069.350,-1.844
7616,12/21/25 09:10:53 AM,1.34,2.34,98.3,-1.740,99.997,1069.350,-1.748
7617,12/21/25 09:20:53 AM,1.67,2.67,98.3,-1.606,99.997,1069.350,-1.614
7618,12/21/25 09:30:53 AM,2.00,3.34,82.8,-1.490,99.997,1069.350,-1.498
7619,12/21/25 09:40:53 AM,1.34,2.00,92.7,-1.407,99.997,1069.350,-1.415
7620,12/21/25 09:50:53 AM,1.00,2.00,87.0,-1.260,99.997,1069.350,-1.267
7621,12/21/25 10:00:53 AM,1.00,2.34,96.9,-1.088,99.997,1069.350,-1.095
7622,12/21/25 10:10:53 AM,1.67,2.67,99.7,-0.855,99.997,1069.350,-0.862
7623,12/21/25 10:20:53 AM,1.34,3.34,99.7,-0.531,99.997,1069.350,-0.537
7624,12/21/25 10:30:53 AM,2.00,4.01,98.3,-0.018,99.997,1069.350,-0.023
7625,12/21/25 10:40:53 AM,2.67,4.34,137.6,-0.123,99.997,1069.350,-0.129
7626,12/21/25 10:50:53 AM,2.34,3.34,122.1,-0.271,99.997,1069.350,-0.277
7627,12/21/25 11:00:53 AM,2.34,3.34,122.1,-0.271,99.997,1069.350,-0.277
7628,12/21/25 11:10:53 AM,2.34,3.34,124.9,-0.354,99.997,1069.350,-0.360
7629,12/21/25 11:20:53 AM,2.34,3.67,103.9,-0.163,99.997,1069.350,-0.169
7630,12/21/25 11:30:53 AM,2.00,3.01,99.7,-0.016,99.997,1069.350,-0.021
7631,12/21/25 11:40:53 AM,2.34,3.34,109.5,0.016,99.997,1069.350,0.011
7632,12/21/25 11:50:53 AM,2.00,3.01,102.5,0.040,99.997,1069.350,0.035
7633,12/21/25 12:00:53 PM,2.00,3.01,110.9,0.105,99.997,1069.350,0.100
7634,12/21/25 12:10:53 PM,2.00,3.01,106.7,0.108,99.997,1069.350,0.103
7635,12/21/25 12:20:53 PM,1.67,2.67,95.5,0.244,99.997,1069.350,0.239
7636,12/21/25 12:30:53 PM,1.00,2.34,124.9,0.319,99.997,1069.350,0.314
7637,12/21/25 12:40:53 PM,2.00,3.01,101.1,0.410,99.997,1069.350,0.405
7638,12/21/25 12:50:53 PM,2.34,3.67,94.1,0.542,99.997,1069.350,0.537
7639,12/21/25 01:00:53 PM,1.67,3.67,110.9,0.520,99.997,1069.350,0.515
7640,12/21/25 01:10:53 PM,2.67,5.01,105.3,0.437,99.997,1069.350,0.432
7641,12/21/25 01:20:53 PM,2.67,4.68,98.3,0.491,99.997,1069.350,0.486
7642,12/21/25 01:30:53 PM,2.67,4.01,103.9,0.593,99.997,1069.350,0.589
7643,12/21/25 01:40:53 PM,2.34,3.34,112.3,0.641,99.997,1069.350,0.637
7644,12/21/25 01:50:53 PM,2.67,4.68,106.7,0.695,99.997,1069.350,0.691
7645,12/21/25 02:00:53 PM,2.00,3.34,99.7,0.684,99.997,1069.350,0.680
7646,12/21/25 02:10:53 PM,2.00,3.34,105.3,0.751,99.997,1069.350,0.747
7647,12/21/25 02:20:53 PM,2.34,3.34,109.5,0.751,99.997,1069.350,0.747
7648,12/21/25 02:30:53 PM,2.34,4.01,108.1,0.823,99.997,1069.350,0.819
7649,12/21/25 02:40:53 PM,2.34,3.67,117.9,0.834,99.997,1069.350,0.830
7650,12/21/25 02:50:53 PM,2.00,3.34,106.7,0.764,99.997,1069.350,0.760
7651,12/21/25 03:00:53 PM,2.00,3.34,103.9,0.845,99.997,1069.350,0.841
7652,12/21/25 03:10:53 PM,2.34,3.01,103.9,0.826,99.997,1069.350,0.822
7653,12/21/25 03:20:53 PM,1.67,3.01,113.7,0.928,99.997,1069.350,0.924
7654,12/21/25 03:30:53 PM,1.34,3.34,133.4,0.963,99.997,1069.350,0.959
7655,12/21/25 03:40:53 PM,1.00,2.67,92.7,0.987,99.997,1069.350,0.983
7656,12/21/25 03:50:53 PM,1.00,2.00,89.9,1.027,99.997,1069.350,1.023
7657,12/21/25 04:00:53 PM,1.34,2.00,88.4,1.049,99.997,1069.350,1.045
7658,12/21/25 04:10:53 PM,1.00,2.00,85.6,1.059,99.997,1069.350,1.055
7659,12/21/25 04:20:53 PM,1.34,2.34,84.2,1.110,99.997,1069.350,1.106
7660,12/21/25 04:30:53 PM,1.34,2.34,77.2,1.161,99.997,1069.350,1.157
7661,12/21/25 04:40:53 PM,1.00,1.67,60.4,1.142,99.997,1069.350,1.138
7662,12/21/25 04:50:53 PM,1.00,1.67,85.6,1.252,99.997,1069.350,1.249
7663,12/21/25 05:00:53 PM,1.00,2.00,105.3,1.132,99.997,1069.350,1.128
7664,12/21/25 05:10:53 PM,1.00,2.00,87.0,1.199,99.997,1069.350,1.196
7665,12/21/25 05:20:53 PM,0.67,1.67,81.4,1.282,99.997,1069.350,1.279
7666,12/21/25 05:30:53 PM,0.00,1.34,82.8,1.217,99.997,1069.350,1.214
7667,12/21/25 05:40:53 PM,0.00,1.00,68.8,1.303,99.997,1069.350,1.300
7668,12/21/25 05:50:53 PM,1.00,2.00,71.6,1.293,99.997,1069.350,1.290
7669,12/21/25 06:00:53 PM,0.33,2.00,130.6,1.110,99.997,1069.350,1.106
7670,12/21/25 06:10:53 PM,0.33,1.34,143.2,1.091,99.997,1069.350,1.087
7671,12/21/25 06:20:53 PM,0.33,1.34,153.0,0.955,99.997,1069.350,0.951
7672,12/21/25 06:30:53 PM,0.00,0.00,154.4,0.909,99.997,1069.350,0.905
7673,12/21/25 06:40:53 PM,0.00,0.00,154.4,0.890,99.997,1069.350,0.886
7674,12/21/25 06:50:53 PM,0.00,0.00,154.4,0.896,99.997,1069.350,0.892
7675,12/21/25 07:00:53 PM,0.00,0.00,154.4,1.006,99.997,1069.350,1.002
7676,12/21/25 07:10:53 PM,0.00,0.00,154.4,1.196,99.997,1069.350,1.193
7677,12/21/25 07:20:53 PM,0.00,0.00,154.4,0.965,99.997,1069.350,0.961
7678,12/21/25 07:30:53 PM,0.00,0.00,68.8,0.987,99.997,1069.350,0.983
7679,12/21/25 07:40:53 PM,0.00,1.34,74.4,1.097,99.997,1069.350,1.093
7680,12/21/25 07:50:53 PM,0.33,1.34,134.8,1.062,99.997,1069.350,1.058
7681,12/21/25 08:00:53 PM,0.00,1.00,126.4,0.968,99.997,1069.350,0.964
7682,12/21/25 08:10:53 PM,0.00,1.00,112.3,0.856,99.997,1069.350,0.852
7683,12/21/25 08:20:53 PM,0.00,0.33,112.3,0.866,99.997,1069.350,0.862
7684,12/21/25 08:30:53 PM,0.00,0.00,112.3,1.081,99.997,1069.350,1.077
7685,12/21/25 08:40:53 PM,0.00,0.00,112.3,1.617,99.997,1069.350,1.614
7686,12/21/25 08:50:53 PM,0.00,1.00,44.9,2.625,99.997,1069.350,2.624
7687,12/21/25 09:00:53 PM,1.00,1.67,352.4,3.268,99.997,1069.350,3.268
7688,12/21/25 09:10:53 PM,1.34,2.00,283.6,4.051,99.997,1069.350,4.052
7689,12/21/25 09:20:53 PM,0.33,1.34,278.0,4.057,99.997,1069.350,4.058
7690,12/21/25 09:30:53 PM,1.34,2.67,168.5,2.003,99.997,1069.350,2.001
7691,12/21/25 09:40:53 PM,0.33,1.34,193.7,1.662,99.997,1069.350,1.659
7692,12/21/25 09:50:53 PM,0.00,1.00,214.8,1.925,99.997,1069.350,1.923
7693,12/21/25 10:00:53 PM,1.00,2.67,301.8,3.687,99.997,1069.350,3.688
7694,12/21/25 10:10:53 PM,1.34,2.67,255.5,3.700,99.997,1069.350,3.701
7695,12/21/25 10:20:53 PM,0.67,2.00,130.6,1.365,99.997,1069.350,1.362
7696,12/21/25 10:30:53 PM,0.67,1.34,74.4,1.376,99.997,1069.350,1.373
7697,12/21/25 10:40:53 PM,0.33,1.67,54.8,2.003,99.997,1069.350,2.001
7698,12/21/25 10:50:53 PM,0.33,2.34,317.3,3.268,99.997,1069.350,3.268
7699,12/21/25 11:00:53 PM,2.67,6.35,251.3,5.220,99.997,1069.350,5.223
7700,12/21/25 11:10:53 PM,3.67,6.68,248.5,5.928,97.444,1069.350,5.559
7701,12/21/25 11:20:53 PM,4.01,6.35,254.1,5.917,95.438,1069.350,5.248
7702,12/21/25 11:30:53 PM,3.67,6.35,262.5,5.853,95.155,1069.350,5.142
7703,12/21/25 11:40:53 PM,3.67,6.01,271.0,6.250,93.582,1069.350,5.297
7704,12/21/25 11:50:53 PM,2.34,5.01,271.0,5.400,96.344,1069.350,4.869
7705,12/22/25 12:00:53 AM,2.00,3.01,269.6,5.223,97.153,1069.350,4.812
7706,12/22/25 12:10:53 AM,1.67,2.67,272.4,5.247,97.200,1069.350,4.843
7707,12/22/25 12:20:53 AM,1.34,2.67,255.5,5.242,97.177,1069.350,4.834
7708,12/22/25 12:30:53 AM,1.00,2.00,261.1,4.791,98.204,1069.350,4.534
7709,12/22/25 12:40:53 AM,1.34,2.34,266.7,4.697,98.596,1069.350,4.497
7710,12/22/25 12:50:53 AM,2.00,3.01,247.1,5.164,98.296,1069.350,4.921
7711,12/22/25 01:00:53 AM,2.34,5.68,268.1,5.089,98.395,1069.350,4.860
7712,12/22/25 01:10:53 AM,3.01,5.68,254.1,5.483,97.241,1069.350,5.084
7713,12/22/25 01:20:53 AM,3.01,4.34,252.7,5.373,97.702,1069.350,5.042
7714,12/22/25 01:30:53 AM,3.01,4.68,245.7,5.531,97.292,1069.350,5.140
7715,12/22/25 01:40:53 AM,2.00,3.34,248.5,5.373,97.990,1069.350,5.085
7716,12/22/25 01:50:53 AM,1.34,1.67,273.8,4.984,98.529,1069.350,4.775
7717,12/22/25 02:00:53 AM,1.34,2.34,290.6,4.799,99.374,1069.350,4.712
7718,12/22/25 02:10:53 AM,1.34,2.00,282.2,4.858,99.930,1069.350,4.851
7719,12/22/25 02:20:53 AM,0.33,1.34,276.6,5.006,99.539,1069.350,4.943
7720,12/22/25 02:30:53 AM,0.00,0.00,276.6,4.939,99.997,1069.350,4.942
7721,12/22/25 02:40:53 AM,0.33,1.34,292.0,4.931,99.791,1069.350,4.904
7722,12/22/25 02:50:53 AM,1.00,1.34,351.0,4.740,99.997,1069.350,4.742
7723,12/22/25 03:00:53 AM,0.00,1.00,355.2,5.142,99.997,1069.350,5.145
7724,12/22/25 03:10:53 AM,0.00,0.00,355.2,5.370,99.991,1069.350,5.372
7725,12/22/25 03:20:53 AM,0.00,0.00,345.4,4.898,99.823,1069.350,4.875
7726,12/22/25 03:30:53 AM,0.33,2.00,272.4,4.421,99.997,1069.350,4.423
7727,12/22/25 03:40:53 AM,0.33,1.00,293.4,4.172,99.997,1069.350,4.173
7728,12/22/25 03:50:53 AM,0.00,0.00,292.0,4.577,99.997,1069.350,4.579
7729,12/22/25 04:00:53 AM,0.00,0.00,292.0,4.995,99.496,1069.350,4.926
7730,12/22/25 04:10:53 AM,0.67,1.34,285.0,5.317,97.990,1069.350,5.029
7731,12/22/25 04:20:53 AM,1.00,1.34,238.7,5.311,96.791,1069.350,4.846
7732,12/22/25 04:30:53 AM,1.00,1.67,266.7,4.301,98.416,1069.350,4.075
7733,12/22/25 04:40:53 AM,1.34,2.00,279.4,4.150,99.693,1069.350,4.108
7734,12/22/25 04:50:53 AM,1.34,2.00,283.6,4.035,99.565,1069.350,3.974
7735,12/22/25 05:00:53 AM,1.34,2.00,282.2,4.239,99.553,1069.350,4.177
7736,12/22/25 05:10:53 AM,1.67,2.00,273.8,4.488,99.156,1069.350,4.369
7737,12/22/25 05:20:53 AM,1.34,1.67,280.8,4.271,99.344,1069.350,4.179
7738,12/22/25 05:30:53 AM,1.34,2.00,283.6,4.172,99.985,1069.350,4.172
7739,12/22/25 05:40:53 AM,1.34,1.67,289.2,4.293,99.997,1069.350,4.294
7740,12/22/25 05:50:53 AM,1.34,1.67,278.0,4.553,99.123,1069.350,4.429
7741,12/22/25 06:00:53 AM,1.34,1.67,285.0,4.480,98.712,1069.350,4.297
7742,12/22/25 06:10:53 AM,1.00,2.00,290.6,4.523,98.286,1069.350,4.278
7743,12/22/25 06:20:53 AM,1.67,3.34,259.7,4.834,97.240,1069.350,4.436
7744,12/22/25 06:30:53 AM,1.34,3.34,268.1,4.786,96.777,1069.350,4.320
7745,12/22/25 06:40:53 AM,1.34,1.67,299.0,4.384,98.169,1069.350,4.123
7746,12/22/25 06:50:53 AM,1.34,2.00,294.8,4.252,98.791,1069.350,4.080
7747,12/22/25 07:00:53 AM,1.34,2.00,287.8,4.236,98.907,1069.350,4.081
7748,12/22/25 07:10:53 AM,1.67,2.34,271.0,4.362,98.674,1069.350,4.174
7749,12/22/25 07:20:53 AM,1.67,2.00,269.6,4.094,98.997,1069.350,3.952
7750,12/22/25 07:30:53 AM,1.34,2.00,276.6,3.973,99.913,1069.350,3.962
7751,12/22/25 07:40:53 AM,1.34,1.67,273.8,3.909,99.770,1069.350,3.878
7752,12/22/25 07:50:53 AM,1.00,1.34,273.8,3.721,99.997,1069.350,3.722
7753,12/22/25 08:00:53 AM,1.00,1.34,268.1,3.807,99.997,1069.350,3.808
7754,12/22/25 08:10:53 AM,1.00,1.34,265.3,3.298,99.997,1069.350,3.298
7755,12/22/25 08:20:53 AM,1.00,1.34,265.3,3.199,99.997,1069.350,3.199
7756,12/22/25 08:30:53 AM,0.67,1.00,265.3,3.158,99.997,1069.350,3.158
7757,12/22/25 08:40:53 AM,0.67,1.34,273.8,2.767,99.997,1069.350,2.766
7758,12/22/25 08:50:53 AM,1.00,1.34,286.4,3.236,99.997,1069.350,3.236
7759,12/22/25 09:00:53 AM,1.00,1.67,279.4,3.054,99.997,1069.350,3.053
7760,12/22/25 09:10:53 AM,1.67,3.67,289.2,3.247,99.997,1069.350,3.247
7761,12/22/25 09:20:53 AM,4.34,6.35,301.8,3.815,99.997,1069.350,3.816
7762,12/22/25 09:30:53 AM,5.01,8.35,285.0,3.858,98.514,1069.350,3.647
7763,12/22/25 09:40:53 AM,3.67,5.34,261.1,3.671,98.012,1069.350,3.387
7764,12/22/25 09:50:53 AM,2.67,4.34,258.3,3.392,98.526,1069.350,3.182
7765,12/22/25 10:00:53 AM,1.67,2.67,262.5,3.051,99.892,1069.350,3.036
7766,12/22/25 10:10:53 AM,1.67,2.34,266.7,2.976,99.997,1069.350,2.975
7767,12/22/25 10:20:53 AM,1.00,1.67,259.7,2.973,99.997,1069.350,2.972
7768,12/22/25 10:30:53 AM,1.67,2.34,265.3,3.118,99.997,1069.350,3.118
7769,12/22/25 10:40:53 AM,1.67,2.34,275.2,3.054,99.997,1069.350,3.053
7770,12/22/25 10:50:53 AM,1.67,2.67,283.6,3.167,99.997,1069.350,3.167
7771,12/22/25 11:00:53 AM,1.67,3.01,314.5,3.365,99.997,1069.350,3.365
7772,12/22/25 11:10:53 AM,2.34,3.34,304.7,3.494,99.997,1069.350,3.494
7773,12/22/25 11:20:53 AM,2.67,4.34,299.0,3.617,99.997,1069.350,3.617
7774,12/22/25 11:30:53 AM,1.67,3.01,300.4,3.695,99.997,1069.350,3.696
7775,12/22/25 11:40:53 AM,1.67,4.01,280.8,3.831,99.591,1069.350,3.774
7776,12/22/25 11:50:53 AM,1.67,2.67,275.2,3.982,98.746,1069.350,3.804
7777,12/22/25 12:00:53 PM,1.34,2.00,271.0,4.022,99.115,1069.350,3.897
7778,12/22/25 12:10:53 PM,1.67,2.34,275.2,4.327,98.743,1069.350,4.149
7779,12/22/25 12:20:53 PM,1.67,3.01,285.0,4.802,98.276,1069.350,4.556
7780,12/22/25 12:30:53 PM,3.01,4.68,289.2,4.566,97.971,1069.350,4.276
7781,12/22/25 12:40:53 PM,3.01,4.34,290.6,4.158,98.567,1069.350,3.954
7782,12/22/25 12:50:53 PM,2.00,2.67,283.6,4.083,99.394,1069.350,3.998
7783,12/22/25 01:00:53 PM,1.67,2.34,258.3,4.293,99.437,1069.350,4.214
7784,12/22/25 01:10:53 PM,1.67,2.34,256.9,4.770,97.977,1069.350,4.480
7785,12/22/25 01:20:53 PM,1.34,2.00,265.3,5.043,97.433,1069.350,4.673
7786,12/22/25 01:30:53 PM,1.34,2.34,276.6,5.271,96.890,1069.350,4.821
7787,12/22/25 01:40:53 PM,1.67,2.34,268.1,5.201,96.234,1069.350,4.654
7788,12/22/25 01:50:53 PM,1.00,2.00,273.8,5.049,97.053,1069.350,4.623
7789,12/22/25 02:00:53 PM,0.67,1.67,276.6,5.041,97.191,1069.350,4.636
7790,12/22/25 02:10:53 PM,1.34,2.00,297.6,5.140,96.634,1069.350,4.652
7791,12/22/25 02:20:53 PM,1.67,2.67,310.3,5.124,96.464,1069.350,4.611
7792,12/22/25 02:30:53 PM,1.34,2.34,308.9,5.730,95.143,1069.350,5.018
7793,12/22/25 02:40:53 PM,1.00,2.00,273.8,5.949,94.022,1069.350,5.065
7794,12/22/25 02:50:53 PM,0.67,1.00,292.0,5.987,94.414,1069.350,5.163
7795,12/22/25 03:00:53 PM,0.00,0.67,294.8,5.990,94.372,1069.350,5.159
7796,12/22/25 03:10:53 PM,0.00,1.00,294.8,5.896,93.469,1069.350,4.928
7797,12/22/25 03:20:53 PM,0.33,0.67,294.8,5.721,93.875,1069.350,4.816
7798,12/22/25 03:30:53 PM,0.00,0.67,294.8,5.692,93.309,1069.350,4.701
7799,12/22/25 03:40:53 PM,0.00,0.00,294.8,5.738,93.498,1069.350,4.775
7800,12/22/25 03:50:53 PM,0.00,0.00,294.8,5.574,94.166,1069.350,4.714
7801,12/22/25 04:00:53 PM,0.00,0.00,294.8,5.459,96.022,1069.350,4.879
7802,12/22/25 04:10:53 PM,0.67,1.34,30.9,4.901,98.726,1069.350,4.720
7803,12/22/25 04:20:53 PM,0.00,0.67,71.6,4.585,99.997,1069.350,4.587
7804,12/22/25 04:30:53 PM,0.33,1.00,71.6,4.266,99.997,1069.350,4.267
7805,12/22/25 04:40:53 PM,0.33,1.00,71.6,3.960,99.997,1069.350,3.961
7806,12/22/25 04:50:53 PM,0.33,1.00,71.6,3.724,99.997,1069.350,3.725
7807,12/22/25 05:00:53 PM,0.00,0.00,71.6,3.628,99.997,1069.350,3.628
7808,12/22/25 05:10:53 PM,0.00,0.00,71.6,3.609,99.997,1069.350,3.609
7809,12/22/25 05:20:53 PM,0.33,1.34,140.4,3.309,99.997,1069.350,3.309
7810,12/22/25 05:30:53 PM,0.67,1.34,355.2,3.247,99.997,1069.350,3.247
7811,12/22/25 05:40:53 PM,1.00,1.34,123.5,3.035,99.997,1069.350,3.034
7812,12/22/25 05:50:53 PM,1.00,1.34,157.2,2.931,99.997,1069.350,2.930
7813,12/22/25 06:00:53 PM,0.33,1.34,157.2,3.065,99.997,1069.350,3.065
7814,12/22/25 06:10:53 PM,0.33,1.34,108.1,2.882,99.997,1069.350,2.881
7815,12/22/25 06:20:53 PM,0.67,1.34,0.0,2.606,99.997,1069.350,2.605
7816,12/22/25 06:30:53 PM,0.67,1.34,12.6,2.518,99.997,1069.350,2.517
7817,12/22/25 06:40:53 PM,0.33,1.34,36.5,2.461,99.997,1069.350,2.460
7818,12/22/25 06:50:53 PM,0.00,0.00,2.8,2.856,99.997,1069.350,2.855
7819,12/22/25 07:00:53 PM,0.00,0.00,1.4,2.571,99.997,1069.350,2.570
7820,12/22/25 07:10:53 PM,0.00,0.00,221.8,2.381,99.997,1069.350,2.379
7821,12/22/25 07:20:53 PM,0.00,0.00,127.8,2.343,99.997,1069.350,2.341
7822,12/22/25 07:30:53 PM,1.34,2.34,294.8,2.167,99.997,1069.350,2.165
7823,12/22/25 07:40:53 PM,0.33,1.34,355.2,2.504,99.997,1069.350,2.503
7824,12/22/25 07:50:53 PM,0.67,1.67,64.6,2.598,99.997,1069.350,2.597
7825,12/22/25 08:00:53 PM,1.00,1.67,73.0,2.437,99.997,1069.350,2.436
7826,12/22/25 08:10:53 PM,1.00,1.67,106.7,1.880,99.997,1069.350,1.878
7827,12/22/25 08:20:53 PM,1.34,2.67,162.9,1.440,99.997,1069.350,1.437
7828,12/22/25 08:30:53 PM,2.00,3.01,143.2,2.051,99.997,1069.350,2.049
7829,12/22/25 08:40:53 PM,1.67,2.34,92.7,1.649,99.997,1069.350,1.646
7830,12/22/25 08:50:53 PM,1.34,2.00,56.2,1.370,99.997,1069.350,1.367
7831,12/22/25 09:00:53 PM,1.00,1.67,40.7,1.721,99.997,1069.350,1.718
7832,12/22/25 09:10:53 PM,0.67,1.67,49.1,2.035,99.997,1069.350,2.033
7833,12/22/25 09:20:53 PM,0.67,1.34,133.4,1.724,99.997,1069.350,1.721
7834,12/22/25 09:30:53 PM,0.33,1.34,154.4,1.539,99.997,1069.350,1.536
7835,12/22/25 09:40:53 PM,1.00,1.67,179.7,1.488,99.997,1069.350,1.485
7836,12/22/25 09:50:53 PM,0.67,2.34,129.2,1.512,99.997,1069.350,1.509
7837,12/22/25 10:00:53 PM,0.00,0.67,98.3,1.494,99.997,1069.350,1.491
7838,12/22/25 10:10:53 PM,0.00,0.67,91.3,1.598,99.997,1069.350,1.595
7839,12/22/25 10:20:53 PM,0.00,1.00,91.3,1.660,99.997,1069.350,1.657
7840,12/22/25 10:30:53 PM,0.33,1.34,91.3,1.797,99.997,1069.350,1.794
7841,12/22/25 10:40:53 PM,0.33,1.34,74.4,1.788,99.997,1069.350,1.785
7842,12/22/25 10:50:53 PM,0.67,1.34,36.5,1.711,99.997,1069.350,1.708
7843,12/22/25 11:00:53 PM,0.33,1.67,63.2,1.662,99.997,1069.350,1.659
7844,12/22/25 11:10:53 PM,0.33,1.00,95.5,1.563,99.997,1069.350,1.560
7845,12/22/25 11:20:53 PM,0.67,1.00,28.1,1.601,99.997,1069.350,1.598
7846,12/22/25 11:30:53 PM,0.33,1.00,42.1,1.553,99.997,1069.350,1.550
7847,12/22/25 11:40:53 PM,0.67,1.34,32.3,1.681,99.997,1069.350,1.678
7848,12/22/25 11:50:53 PM,1.00,2.00,43.5,1.724,99.997,1069.350,1.721
7849,12/23/25 12:00:53 AM,0.33,1.34,39.3,1.866,99.997,1069.350,1.864
7850,12/23/25 12:10:53 AM,0.33,1.00,46.3,1.802,99.997,1069.350,1.799
7851,12/23/25 12:20:53 AM,0.00,0.00,46.3,1.687,99.997,1069.350,1.684
7852,12/23/25 12:30:53 AM,0.00,0.00,39.3,1.671,99.997,1069.350,1.668
7853,12/23/25 12:40:53 AM,0.00,0.00,33.7,1.676,99.997,1069.350,1.673
7854,12/23/25 12:50:53 AM,0.00,0.00,33.7,1.432,99.997,1069.350,1.429
7855,12/23/25 01:00:53 AM,0.00,0.00,33.7,1.654,99.997,1069.350,1.651
7856,12/23/25 01:10:53 AM,0.00,0.00,49.1,1.515,99.997,1069.350,1.512
7857,12/23/25 01:20:53 AM,0.33,1.34,74.4,1.496,99.997,1069.350,1.493
7858,12/23/25 01:30:53 AM,0.33,1.34,63.2,1.730,99.997,1069.350,1.727
7859,12/23/25 01:40:53 AM,0.00,0.67,60.4,1.864,99.997,1069.350,1.862
7860,12/23/25 01:50:53 AM,0.67,1.34,73.0,2.089,99.997,1069.350,2.087
7861,12/23/25 02:00:53 AM,1.34,2.34,113.7,2.234,99.997,1069.350,2.232
7862,12/23/25 02:10:53 AM,2.34,3.34,154.4,2.070,99.997,1069.350,2.068
7863,12/23/25 02:20:53 AM,1.34,3.01,146.0,1.834,99.997,1069.350,1.832
7864,12/23/25 02:30:53 AM,1.00,2.00,151.6,1.703,99.997,1069.350,1.700
7865,12/23/25 02:40:53 AM,1.34,2.00,144.6,1.577,99.997,1069.350,1.574
7866,12/23/25 02:50:53 AM,0.00,1.00,143.2,1.424,99.997,1069.350,1.421
7867,12/23/25 03:00:53 AM,0.00,0.00,117.9,1.448,99.997,1069.350,1.445
7868,12/23/25 03:10:53 AM,0.00,0.00,117.9,1.555,99.997,1069.350,1.552
7869,12/23/25 03:20:53 AM,0.00,0.67,102.5,1.510,99.997,1069.350,1.507
7870,12/23/25 03:30:53 AM,0.33,1.34,80.0,1.472,99.997,1069.350,1.469
7871,12/23/25 03:40:53 AM,0.67,2.00,49.1,1.491,99.997,1069.350,1.488
7872,12/23/25 03:50:53 AM,0.67,2.00,88.4,1.515,99.997,1069.350,1.512
7873,12/23/25 04:00:53 AM,0.67,1.34,87.0,1.429,99.997,1069.350,1.426
7874,12/23/25 04:10:53 AM,0.67,1.34,46.3,1.381,99.997,1069.350,1.378
7875,12/23/25 04:20:53 AM,0.00,0.00,32.3,1.491,99.997,1069.350,1.488
7876,12/23/25 04:30:53 AM,0.67,1.34,49.1,1.547,99.997,1069.350,1.544
7877,12/23/25 04:40:53 AM,1.00,1.67,68.8,1.405,99.997,1069.350,1.402
7878,12/23/25 04:50:53 AM,1.00,2.34,70.2,1.217,99.997,1069.350,1.214
7879,12/23/25 05:00:53 AM,0.33,1.34,64.6,1.252,99.997,1069.350,1.249
7880,12/23/25 05:10:53 AM,1.34,2.00,59.0,1.287,99.997,1069.350,1.284
7881,12/23/25 05:20:53 AM,0.67,1.67,53.3,1.536,99.997,1069.350,1.533
7882,12/23/25 05:30:53 AM,0.67,1.67,112.3,1.539,99.997,1069.350,1.536
7883,12/23/25 05:40:53 AM,1.00,2.00,113.7,1.461,99.997,1069.350,1.458
7884,12/23/25 05:50:53 AM,1.00,2.34,237.3,1.317,99.997,1069.350,1.314
7885,12/23/25 06:00:53 AM,1.67,3.01,151.6,1.472,99.997,1069.350,1.469
7886,12/23/25 06:10:53 AM,0.67,1.67,102.5,1.684,99.997,1069.350,1.681
7887,12/23/25 06:20:53 AM,0.33,2.34,112.3,1.866,99.997,1069.350,1.864
7888,12/23/25 06:30:53 AM,2.00,4.01,91.3,1.847,99.997,1069.350,1.845
7889,12/23/25 06:40:53 AM,1.34,3.01,335.5,1.831,99.997,1069.350,1.829
7890,12/23/25 06:50:53 AM,1.67,3.34,183.9,1.923,99.997,1069.350,1.921
7891,12/23/25 07:00:53 AM,1.34,3.01,171.3,1.756,99.997,1069.350,1.753
7892,12/23/25 07:10:53 AM,1.34,2.34,199.4,1.778,99.997,1069.350,1.775
7893,12/23/25 07:20:53 AM,0.33,1.34,248.5,1.735,99.997,1069.350,1.732
7894,12/23/25 07:30:53 AM,1.67,3.34,320.1,1.673,99.997,1069.350,1.670
7895,12/23/25 07:40:53 AM,0.67,1.67,54.8,2.180,99.997,1069.350,2.178
7896,12/23/25 07:50:53 AM,1.67,3.01,32.3,2.177,99.997,1069.350,2.175
7897,12/23/25 08:00:53 AM,1.00,3.01,14.0,2.228,99.997,1069.350,2.226
7898,12/23/25 08:10:53 AM,1.34,3.67,108.1,2.539,99.832,1069.350,2.514
7899,12/23/25 08:20:53 AM,2.00,3.01,200.8,1.968,99.997,1069.350,1.966
7900,12/23/25 08:30:53 AM,0.67,2.00,240.1,1.872,99.997,1069.350,1.870
7901,12/23/25 08:40:53 AM,1.00,1.67,262.5,1.788,99.997,1069.350,1.785
7902,12/23/25 08:50:53 AM,0.33,1.34,331.3,2.008,99.997,1069.350,2.006
7903,12/23/25 09:00:53 AM,0.67,1.34,327.1,1.542,99.997,1069.350,1.539
7904,12/23/25 09:10:53 AM,0.33,0.67,321.5,1.756,99.997,1069.350,1.753
7905,12/23/25 09:20:53 AM,1.00,1.67,30.9,1.338,99.997,1069.350,1.335
7906,12/23/25 09:30:53 AM,0.33,1.34,49.1,1.121,99.997,1069.350,1.117
7907,12/23/25 09:40:53 AM,0.67,1.00,15.4,1.274,99.997,1069.350,1.271
7908,12/23/25 09:50:53 AM,1.34,2.00,22.5,1.553,99.997,1069.350,1.550
7909,12/23/25 10:00:53 AM,0.33,1.67,190.9,1.475,99.997,1069.350,1.472
7910,12/23/25 10:10:53 AM,0.33,1.00,207.8,1.652,99.997,1069.350,1.649
7911,12/23/25 10:20:53 AM,0.33,0.67,230.2,1.971,99.997,1069.350,1.969
7912,12/23/25 10:30:53 AM,0.00,0.33,228.8,2.167,99.997,1069.350,2.165
7913,12/23/25 10:40:53 AM,0.00,0.00,228.8,2.378,99.997,1069.350,2.376
7914,12/23/25 10:50:53 AM,0.33,0.67,228.8,2.368,99.997,1069.350,2.366
7915,12/23/25 11:00:53 AM,0.00,0.67,228.8,2.394,99.997,1069.350,2.392
7916,12/23/25 11:10:53 AM,0.00,0.67,228.8,2.518,99.997,1069.350,2.517
7917,12/23/25 11:20:53 AM,0.33,1.00,228.8,2.585,99.997,1069.350,2.584
7918,12/23/25 11:30:53 AM,0.33,1.00,132.0,2.598,99.997,1069.350,2.597
7919,12/23/25 11:40:53 AM,0.67,1.34,81.4,2.585,99.997,1069.350,2.584
7920,12/23/25 11:50:53 AM,1.34,3.34,60.4,2.569,99.997,1069.350,2.568
7921,12/23/25 12:00:53 PM,2.00,3.34,75.8,2.620,99.997,1069.350,2.619
7922,12/23/25 12:10:53 PM,1.34,2.34,88.4,2.700,99.997,1069.350,2.699
7923,12/23/25 12:20:53 PM,1.00,2.34,346.8,2.845,99.997,1069.350,2.844
7924,12/23/25 12:30:53 PM,1.00,2.67,66.0,3.209,99.467,1069.350,3.134
7925,12/23/25 12:40:53 PM,1.67,2.67,112.3,3.161,99.542,1069.350,3.096
7926,12/23/25 12:50:53 PM,1.67,2.34,123.5,2.998,99.997,1069.350,2.997
7927,12/23/25 01:00:53 PM,1.67,2.34,122.1,3.049,99.997,1069.350,3.048
7928,12/23/25 01:10:53 PM,2.00,2.67,119.3,3.172,99.997,1069.350,3.172
7929,12/23/25 01:20:53 PM,2.00,3.67,108.1,3.027,99.997,1069.350,3.026
7930,12/23/25 01:30:53 PM,0.33,1.34,137.6,3.167,99.896,1069.350,3.152
7931,12/23/25 01:40:53 PM,1.67,3.34,74.4,3.416,98.634,1069.350,3.222
7932,12/23/25 01:50:53 PM,2.34,5.34,117.9,3.582,97.591,1069.350,3.237
7933,12/23/25 02:00:53 PM,1.67,3.34,143.2,3.217,98.695,1069.350,3.032
7934,12/23/25 02:10:53 PM,1.34,2.34,136.2,3.389,98.242,1069.350,3.139
7935,12/23/25 02:20:53 PM,0.67,2.00,123.5,3.536,97.848,1069.350,3.229
7936,12/23/25 02:30:53 PM,1.00,2.00,134.8,3.571,97.559,1069.350,3.222
7937,12/23/25 02:40:53 PM,1.00,1.67,95.5,3.625,97.675,1069.350,3.293
7938,12/23/25 02:50:53 PM,1.00,2.00,99.7,3.869,96.960,1069.350,3.432
7939,12/23/25 03:00:53 PM,1.00,1.67,84.2,3.963,96.843,1069.350,3.509
7940,12/23/25 03:10:53 PM,0.67,1.34,91.3,4.116,96.852,1069.350,3.663
7941,12/23/25 03:20:53 PM,0.33,1.00,94.1,4.172,96.886,1069.350,3.724
7942,12/23/25 03:30:53 PM,1.00,1.67,130.6,4.024,96.870,1069.350,3.574
7943,12/23/25 03:40:53 PM,0.67,1.67,92.7,4.008,97.433,1069.350,3.640
7944,12/23/25 03:50:53 PM,1.00,1.67,92.7,4.223,97.321,1069.350,3.838
7945,12/23/25 04:00:53 PM,0.33,1.34,109.5,4.319,97.252,1069.350,3.924
7946,12/23/25 04:10:53 PM,1.34,2.67,74.4,4.770,96.052,1069.350,4.197
7947,12/23/25 04:20:53 PM,1.67,3.01,95.5,5.220,93.181,1069.350,4.212
7948,12/23/25 04:30:53 PM,1.34,2.67,108.1,4.646,95.111,1069.350,3.933
7949,12/23/25 04:40:53 PM,1.67,2.67,112.3,4.764,93.367,1069.350,3.788
7950,12/23/25 04:50:53 PM,1.34,1.67,130.6,4.110,95.593,1069.350,3.471
7951,12/23/25 05:00:53 PM,0.67,1.67,143.2,3.998,96.181,1069.350,3.447
7952,12/23/25 05:10:53 PM,0.67,2.00,133.4,4.148,95.099,1069.350,3.436
7953,12/23/25 05:20:53 PM,1.00,1.67,120.7,3.941,95.232,1069.350,3.249
7954,12/23/25 05:30:53 PM,0.67,1.67,136.2,3.858,95.221,1069.350,3.165
7955,12/23/25 05:40:53 PM,1.34,2.00,151.6,3.869,94.752,1069.350,3.106
7956,12/23/25 05:50:53 PM,1.34,3.34,110.9,4.582,91.707,1069.350,3.353
7957,12/23/25 06:00:53 PM,2.00,3.67,73.0,4.075,93.071,1069.350,3.058
7958,12/23/25 06:10:53 PM,1.34,3.34,94.1,3.901,93.480,1069.350,2.947
7959,12/23/25 06:20:53 PM,1.34,2.34,151.6,3.384,94.424,1069.350,2.575
7960,12/23/25 06:30:53 PM,1.34,3.34,91.3,3.073,95.666,1069.350,2.449
7961,12/23/25 06:40:53 PM,1.00,2.34,88.4,3.022,95.796,1069.350,2.417
7962,12/23/25 06:50:53 PM,0.67,1.67,221.8,2.746,96.233,1069.350,2.206
7963,12/23/25 07:00:53 PM,0.67,1.67,240.1,2.877,96.019,1069.350,2.305
7964,12/23/25 07:10:53 PM,1.34,3.01,101.1,3.175,94.144,1069.350,2.325
7965,12/23/25 07:20:53 PM,0.67,1.34,136.2,2.504,95.840,1069.350,1.907
7966,12/23/25 07:30:53 PM,0.00,0.67,155.8,1.917,97.317,1069.350,1.535
7967,12/23/25 07:40:53 PM,0.33,1.34,67.4,1.906,97.650,1069.350,1.572
7968,12/23/25 07:50:53 PM,0.33,1.34,47.7,1.898,97.266,1069.350,1.509
7969,12/23/25 08:00:53 PM,1.34,2.34,226.0,1.561,98.114,1069.350,1.293
7970,12/23/25 08:10:53 PM,0.33,1.34,186.7,1.933,97.632,1069.350,1.596
7971,12/23/25 08:20:53 PM,0.33,1.34,178.3,2.582,94.682,1069.350,1.815
7972,12/23/25 08:30:53 PM,0.00,0.67,168.5,2.957,92.636,1069.350,1.882
7973,12/23/25 08:40:53 PM,0.00,0.00,167.1,2.604,93.687,1069.350,1.689
7974,12/23/25 08:50:53 PM,0.00,0.00,167.1,2.370,94.545,1069.350,1.584
7975,12/23/25 09:00:53 PM,0.00,0.00,167.1,2.957,91.440,1069.350,1.701
7976,12/23/25 09:10:53 PM,0.67,1.00,205.0,2.437,92.967,1069.350,1.416
7977,12/23/25 09:20:53 PM,0.00,1.00,271.0,2.217,93.739,1069.350,1.312
7978,12/23/25 09:30:53 PM,0.67,2.00,108.1,3.099,89.953,1069.350,1.613
7979,12/23/25 09:40:53 PM,0.33,1.34,161.5,2.614,91.917,1069.350,1.433
7980,12/23/25 09:50:53 PM,0.00,0.00,161.5,2.459,92.692,1069.350,1.396
7981,12/23/25 10:00:53 PM,2.00,8.02,73.0,3.491,87.906,1069.350,1.679
7982,12/23/25 10:10:53 PM,4.01,7.01,68.8,5.381,79.312,1069.350,2.093
7983,12/23/25 10:20:53 PM,2.67,5.34,103.9,4.890,80.740,1069.350,1.864
7984,12/23/25 10:30:53 PM,3.67,6.68,153.0,3.721,85.852,1069.350,1.575
7985,12/23/25 10:40:53 PM,1.34,3.01,168.5,3.751,86.090,1069.350,1.644
7986,12/23/25 10:50:53 PM,1.00,2.00,203.6,3.772,85.863,1069.350,1.627
7987,12/23/25 11:00:53 PM,1.34,3.34,103.9,3.823,85.264,1069.350,1.580
7988,12/23/25 11:10:53 PM,3.01,6.01,57.6,3.939,84.733,1069.350,1.607
7989,12/23/25 11:20:53 PM,3.34,5.01,66.0,5.024,79.976,1069.350,1.862
7990,12/23/25 11:30:53 PM,3.67,5.34,61.8,5.150,78.988,1069.350,1.811
7991,12/23/25 11:40:53 PM,2.67,4.68,60.4,5.014,79.356,1069.350,1.744
7992,12/23/25 11:50:53 PM,2.34,3.67,42.1,4.346,81.857,1069.350,1.524
7993,12/24/25 12:00:53 AM,3.01,5.01,54.8,4.183,82.815,1069.350,1.527
7994,12/24/25 12:10:53 AM,2.00,3.34,78.6,3.732,84.933,1069.350,1.436
7995,12/24/25 12:20:53 AM,1.00,2.00,61.8,3.772,84.446,1069.350,1.395
7996,12/24/25 12:30:53 AM,1.34,2.34,103.9,4.164,82.727,1069.350,1.493
7997,12/24/25 12:40:53 AM,1.00,1.67,165.7,3.630,84.752,1069.350,1.306
7998,12/24/25 12:50:53 AM,0.67,1.67,119.3,3.676,84.752,1069.350,1.351
7999,12/24/25 01:00:53 AM,0.67,3.01,117.9,3.536,85.173,1069.350,1.283
8000,12/24/25 01:10:53 AM,1.34,3.34,84.2,4.566,80.830,1069.350,1.563
8001,12/24/25 01:20:53 AM,1.34,2.67,140.4,3.665,84.208,1069.350,1.251
8002,12/24/25 01:30:53 AM,0.67,2.00,124.9,3.662,84.518,1069.350,1.299
8003,12/24/25 01:40:53 AM,0.67,1.67,122.1,3.770,83.998,1069.350,1.319
8004,12/24/25 01:50:53 AM,0.33,2.34,126.4,3.620,84.372,1069.350,1.234
8005,12/24/25 02:00:53 AM,1.67,4.68,92.7,4.051,82.747,1069.350,1.386
8006,12/24/25 02:10:53 AM,2.34,5.34,95.5,4.231,81.901,1069.350,1.419
8007,12/24/25 02:20:53 AM,4.68,7.01,49.1,4.856,78.614,1069.350,1.459
8008,12/24/25 02:30:53 AM,4.68,7.01,40.7,5.035,77.557,1069.350,1.444
8009,12/24/25 02:40:53 AM,4.34,6.68,44.9,5.116,77.086,1069.350,1.438
8010,12/24/25 02:50:53 AM,3.34,5.68,63.2,4.762,78.676,1069.350,1.378
8011,12/24/25 03:00:53 AM,2.00,3.67,109.5,3.437,83.917,1069.350,0.979
8012,12/24/25 03:10:53 AM,3.34,5.34,99.7,3.499,84.199,1069.350,1.087
8013,12/24/25 03:20:53 AM,2.67,3.67,117.9,3.483,84.227,1069.350,1.076
8014,12/24/25 03:30:53 AM,2.34,3.67,94.1,3.327,85.023,1069.350,1.053
8015,12/24/25 03:40:53 AM,2.34,4.01,75.8,3.676,83.488,1069.350,1.142
8016,12/24/25 03:50:53 AM,2.00,4.01,64.6,4.091,81.144,1069.350,1.153
8017,12/24/25 04:00:53 AM,2.00,4.68,68.8,4.612,78.795,1069.350,1.253
8018,12/24/25 04:10:53 AM,1.67,3.01,175.5,3.539,82.574,1069.350,0.855
8019,12/24/25 04:20:53 AM,2.34,5.68,73.0,4.099,81.184,1069.350,1.168
8020,12/24/25 04:30:53 AM,4.01,6.35,60.4,5.183,76.973,1069.350,1.483
8021,12/24/25 04:40:53 AM,4.34,7.01,57.6,5.459,75.273,1069.350,1.439
8022,12/24/25 04:50:53 AM,5.01,8.02,57.6,5.483,74.972,1069.350,1.407
8023,12/24/25 05:00:53 AM,4.68,7.35,67.4,5.681,73.899,1069.350,1.397
8024,12/24/25 05:10:53 AM,4.68,7.35,78.6,5.483,74.626,1069.350,1.342
8025,12/24/25 05:20:53 AM,4.01,6.01,70.2,5.630,73.515,1069.350,1.276
8026,12/24/25 05:30:53 AM,3.67,6.35,84.2,6.105,70.631,1069.350,1.177
8027,12/24/25 05:40:53 AM,4.34,7.35,85.6,6.831,67.039,1069.350,1.147
8028,12/24/25 05:50:53 AM,4.01,6.35,64.6,5.595,72.386,1069.350,1.027
8029,12/24/25 06:00:53 AM,5.01,7.35,60.4,5.384,73.413,1069.350,1.019
8030,12/24/25 06:10:53 AM,5.34,8.35,64.6,5.491,73.075,1069.350,1.058
8031,12/24/25 06:20:53 AM,5.34,8.35,64.6,5.453,73.175,1069.350,1.040
8032,12/24/25 06:30:53 AM,5.68,9.35,66.0,5.284,74.049,1069.350,1.042
8033,12/24/25 06:40:53 AM,5.34,8.35,66.0,5.357,73.623,1069.350,1.032
8034,12/24/25 06:50:53 AM,5.34,7.68,66.0,5.078,74.726,1069.350,0.969
8035,12/24/25 07:00:53 AM,5.01,7.35,67.4,5.327,73.582,1069.350,0.996
8036,12/24/25 07:10:53 AM,5.34,9.35,66.0,5.542,72.561,1069.350,1.009
8037,12/24/25 07:20:53 AM,5.68,8.35,64.6,5.456,72.929,1069.350,0.996
8038,12/24/25 07:30:53 AM,6.35,9.02,61.8,5.201,73.968,1069.350,0.946
8039,12/24/25 07:40:53 AM,6.01,9.02,60.4,4.847,75.631,1069.350,0.912
8040,12/24/25 07:50:53 AM,7.01,11.69,56.2,4.834,75.671,1069.350,0.907
8041,12/24/25 08:00:53 AM,7.35,11.35,57.6,5.070,74.719,1069.350,0.960
8042,12/24/25 08:10:53 AM,6.35,10.35,61.8,5.158,74.734,1069.350,1.048
8043,12/24/25 08:20:53 AM,6.35,11.02,60.4,5.413,74.165,1069.350,1.188
8044,12/24/25 08:30:53 AM,6.68,10.02,60.4,5.491,74.212,1069.350,1.273
8045,12/24/25 08:40:53 AM,7.01,10.02,59.0,5.638,74.246,1069.350,1.421
8046,12/24/25 08:50:53 AM,6.01,9.02,63.2,5.437,75.830,1069.350,1.521
8047,12/24/25 09:00:53 AM,6.68,9.35,64.6,5.440,76.709,1069.350,1.684
8048,12/24/25 09:10:53 AM,7.35,10.35,63.2,5.089,78.352,1069.350,1.639
8049,12/24/25 09:20:53 AM,6.68,9.35,67.4,4.898,79.640,1069.350,1.680
8050,12/24/25 09:30:53 AM,5.34,8.35,74.4,5.027,79.379,1069.350,1.760
8051,12/24/25 09:40:53 AM,5.01,8.02,71.6,4.821,79.947,1069.350,1.659
8052,12/24/25 09:50:53 AM,5.68,8.68,73.0,4.928,79.251,1069.350,1.641
8053,12/24/25 10:00:53 AM,5.68,9.35,64.6,4.952,79.429,1069.350,1.696
8054,12/24/25 10:10:53 AM,6.01,9.02,66.0,5.236,77.913,1069.350,1.703
8055,12/24/25 10:20:53 AM,7.01,10.35,60.4,5.528,76.799,1069.350,1.786
8056,12/24/25 10:30:53 AM,7.68,11.35,54.8,5.609,76.564,1069.350,1.822
8057,12/24/25 10:40:53 AM,6.68,10.02,53.3,5.638,77.200,1069.350,1.966
8058,12/24/25 10:50:53 AM,6.35,10.02,61.8,5.392,78.474,1069.350,1.955
8059,12/24/25 11:00:53 AM,6.01,8.68,59.0,5.134,80.000,1069.350,1.974
8060,12/24/25 11:10:53 AM,5.01,7.35,53.3,5.108,80.717,1069.350,2.073
8061,12/24/25 11:20:53 AM,6.01,9.35,57.6,5.234,80.723,1069.350,2.197
8062,12/24/25 11:30:53 AM,6.01,9.68,57.6,5.424,80.618,1069.350,2.364
8063,12/24/25 11:40:53 AM,6.35,9.68,59.0,5.786,80.343,1069.350,2.670
8064,12/24/25 11:50:53 AM,6.35,10.35,60.4,5.805,82.129,1069.350,2.998
8065,12/24/25 12:00:53 PM,6.35,9.35,61.8,5.617,83.748,1069.350,3.090
8066,12/24/25 12:10:53 PM,6.35,9.02,59.0,5.547,85.037,1069.350,3.237
8067,12/24/25 12:20:53 PM,6.35,8.68,56.2,5.247,87.871,1069.350,3.405
8068,12/24/25 12:30:53 PM,5.68,8.68,54.8,5.067,90.268,1069.350,3.609
8069,12/24/25 12:40:53 PM,6.35,9.02,50.5,4.952,91.589,1069.350,3.701
8070,12/24/25 12:50:53 PM,6.35,9.02,47.7,4.995,92.004,1069.350,3.808
8071,12/24/25 01:00:53 PM,6.35,9.02,46.3,5.070,92.694,1069.350,3.989
8072,12/24/25 01:10:53 PM,6.68,10.02,47.7,5.081,92.921,1069.350,4.034
8073,12/24/25 01:20:53 PM,7.35,10.35,51.9,5.126,93.843,1069.350,4.220
8074,12/24/25 01:30:53 PM,6.35,9.35,50.5,4.998,95.450,1069.350,4.335
8075,12/24/25 01:40:53 PM,6.68,9.35,51.9,5.000,95.190,1069.350,4.298
8076,12/24/25 01:50:53 PM,6.01,9.35,59.0,4.823,96.414,1069.350,4.304
8077,12/24/25 02:00:53 PM,6.68,9.68,54.8,4.775,97.243,1069.350,4.378
8078,12/24/25 02:10:53 PM,7.35,10.69,51.9,4.829,97.836,1069.350,4.519
8079,12/24/25 02:20:53 PM,6.35,9.68,60.4,4.791,98.451,1069.350,4.570
8080,12/24/25 02:30:53 PM,6.01,9.02,60.4,4.778,99.422,1069.350,4.698
8081,12/24/25 02:40:53 PM,7.68,12.02,54.8,4.974,99.380,1069.350,4.888
8082,12/24/25 02:50:53 PM,8.02,11.35,54.8,5.258,98.737,1069.350,5.079
8083,12/24/25 03:00:53 PM,6.01,9.02,61.8,5.268,98.946,1069.350,5.119
8084,12/24/25 03:10:53 PM,5.68,9.68,61.8,5.252,99.435,1069.350,5.174
8085,12/24/25 03:20:53 PM,6.35,9.35,67.4,5.172,99.887,1069.350,5.159
8086,12/24/25 03:30:53 PM,5.68,8.35,66.0,5.164,99.997,1069.350,5.167
8087,12/24/25 03:40:53 PM,6.35,9.02,64.6,5.268,99.997,1069.350,5.271
8088,12/24/25 03:50:53 PM,6.68,10.35,60.4,5.362,99.997,1069.350,5.365
8089,12/24/25 04:00:53 PM,6.68,9.02,60.4,5.317,99.997,1069.350,5.320
8090,12/24/25 04:10:53 PM,5.68,9.35,61.8,5.282,99.997,1069.350,5.285
8091,12/24/25 04:20:53 PM,5.68,9.35,60.4,5.325,99.997,1069.350,5.328
8092,12/24/25 04:30:53 PM,6.01,9.02,57.6,5.424,99.997,1069.350,5.427
8093,12/24/25 04:40:53 PM,6.01,10.02,59.0,5.523,99.997,1069.350,5.526
8094,12/24/25 04:50:53 PM,5.68,8.35,60.4,5.555,99.997,1069.350,5.558
8095,12/24/25 05:00:53 PM,5.34,8.02,64.6,5.593,99.997,1069.350,5.597
8096,12/24/25 05:10:53 PM,4.68,7.01,66.0,5.606,99.997,1069.350,5.610
8097,12/24/25 05:20:53 PM,4.34,7.01,64.6,5.697,99.997,1069.350,5.701
8098,12/24/25 05:30:53 PM,4.68,7.68,56.2,5.778,99.997,1069.350,5.782
8099,12/24/25 05:40:53 PM,4.68,6.68,53.3,5.746,99.997,1069.350,5.750
8100,12/24/25 05:50:53 PM,3.67,5.34,57.6,5.770,99.997,1069.350,5.774
8101,12/24/25 06:00:53 PM,3.01,5.01,61.8,5.756,99.997,1069.350,5.760
8102,12/24/25 06:10:53 PM,3.67,5.68,54.8,5.805,99.997,1069.350,5.809
8103,12/24/25 06:20:53 PM,2.67,4.68,56.2,5.858,99.997,1069.350,5.862
8104,12/24/25 06:30:53 PM,2.34,5.68,115.1,5.882,99.997,1069.350,5.886
8105,12/24/25 06:40:53 PM,1.67,3.67,153.0,5.890,99.997,1069.350,5.894
8106,12/24/25 06:50:53 PM,1.34,3.01,313.1,5.467,99.997,1069.350,5.470
8107,12/24/25 07:00:53 PM,0.67,2.00,1.4,5.563,99.997,1069.350,5.567
8108,12/24/25 07:10:53 PM,0.00,1.00,355.2,6.043,99.997,1069.350,6.047
8109,12/24/25 07:20:53 PM,0.00,0.00,16.8,6.078,99.997,1069.350,6.082
8110,12/24/25 07:30:53 PM,0.33,1.67,167.1,6.357,99.997,1069.350,6.362
8111,12/24/25 07:40:53 PM,0.67,1.34,164.3,6.343,99.850,1069.350,6.326
8112,12/24/25 07:50:53 PM,0.33,1.00,141.8,6.352,99.583,1069.350,6.297
8113,12/24/25 08:00:53 PM,0.33,1.00,141.8,6.282,99.850,1069.350,6.265
8114,12/24/25 08:10:53 PM,0.33,1.34,155.8,5.992,99.800,1069.350,5.968
8115,12/24/25 08:20:53 PM,0.67,1.67,74.4,5.821,99.997,1069.350,5.825
8116,12/24/25 08:30:53 PM,0.00,1.00,56.2,5.974,99.814,1069.350,5.952
8117,12/24/25 08:40:53 PM,0.00,0.00,56.2,6.100,99.396,1069.350,6.017
8118,12/24/25 08:50:53 PM,0.00,0.00,56.2,6.185,98.564,1069.350,5.981
8119,12/24/25 09:00:53 PM,0.33,1.34,66.0,6.231,97.877,1069.350,5.925
8120,12/24/25 09:10:53 PM,1.00,2.00,85.6,5.904,98.447,1069.350,5.682
8121,12/24/25 09:20:53 PM,1.00,1.67,82.8,5.633,98.859,1069.350,5.472
8122,12/24/25 09:30:53 PM,2.00,3.34,54.8,5.453,99.045,1069.350,5.319
8123,12/24/25 09:40:53 PM,2.34,3.67,57.6,5.654,98.875,1069.350,5.495
8124,12/24/25 09:50:53 PM,2.34,3.01,44.9,5.569,99.001,1069.350,5.428
8125,12/24/25 10:00:53 PM,1.67,2.67,35.1,5.486,99.155,1069.350,5.368
8126,12/24/25 10:10:53 PM,1.34,2.67,39.3,5.376,99.875,1069.350,5.362
8127,12/24/25 10:20:53 PM,1.00,2.00,94.1,5.057,99.997,1069.350,5.060
8128,12/24/25 10:30:53 PM,2.00,3.67,61.8,5.349,99.237,1069.350,5.242
8129,12/24/25 10:40:53 PM,1.67,3.01,71.6,5.558,97.905,1069.350,5.257
8130,12/24/25 10:50:53 PM,2.34,4.01,102.5,5.571,97.813,1069.350,5.257
8131,12/24/25 11:00:53 PM,2.00,3.34,94.1,5.295,98.891,1069.350,5.138
8132,12/24/25 11:10:53 PM,2.00,3.34,78.6,5.263,99.376,1069.350,5.176
8133,12/24/25 11:20:53 PM,2.00,3.01,59.0,5.327,99.260,1069.350,5.224
8134,12/24/25 11:30:53 PM,2.00,3.34,57.6,5.335,99.640,1069.350,5.287
8135,12/24/25 11:40:53 PM,1.67,3.01,78.6,5.319,99.675,1069.350,5.276
8136,12/24/25 11:50:53 PM,2.34,4.34,64.6,5.134,99.997,1069.350,5.137
8137,12/25/25 12:00:53 AM,3.67,5.01,67.4,5.100,99.997,1069.350,5.103
8138,12/25/25 12:10:53 AM,3.67,6.01,91.3,5.263,98.633,1069.350,5.069
8139,12/25/25 12:20:53 AM,3.01,5.01,98.3,5.150,98.531,1069.350,4.941
8140,12/25/25 12:30:53 AM,2.34,3.34,77.2,4.909,99.997,1069.350,4.911
8141,12/25/25 12:40:53 AM,1.34,2.34,80.0,4.778,99.997,1069.350,4.780
8142,12/25/25 12:50:53 AM,2.67,5.68,82.8,4.641,99.997,1069.350,4.643
8143,12/25/25 01:00:53 AM,3.34,4.68,74.4,4.649,99.997,1069.350,4.651
8144,12/25/25 01:10:53 AM,2.00,3.67,73.0,4.534,99.997,1069.350,4.536
8145,12/25/25 01:20:53 AM,2.00,3.67,51.9,4.571,99.004,1069.350,4.430
8146,12/25/25 01:30:53 AM,1.67,2.34,57.6,4.341,97.986,1069.350,4.053
8147,12/25/25 01:40:53 AM,1.67,2.34,67.4,3.837,98.892,1069.350,3.680
8148,12/25/25 01:50:53 AM,2.00,3.01,81.4,3.668,99.294,1069.350,3.568
8149,12/25/25 02:00:53 AM,1.67,2.67,94.1,3.354,99.435,1069.350,3.274
8150,12/25/25 02:10:53 AM,1.00,2.34,99.7,3.000,99.312,1069.350,2.902
8151,12/25/25 02:20:53 AM,1.34,3.01,129.2,2.405,99.841,1069.350,2.382
8152,12/25/25 02:30:53 AM,1.00,1.67,235.9,2.212,99.997,1069.350,2.210
8153,12/25/25 02:40:53 AM,0.67,2.34,261.1,2.373,99.997,1069.350,2.371
8154,12/25/25 02:50:53 AM,1.00,1.67,245.7,2.461,99.997,1069.350,2.460
8155,12/25/25 03:00:53 AM,1.00,1.67,96.9,1.756,99.997,1069.350,1.753
8156,12/25/25 03:10:53 AM,1.00,1.67,64.6,2.381,99.997,1069.350,2.379
8157,12/25/25 03:20:53 AM,2.34,4.34,68.8,3.193,99.997,1069.350,3.193
8158,12/25/25 03:30:53 AM,2.67,4.34,61.8,3.601,99.997,1069.350,3.601
8159,12/25/25 03:40:53 AM,2.67,4.01,56.2,3.705,99.997,1069.350,3.706
8160,12/25/25 03:50:53 AM,2.67,4.01,43.5,3.941,99.997,1069.350,3.942
8161,12/25/25 04:00:53 AM,2.67,4.34,56.2,3.794,99.997,1069.350,3.795
8162,12/25/25 04:10:53 AM,2.34,3.67,59.0,3.475,99.997,1069.350,3.475
8163,12/25/25 04:20:53 AM,2.00,3.34,82.8,3.086,99.997,1069.350,3.086
8164,12/25/25 04:30:53 AM,2.00,3.01,84.2,2.845,99.997,1069.350,2.844
8165,12/25/25 04:40:53 AM,1.00,2.67,77.2,3.201,99.997,1069.350,3.201
8166,12/25/25 04:50:53 AM,0.67,1.34,116.5,3.236,99.997,1069.350,3.236
8167,12/25/25 05:00:53 AM,1.00,2.34,78.6,3.022,99.997,1069.350,3.021
8168,12/25/25 05:10:53 AM,1.34,3.01,67.4,3.276,99.997,1069.350,3.276
8169,12/25/25 05:20:53 AM,0.67,2.00,71.6,2.998,99.997,1069.350,2.997
8170,12/25/25 05:30:53 AM,0.00,1.00,74.4,2.955,99.997,1069.350,2.954
8171,12/25/25 05:40:53 AM,1.00,1.34,252.7,2.767,99.997,1069.350,2.766
8172,12/25/25 05:50:53 AM,0.67,1.34,328.5,2.872,99.997,1069.350,2.871
8173,12/25/25 06:00:53 AM,0.67,1.67,339.7,3.024,99.997,1069.350,3.023
8174,12/25/25 06:10:53 AM,1.34,1.67,12.6,3.105,99.997,1069.350,3.105
8175,12/25/25 06:20:53 AM,1.00,1.67,18.3,3.035,99.997,1069.350,3.034
8176,12/25/25 06:30:53 AM,0.00,0.67,9.8,2.949,99.997,1069.350,2.948
8177,12/25/25 06:40:53 AM,0.67,1.34,47.7,2.818,99.997,1069.350,2.817
8178,12/25/25 06:50:53 AM,1.00,1.67,150.2,1.947,99.997,1069.350,1.945
8179,12/25/25 07:00:53 AM,0.67,1.34,144.6,1.402,99.997,1069.350,1.399
8180,12/25/25 07:10:53 AM,0.67,1.00,160.0,1.346,99.997,1069.350,1.343
8181,12/25/25 07:20:53 AM,0.00,0.67,203.6,1.413,99.997,1069.350,1.410
8182,12/25/25 07:30:53 AM,0.00,0.33,213.4,1.271,99.997,1069.350,1.268
8183,12/25/25 07:40:53 AM,0.67,1.34,315.9,1.309,99.997,1069.350,1.306
8184,12/25/25 07:50:53 AM,0.00,0.67,318.7,1.662,99.997,1069.350,1.659
8185,12/25/25 08:00:53 AM,0.00,0.00,318.7,1.751,99.997,1069.350,1.748
8186,12/25/25 08:10:53 AM,0.33,1.00,313.1,1.797,99.997,1069.350,1.794
8187,12/25/25 08:20:53 AM,0.33,1.00,313.1,1.963,99.997,1069.350,1.961
8188,12/25/25 08:30:53 AM,0.33,1.00,355.2,1.890,99.997,1069.350,1.888
8189,12/25/25 08:40:53 AM,0.00,0.00,355.2,1.839,99.997,1069.350,1.837
8190,12/25/25 08:50:53 AM,0.00,0.00,355.2,1.869,99.997,1069.350,1.867
8191,12/25/25 09:00:53 AM,0.00,0.00,355.2,2.014,99.997,1069.350,2.012
8192,12/25/25 09:10:53 AM,0.00,0.00,355.2,1.713,99.997,1069.350,1.710
8193,12/25/25 09:20:53 AM,0.33,1.00,355.2,1.748,99.997,1069.350,1.745
8194,12/25/25 09:30:53 AM,0.00,0.67,355.2,2.108,99.997,1069.350,2.106
8195,12/25/25 09:40:53 AM,0.33,0.67,355.2,1.912,99.997,1069.350,1.910
8196,12/25/25 09:50:53 AM,0.67,1.00,9.8,2.126,99.997,1069.350,2.124
8197,12/25/25 10:00:53 AM,0.67,1.34,113.7,2.035,99.997,1069.350,2.033
8198,12/25/25 10:10:53 AM,0.67,1.34,137.6,1.842,99.997,1069.350,1.840
8199,12/25/25 10:20:53 AM,0.67,1.34,91.3,1.933,99.997,1069.350,1.931
8200,12/25/25 10:30:53 AM,0.67,2.00,47.7,2.453,99.997,1069.350,2.452
8201,12/25/25 10:40:53 AM,0.33,2.00,122.1,2.539,99.997,1069.350,2.538
8202,12/25/25 10:50:53 AM,1.34,2.00,151.6,2.282,99.997,1069.350,2.280
8203,12/25/25 11:00:53 AM,0.67,1.67,130.6,2.156,99.997,1069.350,2.154
8204,12/25/25 11:10:53 AM,0.00,0.33,132.0,2.271,99.997,1069.350,2.269
8205,12/25/25 11:20:53 AM,0.00,0.00,132.0,2.614,99.997,1069.350,2.613
8206,12/25/25 11:30:53 AM,0.33,1.34,103.9,2.679,99.997,1069.350,2.678
8207,12/25/25 11:40:53 AM,1.00,1.67,130.6,2.877,99.997,1069.350,2.876
8208,12/25/25 11:50:53 AM,1.34,2.67,122.1,3.271,99.997,1069.350,3.271
8209,12/25/25 12:00:53 PM,2.34,4.01,94.1,4.030,99.997,1069.350,4.031
8210,12/25/25 12:10:53 PM,3.01,4.68,109.5,4.341,99.997,1069.350,4.343
8211,12/25/25 12:20:53 PM,4.01,5.68,130.6,4.483,99.901,1069.350,4.471
8212,12/25/25 12:30:53 PM,4.34,6.35,126.4,4.518,99.570,1069.350,4.459
8213,12/25/25 12:40:53 PM,3.01,4.68,117.9,4.480,99.936,1069.350,4.473
8214,12/25/25 12:50:53 PM,2.34,3.67,113.7,4.440,99.997,1069.350,4.442
8215,12/25/25 01:00:53 PM,3.01,5.34,78.6,4.620,99.982,1069.350,4.620
8216,12/25/25 01:10:53 PM,3.34,5.01,64.6,4.858,99.344,1069.350,4.767
8217,12/25/25 01:20:53 PM,2.67,5.01,70.2,5.226,98.599,1069.350,5.027
8218,12/25/25 01:30:53 PM,3.01,4.68,57.6,5.585,97.458,1069.350,5.218
8219,12/25/25 01:40:53 PM,2.34,4.68,70.2,5.949,97.249,1069.350,5.551
8220,12/25/25 01:50:53 PM,4.01,6.01,46.3,6.100,95.341,1069.350,5.416
8221,12/25/25 02:00:53 PM,3.34,5.01,49.1,6.169,95.360,1069.350,5.488
8222,12/25/25 02:10:53 PM,3.34,5.01,64.6,6.303,94.330,1069.350,5.464
8223,12/25/25 02:20:53 PM,3.34,5.68,63.2,6.386,92.987,1069.350,5.340
8224,12/25/25 02:30:53 PM,3.67,6.01,54.8,6.432,91.501,1069.350,5.154
8225,12/25/25 02:40:53 PM,3.67,5.01,61.8,6.392,91.247,1069.350,5.075
8226,12/25/25 02:50:53 PM,3.34,5.01,54.8,6.378,90.118,1069.350,4.882
8227,12/25/25 03:00:53 PM,3.34,5.34,57.6,6.416,90.220,1069.350,4.936
8228,12/25/25 03:10:53 PM,2.67,4.68,67.4,6.389,90.433,1069.350,4.943
8229,12/25/25 03:20:53 PM,2.67,4.34,80.0,6.507,88.550,1069.350,4.758
8230,12/25/25 03:30:53 PM,2.34,3.67,94.1,6.357,89.410,1069.350,4.749
8231,12/25/25 03:40:53 PM,0.67,2.34,59.0,6.105,91.562,1069.350,4.840
8232,12/25/25 03:50:53 PM,2.67,4.34,51.9,6.164,90.793,1069.350,4.778
8233,12/25/25 04:00:53 PM,3.67,5.68,53.3,6.132,89.763,1069.350,4.583
8234,12/25/25 04:10:53 PM,4.01,6.68,53.3,6.309,87.584,1069.350,4.406
8235,12/25/25 04:20:53 PM,3.67,6.35,59.0,6.598,84.601,1069.350,4.196
8236,12/25/25 04:30:53 PM,2.00,6.35,71.6,6.258,87.500,1069.350,4.342
8237,12/25/25 04:40:53 PM,3.01,6.68,67.4,6.180,88.627,1069.350,4.448
8238,12/25/25 04:50:53 PM,3.01,5.34,60.4,6.282,87.749,1069.350,4.407
8239,12/25/25 05:00:53 PM,2.67,4.34,82.8,6.239,88.273,1069.350,4.449
8240,12/25/25 05:10:53 PM,2.67,5.01,95.5,6.081,88.544,1069.350,4.337
8241,12/25/25 05:20:53 PM,2.67,4.34,78.6,6.059,87.898,1069.350,4.211
8242,12/25/25 05:30:53 PM,2.67,3.67,67.4,5.949,87.553,1069.350,4.046
8243,12/25/25 05:40:53 PM,2.00,4.68,63.2,5.839,87.176,1069.350,3.876
8244,12/25/25 05:50:53 PM,2.34,3.67,42.1,5.748,86.406,1069.350,3.661
8245,12/25/25 06:00:53 PM,1.67,3.34,53.3,5.738,85.666,1069.350,3.529
8246,12/25/25 06:10:53 PM,2.00,3.01,68.8,5.389,87.208,1069.350,3.438
8247,12/25/25 06:20:53 PM,2.00,3.01,85.6,4.587,91.441,1069.350,3.317
8248,12/25/25 06:30:53 PM,2.67,4.34,112.3,4.301,93.716,1069.350,3.381
8249,12/25/25 06:40:53 PM,2.34,3.67,117.9,4.169,94.102,1069.350,3.307
8250,12/25/25 06:50:53 PM,1.34,2.67,88.4,4.073,94.127,1069.350,3.216
8251,12/25/25 07:00:53 PM,1.00,2.00,50.5,3.990,93.550,1069.350,3.046
8252,12/25/25 07:10:53 PM,0.67,2.67,80.0,3.697,94.185,1069.350,2.851
8253,12/25/25 07:20:53 PM,1.00,3.01,167.1,3.775,93.750,1069.350,2.863
8254,12/25/25 07:30:53 PM,1.00,2.34,59.0,3.469,94.807,1069.350,2.716
8255,12/25/25 07:40:53 PM,1.00,2.34,43.5,3.620,94.427,1069.350,2.810
8256,12/25/25 07:50:53 PM,0.67,1.67,28.1,3.764,93.620,1069.350,2.832
8257,12/25/25 08:00:53 PM,0.67,2.34,344.0,3.612,94.798,1069.350,2.857
8258,12/25/25 08:10:53 PM,3.34,9.68,226.0,3.923,93.013,1069.350,2.899
8259,12/25/25 08:20:53 PM,6.35,9.68,210.6,3.976,92.023,1069.350,2.800
8260,12/25/25 08:30:53 PM,5.34,8.68,189.5,3.872,90.608,1069.350,2.479
8261,12/25/25 08:40:53 PM,2.67,4.68,205.0,3.234,92.398,1069.350,2.121
8262,12/25/25 08:50:53 PM,1.67,2.67,238.7,2.735,93.071,1069.350,1.727
8263,12/25/25 09:00:53 PM,0.67,1.67,230.2,2.244,93.907,1069.350,1.364
8264,12/25/25 09:10:53 PM,2.00,3.34,244.3,2.767,93.306,1069.350,1.794
8265,12/25/25 09:20:53 PM,2.34,3.34,249.9,3.078,92.963,1069.350,2.052
8266,12/25/25 09:30:53 PM,1.34,2.67,251.3,2.968,93.674,1069.350,2.049
8267,12/25/25 09:40:53 PM,1.67,2.34,240.1,3.110,93.567,1069.350,2.174
8268,12/25/25 09:50:53 PM,1.67,5.01,224.6,2.941,95.140,1069.350,2.240
8269,12/25/25 10:00:53 PM,4.01,7.68,207.8,3.161,95.764,1069.350,2.551
8270,12/25/25 10:10:53 PM,2.67,6.35,235.9,2.979,96.233,1069.350,2.438
8271,12/25/25 10:20:53 PM,0.67,1.67,315.9,2.518,97.050,1069.350,2.097
8272,12/25/25 10:30:53 PM,1.00,2.34,346.8,2.284,97.362,1069.350,1.908
8273,12/25/25 10:40:53 PM,0.67,2.00,16.8,2.357,96.684,1069.350,1.883
8274,12/25/25 10:50:53 PM,1.34,3.34,19.7,2.006,97.533,1069.350,1.655
8275,12/25/25 11:00:53 PM,0.67,2.67,314.5,2.314,96.260,1069.350,1.779
8276,12/25/25 11:10:53 PM,1.67,4.01,242.9,2.014,97.711,1069.350,1.689
8277,12/25/25 11:20:53 PM,1.67,3.34,223.2,2.410,96.963,1069.350,1.977
8278,12/25/25 11:30:53 PM,1.00,1.67,88.4,2.419,95.933,1069.350,1.836
8279,12/25/25 11:40:53 PM,1.34,2.67,39.3,1.829,96.860,1069.350,1.382
8280,12/25/25 11:50:53 PM,3.01,5.68,8.4,1.502,97.629,1069.350,1.165
8281,12/26/25 12:00:53 AM,4.68,7.35,344.0,2.488,94.171,1069.350,1.646
8282,12/26/25 12:10:53 AM,2.00,4.34,331.3,3.161,90.893,1069.350,1.819
8283,12/26/25 12:20:53 AM,1.34,2.34,348.2,2.850,92.412,1069.350,1.742
8284,12/26/25 12:30:53 AM,1.00,2.00,287.8,2.400,94.694,1069.350,1.636
8285,12/26/25 12:40:53 AM,1.34,2.34,165.7,1.864,96.147,1069.350,1.314
8286,12/26/25 12:50:53 AM,1.00,2.00,117.9,1.156,98.143,1069.350,0.893
8287,12/26/25 01:00:53 AM,1.34,2.00,112.3,0.925,99.284,1069.350,0.822
8288,12/26/25 01:10:53 AM,1.67,3.01,91.3,0.630,99.991,1069.350,0.625
8289,12/26/25 01:20:53 AM,0.67,2.34,85.6,0.255,99.997,1069.350,0.250
8290,12/26/25 01:30:53 AM,0.67,2.00,172.7,0.456,99.997,1069.350,0.451
8291,12/26/25 01:40:53 AM,1.00,2.34,109.5,0.582,99.997,1069.350,0.578
8292,12/26/25 01:50:53 AM,1.34,2.34,80.0,0.577,99.997,1069.350,0.573
8293,12/26/25 02:00:53 AM,1.00,1.67,106.7,0.217,99.997,1069.350,0.212
8294,12/26/25 02:10:53 AM,0.33,1.34,188.1,0.158,99.997,1069.350,0.153
8295,12/26/25 02:20:53 AM,0.67,2.34,112.3,0.180,99.997,1069.350,0.175
8296,12/26/25 02:30:53 AM,1.34,2.67,117.9,0.276,99.997,1069.350,0.271
8297,12/26/25 02:40:53 AM,0.67,1.34,127.8,-0.045,99.997,1069.350,-0.050
8298,12/26/25 02:50:53 AM,1.34,3.34,91.3,0.019,99.997,1069.350,0.014
8299,12/26/25 03:00:53 AM,2.00,3.67,88.4,0.365,99.997,1069.350,0.360
8300,12/26/25 03:10:53 AM,1.67,3.01,120.7,0.461,99.997,1069.350,0.456
8301,12/26/25 03:20:53 AM,1.67,3.01,98.3,0.542,99.997,1069.350,0.537
8302,12/26/25 03:30:53 AM,2.00,3.34,115.1,0.671,99.997,1069.350,0.667
8303,12/26/25 03:40:53 AM,2.00,3.34,103.9,0.617,99.997,1069.350,0.613
8304,12/26/25 03:50:53 AM,1.67,3.34,98.3,0.788,99.997,1069.350,0.784
8305,12/26/25 04:00:53 AM,2.67,4.34,95.5,0.901,99.997,1069.350,0.897
8306,12/26/25 04:10:53 AM,3.01,4.34,112.3,0.979,99.997,1069.350,0.975
8307,12/26/25 04:20:53 AM,3.01,4.34,105.3,0.856,99.997,1069.350,0.852
8308,12/26/25 04:30:53 AM,2.67,4.34,98.3,0.823,99.997,1069.350,0.819
8309,12/26/25 04:40:53 AM,2.34,3.67,122.1,0.724,99.997,1069.350,0.720
8310,12/26/25 04:50:53 AM,2.34,4.34,122.1,0.263,99.997,1069.350,0.258
8311,12/26/25 05:00:53 AM,2.34,3.34,119.3,0.362,99.997,1069.350,0.357
8312,12/26/25 05:10:53 AM,2.34,3.34,130.6,0.228,99.997,1069.350,0.223
8313,12/26/25 05:20:53 AM,2.00,3.01,136.2,0.177,99.997,1069.350,0.172
8314,12/26/25 05:30:53 AM,1.34,2.34,108.1,0.191,99.997,1069.350,0.186
8315,12/26/25 05:40:53 AM,1.34,2.00,98.3,0.279,99.997,1069.350,0.274
8316,12/26/25 05:50:53 AM,1.34,2.00,119.3,0.279,99.997,1069.350,0.274
8317,12/26/25 06:00:53 AM,1.67,2.67,98.3,0.317,99.997,1069.350,0.312
8318,12/26/25 06:10:53 AM,1.34,2.00,102.5,0.502,99.997,1069.350,0.497
8319,12/26/25 06:20:53 AM,1.34,2.00,103.9,0.818,99.738,1069.350,0.778
8320,12/26/25 06:30:53 AM,1.00,2.00,106.7,0.856,99.614,1069.350,0.799
8321,12/26/25 06:40:53 AM,1.00,2.34,73.0,0.990,99.286,1069.350,0.887
8322,12/26/25 06:50:53 AM,1.34,3.34,85.6,1.614,96.951,1069.350,1.180
8323,12/26/25 07:00:53 AM,0.67,1.67,174.1,1.373,97.409,1069.350,1.005
8324,12/26/25 07:10:53 AM,0.67,1.67,196.5,0.963,98.666,1069.350,0.773
8325,12/26/25 07:20:53 AM,1.00,2.34,110.9,1.113,98.521,1069.350,0.903
8326,12/26/25 07:30:53 AM,0.67,2.00,297.6,1.081,98.793,1069.350,0.909
8327,12/26/25 07:40:53 AM,0.00,1.34,248.5,1.325,97.818,1069.350,1.016
8328,12/26/25 07:50:53 AM,0.33,1.00,247.1,1.335,97.505,1069.350,0.981
8329,12/26/25 08:00:53 AM,0.67,1.34,255.5,1.040,98.253,1069.350,0.792
8330,12/26/25 08:10:53 AM,0.00,0.67,263.9,1.032,98.662,1069.350,0.842
8331,12/26/25 08:20:53 AM,0.67,2.34,262.5,1.003,98.607,1069.350,0.805
8332,12/26/25 08:30:53 AM,0.67,2.67,300.4,1.073,99.030,1069.350,0.934
8333,12/26/25 08:40:53 AM,1.67,2.67,259.7,1.279,98.352,1069.350,1.045
8334,12/26/25 08:50:53 AM,3.01,5.01,247.1,1.239,99.040,1069.350,1.102
8335,12/26/25 09:00:53 AM,2.00,5.01,268.1,0.963,99.821,1069.350,0.935
8336,12/26/25 09:10:53 AM,2.34,5.34,269.6,0.984,99.808,1069.350,0.954
8337,12/26/25 09:20:53 AM,4.01,7.68,249.9,1.362,98.111,1069.350,1.094
8338,12/26/25 09:30:53 AM,4.34,6.01,235.9,1.006,99.240,1069.350,0.897
8339,12/26/25 09:40:53 AM,3.34,5.68,234.5,1.059,99.025,1069.350,0.920
8340,12/26/25 09:50:53 AM,2.67,4.01,230.2,1.373,97.391,1069.350,1.003
8341,12/26/25 10:00:53 AM,3.01,5.34,240.1,1.671,96.060,1069.350,1.109
8342,12/26/25 10:10:53 AM,3.34,5.68,252.7,1.853,94.920,1069.350,1.124
8343,12/26/25 10:20:53 AM,3.01,4.34,263.9,1.834,95.003,1069.350,1.118
8344,12/26/25 10:30:53 AM,2.00,3.67,261.1,1.786,95.229,1069.350,1.103
8345,12/26/25 10:40:53 AM,1.67,3.34,275.2,1.754,95.976,1069.350,1.180
8346,12/26/25 10:50:53 AM,2.00,3.01,268.1,1.821,95.604,1069.350,1.192
8347,12/26/25 11:00:53 AM,1.67,2.67,269.6,1.590,96.017,1069.350,1.022
8348,12/26/25 11:10:53 AM,1.00,1.67,273.8,1.649,96.577,1069.350,1.162
8349,12/26/25 11:20:53 AM,1.00,2.00,265.3,2.081,96.776,1069.350,1.621
8350,12/26/25 11:30:53 AM,1.34,2.67,231.6,2.582,95.639,1069.350,1.956
8351,12/26/25 11:40:53 AM,1.67,3.01,230.2,2.555,94.540,1069.350,1.767
8352,12/26/25 11:50:53 AM,1.34,2.34,249.9,2.692,94.640,1069.350,1.918
8353,12/26/25 12:00:53 PM,1.00,2.00,279.4,2.802,95.105,1069.350,2.096
8354,12/26/25 12:10:53 PM,0.67,1.67,254.1,2.730,94.351,1069.350,1.913
8355,12/26/25 12:20:53 PM,0.67,2.34,224.6,2.979,93.759,1069.350,2.073
8356,12/26/25 12:30:53 PM,1.34,2.34,224.6,2.743,92.923,1069.350,1.713
8357,12/26/25 12:40:53 PM,1.00,2.00,262.5,2.662,92.996,1069.350,1.644
8358,12/26/25 12:50:53 PM,1.67,2.67,242.9,2.646,91.630,1069.350,1.421
8359,12/26/25 01:00:53 PM,1.67,3.34,251.3,2.788,91.086,1069.350,1.479
8360,12/26/25 01:10:53 PM,3.01,6.01,251.3,2.770,86.703,1069.350,0.776
8361,12/26/25 01:20:53 PM,3.34,5.34,256.9,2.654,84.726,1069.350,0.343
8362,12/26/25 01:30:53 PM,3.34,5.68,258.3,2.593,83.682,1069.350,0.112
8363,12/26/25 01:40:53 PM,2.34,4.01,261.1,3.000,84.150,1069.350,0.589
8364,12/26/25 01:50:53 PM,2.67,4.34,261.1,3.215,82.675,1069.350,0.555
8365,12/26/25 02:00:53 PM,3.01,5.34,263.9,3.338,80.804,1069.350,0.359
8366,12/26/25 02:10:53 PM,3.34,5.68,252.7,3.740,79.115,1069.350,0.460
8367,12/26/25 02:20:53 PM,3.67,5.68,238.7,4.831,74.569,1069.350,0.701
8368,12/26/25 02:30:53 PM,4.34,6.68,245.7,5.081,71.075,1069.350,0.279
8369,12/26/25 02:40:53 PM,4.01,7.35,240.1,5.510,67.965,1069.350,0.074
8370,12/26/25 02:50:53 PM,4.01,6.68,247.1,5.689,66.126,1069.350,-0.133
8371,12/26/25 03:00:53 PM,5.01,7.68,252.7,5.392,63.737,1069.350,-0.920
8372,12/26/25 03:10:53 PM,4.34,6.68,256.9,5.381,63.920,1069.350,-0.891
8373,12/26/25 03:20:53 PM,4.34,7.68,263.9,5.502,64.442,1069.350,-0.665
8374,12/26/25 03:30:53 PM,4.34,6.35,259.7,5.518,65.325,1069.350,-0.463
8375,12/26/25 03:40:53 PM,4.01,6.01,256.9,5.073,66.697,1069.350,-0.603
8376,12/26/25 03:50:53 PM,2.67,4.34,244.3,4.196,70.602,1069.350,-0.665
8377,12/26/25 04:00:53 PM,3.01,4.01,231.6,3.590,74.878,1069.350,-0.444
8378,12/26/25 04:10:53 PM,3.01,5.01,230.2,3.504,76.794,1069.350,-0.180
8379,12/26/25 04:20:53 PM,2.67,4.01,231.6,3.984,76.754,1069.350,0.279
8380,12/26/25 04:30:53 PM,2.00,3.67,244.3,3.601,77.183,1069.350,-0.017
8381,12/26/25 04:40:53 PM,2.34,3.34,240.1,3.545,76.904,1069.350,-0.121
8382,12/26/25 04:50:53 PM,1.67,3.01,259.7,4.770,72.459,1069.350,0.245
8383,12/26/25 05:00:53 PM,1.34,2.67,256.9,5.062,70.893,1069.350,0.225
8384,12/26/25 05:10:53 PM,2.00,4.34,235.9,4.896,68.621,1069.350,-0.382
8385,12/26/25 05:20:53 PM,2.34,4.68,228.8,4.679,69.296,1069.350,-0.456
8386,12/26/25 05:30:53 PM,3.01,4.34,251.3,3.515,72.384,1069.350,-0.980
8387,12/26/25 05:40:53 PM,2.67,4.34,255.5,2.496,76.388,1069.350,-1.232
8388,12/26/25 05:50:53 PM,2.00,2.67,262.5,2.520,77.024,1069.350,-1.095
8389,12/26/25 06:00:53 PM,1.67,2.67,249.9,1.914,78.048,1069.350,-1.505
8390,12/26/25 06:10:53 PM,1.34,2.00,256.9,1.199,81.169,1069.350,-1.670
8391,12/26/25 06:20:53 PM,1.67,2.34,245.7,0.593,83.531,1069.350,-1.874
8392,12/26/25 06:30:53 PM,1.67,2.34,247.1,0.295,83.668,1069.350,-2.145
8393,12/26/25 06:40:53 PM,1.34,2.67,234.5,-0.080,84.131,1069.350,-2.438
8394,12/26/25 06:50:53 PM,1.67,2.67,256.9,-0.557,85.025,1069.350,-2.764
8395,12/26/25 07:00:53 PM,1.34,2.34,282.2,-0.611,84.598,1069.350,-2.885
8396,12/26/25 07:10:53 PM,1.34,2.00,273.8,-0.287,82.390,1069.350,-2.923
8397,12/26/25 07:20:53 PM,1.00,1.67,304.7,-0.335,81.436,1069.350,-3.126
8398,12/26/25 07:30:53 PM,1.34,2.00,293.4,-0.185,79.818,1069.350,-3.248
8399,12/26/25 07:40:53 PM,1.67,2.34,272.4,-0.466,81.172,1069.350,-3.297
8400,12/26/25 07:50:53 PM,2.00,2.67,262.5,-0.600,81.834,1069.350,-3.320
8401,12/26/25 08:00:53 PM,2.34,3.01,263.9,-0.630,81.871,1069.350,-3.343
8402,12/26/25 08:10:53 PM,2.34,3.34,249.9,-1.185,84.208,1069.350,-3.511
8403,12/26/25 08:20:53 PM,2.67,3.67,258.3,-1.614,86.340,1069.350,-3.599
8404,12/26/25 08:30:53 PM,2.34,3.01,272.4,-1.622,86.386,1069.350,-3.600
8405,12/26/25 08:40:53 PM,2.34,3.01,276.6,-1.324,84.887,1069.350,-3.540
8406,12/26/25 08:50:53 PM,2.00,2.67,278.0,-0.646,81.076,1069.350,-3.489
8407,12/26/25 09:00:53 PM,2.00,2.67,271.0,-0.123,79.191,1069.350,-3.293
8408,12/26/25 09:10:53 PM,2.34,5.34,263.9,-0.099,78.889,1069.350,-3.321
8409,12/26/25 09:20:53 PM,3.01,5.01,278.0,0.166,77.037,1069.350,-3.381
8410,12/26/25 09:30:53 PM,3.67,5.68,272.4,1.016,73.690,1069.350,-3.151
8411,12/26/25 09:40:53 PM,2.67,5.34,279.4,0.813,75.770,1069.350,-2.975
8412,12/26/25 09:50:53 PM,4.01,5.68,272.4,1.006,74.907,1069.350,-2.941
8413,12/26/25 10:00:53 PM,3.01,5.68,258.3,0.713,77.200,1069.350,-2.821
8414,12/26/25 10:10:53 PM,3.01,5.34,263.9,0.400,80.299,1069.350,-2.596
8415,12/26/25 10:20:53 PM,2.67,4.34,273.8,0.263,81.961,1069.350,-2.454
8416,12/26/25 10:30:53 PM,3.01,5.34,273.8,0.212,83.122,1069.350,-2.314
8417,12/26/25 10:40:53 PM,3.01,4.34,282.2,-0.021,85.006,1069.350,-2.241
8418,12/26/25 10:50:53 PM,2.34,4.01,296.2,-0.284,87.094,1069.350,-2.172
8419,12/26/25 11:00:53 PM,1.00,2.34,293.4,-0.421,88.391,1069.350,-2.107
8420,12/26/25 11:10:53 PM,0.33,1.34,320.1,-0.474,89.230,1069.350,-2.032
8421,12/26/25 11:20:53 PM,0.33,2.00,220.4,-0.539,89.502,1069.350,-2.055
8422,12/26/25 11:30:53 PM,0.67,2.34,321.5,-0.324,88.487,1069.350,-1.997
8423,12/26/25 11:40:53 PM,0.67,1.34,314.5,-0.536,89.651,1069.350,-2.029
8424,12/26/25 11:50:53 PM,1.34,3.01,321.5,-0.699,91.054,1069.350,-1.980
8425,12/27/25 12:00:53 AM,0.67,2.00,320.1,-0.678,92.021,1069.350,-1.817
8426,12/27/25 12:10:53 AM,1.67,3.01,321.5,-0.429,91.196,1069.350,-1.692
8427,12/27/25 12:20:53 AM,1.00,3.01,287.8,-0.431,90.780,1069.350,-1.756
8428,12/27/25 12:30:53 AM,0.67,2.00,186.7,-0.874,92.514,1069.350,-1.939
8429,12/27/25 12:40:53 AM,0.67,1.67,268.1,-0.699,91.897,1069.350,-1.856
8430,12/27/25 12:50:53 AM,1.00,1.67,308.9,-0.415,90.976,1069.350,-1.711
8431,12/27/25 01:00:53 AM,0.67,1.34,308.9,-0.517,91.760,1069.350,-1.695
8432,12/27/25 01:10:53 AM,0.67,1.34,306.1,-0.673,93.399,1069.350,-1.610
8433,12/27/25 01:20:53 AM,1.00,1.34,289.2,-0.665,93.541,1069.350,-1.581
8434,12/27/25 01:30:53 AM,0.33,1.00,289.2,-0.831,93.375,1069.350,-1.770
8435,12/27/25 01:40:53 AM,0.00,0.00,289.2,-0.758,92.906,1069.350,-1.766
8436,12/27/25 01:50:53 AM,0.33,2.34,300.4,-0.686,93.530,1069.350,-1.604
8437,12/27/25 02:00:53 AM,1.67,2.67,329.9,-0.059,89.866,1069.350,-1.525
8438,12/27/25 02:10:53 AM,0.67,1.67,324.3,-0.002,89.235,1069.350,-1.564
8439,12/27/25 02:20:53 AM,0.33,1.67,307.5,-0.118,89.993,1069.350,-1.564
8440,12/27/25 02:30:53 AM,0.33,1.34,249.9,-0.372,92.052,1069.350,-1.508
8441,12/27/25 02:40:53 AM,0.33,1.67,275.2,-0.539,93.370,1069.350,-1.481
8442,12/27/25 02:50:53 AM,1.34,3.01,292.0,-0.260,91.945,1069.350,-1.413
8443,12/27/25 03:00:53 AM,2.34,4.34,275.2,0.083,89.957,1069.350,-1.371
8444,12/27/25 03:10:53 AM,2.67,4.01,289.2,0.193,89.812,1069.350,-1.284
8445,12/27/25 03:20:53 AM,3.34,4.34,299.0,0.110,90.513,1069.350,-1.260
8446,12/27/25 03:30:53 AM,2.67,4.34,293.4,0.000,91.774,1069.350,-1.180
8447,12/27/25 03:40:53 AM,1.67,3.01,272.4,-0.120,92.805,1069.350,-1.147
8448,12/27/25 03:50:53 AM,2.34,5.68,249.9,-0.043,91.081,1069.350,-1.326
8449,12/27/25 04:00:53 AM,3.67,6.01,252.7,0.794,84.634,1069.350,-1.499
8450,12/27/25 04:10:53 AM,3.34,6.35,287.8,0.413,88.154,1069.350,-1.320
8451,12/27/25 04:20:53 AM,3.01,4.68,282.2,0.158,89.813,1069.350,-1.318
8452,12/27/25 04:30:53 AM,3.01,5.01,275.2,0.311,87.776,1069.350,-1.479
8453,12/27/25 04:40:53 AM,4.01,7.01,256.9,0.780,83.996,1069.350,-1.616
8454,12/27/25 04:50:53 AM,5.01,8.68,247.1,1.148,81.508,1069.350,-1.663
8455,12/27/25 05:00:53 AM,6.01,11.02,255.5,0.917,84.028,1069.350,-1.476
8456,12/27/25 05:10:53 AM,7.01,10.35,255.5,0.327,88.455,1069.350,-1.359
8457,12/27/25 05:20:53 AM,5.34,9.35,255.5,-0.388,95.200,1069.350,-1.066
8458,12/27/25 05:30:53 AM,5.34,9.68,252.7,-0.667,98.042,1069.350,-0.943
8459,12/27/25 05:40:53 AM,6.35,10.35,263.9,-0.761,97.961,1069.350,-1.049
8460,12/27/25 05:50:53 AM,7.68,12.02,268.1,-0.935,94.035,1069.350,-1.778
8461,12/27/25 06:00:53 AM,6.01,8.68,261.1,-1.099,95.338,1069.350,-1.755
8462,12/27/25 06:10:53 AM,5.68,9.02,256.9,-1.123,95.703,1069.350,-1.727
8463,12/27/25 06:20:53 AM,5.01,7.35,248.5,-1.198,94.554,1069.350,-1.965
8464,12/27/25 06:30:53 AM,5.01,9.35,256.9,-1.300,92.581,1069.350,-2.352
8465,12/27/25 06:40:53 AM,6.35,11.35,254.1,-1.203,88.698,1069.350,-2.833
8466,12/27/25 06:50:53 AM,6.68,10.35,258.3,-1.214,87.024,1069.350,-3.099
8467,12/27/25 07:00:53 AM,7.68,11.69,258.3,-1.016,83.436,1069.350,-3.468
8468,12/27/25 07:10:53 AM,7.68,11.69,262.5,-1.153,83.047,1069.350,-3.665
8469,12/27/25 07:20:53 AM,7.01,11.35,256.9,-1.429,83.624,1069.350,-3.843
8470,12/27/25 07:30:53 AM,7.01,11.35,255.5,-1.689,84.279,1069.350,-3.995
8471,12/27/25 07:40:53 AM,6.01,9.35,255.5,-1.962,85.599,1069.350,-4.056
8472,12/27/25 07:50:53 AM,7.68,13.02,261.1,-1.994,85.882,1069.350,-4.044
8473,12/27/25 08:00:53 AM,7.68,11.69,268.1,-1.957,85.924,1069.350,-4.001
8474,12/27/25 08:10:53 AM,7.68,11.02,268.1,-1.884,85.760,1069.350,-3.955
8475,12/27/25 08:20:53 AM,6.68,10.02,268.1,-1.997,86.184,1069.350,-4.000
8476,12/27/25 08:30:53 AM,7.68,13.36,273.8,-1.954,86.331,1069.350,-3.935
8477,12/27/25 08:40:53 AM,8.02,12.02,273.8,-2.002,86.519,1069.350,-3.954
8478,12/27/25 08:50:53 AM,8.35,12.69,273.8,-2.000,86.854,1069.350,-3.900
8479,12/27/25 09:00:53 AM,7.68,11.69,273.8,-1.989,87.289,1069.350,-3.823
8480,12/27/25 09:10:53 AM,7.35,10.69,271.0,-1.976,87.211,1069.350,-3.822
8481,12/27/25 09:20:53 AM,8.35,12.36,275.2,-1.941,86.281,1069.350,-3.930
8482,12/27/25 09:30:53 AM,7.35,11.35,289.2,-2.198,86.104,1069.350,-4.210
8483,12/27/25 09:40:53 AM,6.68,10.35,289.2,-3.005,90.214,1069.350,-4.388
8484,12/27/25 09:50:53 AM,7.01,10.35,290.6,-3.321,88.302,1069.350,-4.984
8485,12/27/25 10:00:53 AM,7.68,11.02,285.0,-3.472,87.478,1069.350,-5.257
8486,12/27/25 10:10:53 AM,7.35,11.02,283.6,-3.059,84.790,1069.350,-5.261
8487,12/27/25 10:20:53 AM,7.68,11.35,287.8,-2.954,83.258,1069.350,-5.398
8488,12/27/25 10:30:53 AM,7.35,12.02,292.0,-2.576,80.410,1069.350,-5.485
8489,12/27/25 10:40:53 AM,7.68,11.35,297.6,-2.405,77.610,1069.350,-5.783
8490,12/27/25 10:50:53 AM,6.35,9.35,301.8,-2.254,77.870,1069.350,-5.592
8491,12/27/25 11:00:53 AM,7.35,11.35,303.2,-1.721,73.558,1069.350,-5.822
8492,12/27/25 11:10:53 AM,7.01,11.35,301.8,-1.340,71.386,1069.350,-5.847
8493,12/27/25 11:20:53 AM,7.68,11.02,303.2,-1.346,70.558,1069.350,-6.005
8494,12/27/25 11:30:53 AM,8.68,15.36,294.8,-1.051,66.485,1069.350,-6.498
8495,12/27/25 11:40:53 AM,9.35,13.69,286.4,-1.547,67.057,1069.350,-6.861
8496,12/27/25 11:50:53 AM,9.02,13.36,289.2,-1.807,68.580,1069.350,-6.819
8497,12/27/25 12:00:53 PM,8.35,12.36,285.0,-1.962,72.779,1069.350,-6.194
8498,12/27/25 12:10:53 PM,8.02,13.69,283.6,-2.136,75.944,1069.350,-5.806
8499,12/27/25 12:20:53 PM,8.68,13.36,280.8,-1.426,69.996,1069.350,-6.187
8500,12/27/25 12:30:53 PM,9.35,14.03,283.6,-1.372,69.207,1069.350,-6.283
8501,12/27/25 12:40:53 PM,9.02,13.02,286.4,-1.673,71.812,1069.350,-6.090
8502,12/27/25 12:50:53 PM,9.02,13.36,289.2,-2.413,77.964,1069.350,-5.731
8503,12/27/25 01:00:53 PM,8.68,12.36,299.0,-2.126,79.966,1069.350,-5.118
8504,12/27/25 01:10:53 PM,8.02,12.36,289.2,-1.557,73.938,1069.350,-5.596
8505,12/27/25 01:20:53 PM,10.02,16.03,285.0,-1.327,68.145,1069.350,-6.441
8506,12/27/25 01:30:53 PM,10.69,15.70,286.4,-2.005,65.763,1069.350,-7.551
8507,12/27/25 01:40:53 PM,9.68,13.69,286.4,-1.362,65.499,1069.350,-6.989
8508,12/27/25 01:50:53 PM,10.35,15.03,287.8,-1.201,63.459,1069.350,-7.246
8509,12/27/25 02:00:53 PM,9.68,13.36,282.2,-1.611,66.508,1069.350,-7.029
8510,12/27/25 02:10:53 PM,9.35,13.69,282.2,-1.139,65.768,1069.350,-6.723
8511,12/27/25 02:20:53 PM,8.02,13.36,283.6,-1.252,67.297,1069.350,-6.532
8512,12/27/25 02:30:53 PM,8.68,14.36,292.0,-2.019,70.961,1069.350,-6.579
8513,12/27/25 02:40:53 PM,6.01,9.35,294.8,-1.456,72.316,1069.350,-5.789
8514,12/27/25 02:50:53 PM,8.35,11.69,285.0,-2.029,72.282,1069.350,-6.348
8515,12/27/25 03:00:53 PM,8.02,12.36,286.4,-2.799,78.808,1069.350,-5.966
8516,12/27/25 03:10:53 PM,8.68,13.69,289.2,-2.201,71.501,1069.350,-6.656
8517,12/27/25 03:20:53 PM,8.68,14.69,287.8,-2.123,69.059,1069.350,-7.032
8518,12/27/25 03:30:53 PM,7.68,12.36,293.4,-1.844,67.140,1069.350,-7.129
8519,12/27/25 03:40:53 PM,8.02,13.69,283.6,-2.161,66.931,1069.350,-7.473
8520,12/27/25 03:50:53 PM,8.02,12.36,283.6,-2.179,68.679,1069.350,-7.157
8521,12/27/25 04:00:53 PM,7.01,11.02,279.4,-2.190,69.178,1069.350,-7.074
8522,12/27/25 04:10:53 PM,7.68,11.02,278.0,-2.016,68.063,1069.350,-7.117
8523,12/27/25 04:20:53 PM,7.35,11.69,283.6,-2.139,67.350,1069.350,-7.371
8524,12/27/25 04:30:53 PM,6.68,12.02,282.2,-2.094,67.630,1069.350,-7.275
8525,12/27/25 04:40:53 PM,7.68,12.36,283.6,-2.469,67.836,1069.350,-7.595
8526,12/27/25 04:50:53 PM,7.68,12.02,282.2,-2.734,68.493,1069.350,-7.725
8527,12/27/25 05:00:53 PM,7.01,12.36,283.6,-2.651,68.931,1069.350,-7.563
8528,12/27/25 05:10:53 PM,5.68,9.35,296.2,-2.737,70.544,1069.350,-7.347
8529,12/27/25 05:20:53 PM,5.34,9.02,300.4,-2.906,72.015,1069.350,-7.243
8530,12/27/25 05:30:53 PM,5.68,10.02,294.8,-3.198,72.847,1069.350,-7.376
8531,12/27/25 05:40:53 PM,5.68,10.02,296.2,-3.308,74.228,1069.350,-7.240
8532,12/27/25 05:50:53 PM,6.01,10.02,299.0,-3.359,74.260,1069.350,-7.284
8533,12/27/25 06:00:53 PM,5.34,7.35,292.0,-3.423,75.630,1069.350,-7.109
8534,12/27/25 06:10:53 PM,5.01,9.68,296.2,-3.616,75.557,1069.350,-7.309
8535,12/27/25 06:20:53 PM,5.68,9.35,286.4,-3.791,74.047,1069.350,-7.739
8536,12/27/25 06:30:53 PM,7.01,11.69,285.0,-3.799,71.788,1069.350,-8.145
8537,12/27/25 06:40:53 PM,6.68,10.35,290.6,-3.874,71.023,1069.350,-8.355
8538,12/27/25 06:50:53 PM,6.01,9.68,289.2,-3.965,70.752,1069.350,-8.492
8539,12/27/25 07:00:53 PM,5.34,8.68,287.8,-4.013,71.339,1069.350,-8.432
8540,12/27/25 07:10:53 PM,5.01,7.35,285.0,-4.019,71.263,1069.350,-8.451
8541,12/27/25 07:20:53 PM,5.01,7.35,286.4,-4.131,70.838,1069.350,-8.636
8542,12/27/25 07:30:53 PM,5.01,8.35,287.8,-4.094,70.286,1069.350,-8.700
8543,12/27/25 07:40:53 PM,5.68,8.35,290.6,-4.142,70.350,1069.350,-8.735
8544,12/27/25 07:50:53 PM,5.34,8.02,287.8,-4.241,70.872,1069.350,-8.736
8545,12/27/25 08:00:53 PM,5.34,8.02,289.2,-4.236,71.052,1069.350,-8.699
8546,12/27/25 08:10:53 PM,5.34,8.68,294.8,-4.201,71.099,1069.350,-8.656
8547,12/27/25 08:20:53 PM,6.35,9.68,296.2,-4.040,70.550,1069.350,-8.600
8548,12/27/25 08:30:53 PM,6.01,9.02,303.2,-3.933,71.318,1069.350,-8.359
8549,12/27/25 08:40:53 PM,7.01,11.69,299.0,-3.962,72.367,1069.350,-8.199
8550,12/27/25 08:50:53 PM,7.35,11.02,301.8,-4.190,74.087,1069.350,-8.118
8551,12/27/25 09:00:53 PM,7.35,11.02,303.2,-4.308,74.479,1069.350,-8.165
8552,12/27/25 09:10:53 PM,6.68,11.02,303.2,-4.405,73.724,1069.350,-8.389
8553,12/27/25 09:20:53 PM,7.35,10.35,297.6,-4.442,72.027,1069.350,-8.723
8554,12/27/25 09:30:53 PM,7.01,11.02,296.2,-4.533,70.970,1069.350,-8.999
8555,12/27/25 09:40:53 PM,7.01,11.02,293.4,-4.571,70.782,1069.350,-9.070
8556,12/27/25 09:50:53 PM,6.35,9.68,293.4,-4.721,71.202,1069.350,-9.139
8557,12/27/25 10:00:53 PM,6.35,9.02,290.6,-4.767,71.804,1069.350,-9.076
8558,12/27/25 10:10:53 PM,6.01,8.68,289.2,-4.839,73.115,1069.350,-8.915
8559,12/27/25 10:20:53 PM,5.01,8.68,289.2,-4.968,73.634,1069.350,-8.950
8560,12/27/25 10:30:53 PM,5.01,8.02,285.0,-4.976,72.949,1069.350,-9.077
8561,12/27/25 10:40:53 PM,4.68,8.68,283.6,-5.021,72.990,1069.350,-9.113
8562,12/27/25 10:50:53 PM,4.01,6.35,279.4,-5.193,73.593,1069.350,-9.175
8563,12/27/25 11:00:53 PM,4.68,7.68,292.0,-5.174,71.189,1069.350,-9.578
8564,12/27/25 11:10:53 PM,4.01,6.68,289.2,-5.386,71.327,1069.350,-9.758
8565,12/27/25 11:20:53 PM,4.34,7.01,294.8,-5.380,70.900,1069.350,-9.828
8566,12/27/25 11:30:53 PM,3.67,5.01,286.4,-5.600,71.768,1069.350,-9.887
8567,12/27/25 11:40:53 PM,3.67,6.01,282.2,-5.705,72.178,1069.350,-9.916
8568,12/27/25 11:50:53 PM,3.67,5.34,282.2,-5.898,72.920,1069.350,-9.973
8569,12/28/25 12:00:53 AM,3.01,4.68,279.4,-6.252,74.287,1069.350,-10.081
8570,12/28/25 12:10:53 AM,3.34,4.34,276.6,-6.533,75.267,1069.350,-10.188
8571,12/28/25 12:20:53 AM,3.34,4.68,283.6,-6.732,76.452,1069.350,-10.185
8572,12/28/25 12:30:53 AM,3.67,5.01,294.8,-6.456,75.337,1069.350,-10.102
8573,12/28/25 12:40:53 AM,2.67,4.68,294.8,-6.448,75.145,1069.350,-10.126
8574,12/28/25 12:50:53 AM,2.00,3.67,276.6,-6.287,74.377,1069.350,-10.100
8575,12/28/25 01:00:53 AM,2.00,3.67,259.7,-6.281,74.339,1069.350,-10.101
8576,12/28/25 01:10:53 AM,2.34,4.01,249.9,-6.469,74.760,1069.350,-10.212
8577,12/28/25 01:20:53 AM,2.00,3.67,258.3,-6.901,76.521,1069.350,-10.338
8578,12/28/25 01:30:53 AM,2.67,4.01,290.6,-7.118,77.400,1069.350,-10.405
8579,12/28/25 01:40:53 AM,3.01,4.34,308.9,-6.994,76.690,1069.350,-10.400
8580,12/28/25 01:50:53 AM,2.00,3.67,300.4,-7.322,77.908,1069.350,-10.521
8581,12/28/25 02:00:53 AM,1.00,2.00,297.6,-7.740,79.049,1069.350,-10.746
8582,12/28/25 02:10:53 AM,1.67,2.34,278.0,-8.418,81.216,1069.350,-11.070
8583,12/28/25 02:20:53 AM,2.00,2.67,282.2,-8.839,82.547,1069.350,-11.279
8584,12/28/25 02:30:53 AM,2.00,2.67,275.2,-8.464,81.131,1069.350,-11.128
8585,12/28/25 02:40:53 AM,2.00,3.01,268.1,-8.281,80.069,1069.350,-11.114
8586,12/28/25 02:50:53 AM,1.67,2.67,293.4,-8.547,80.357,1069.350,-11.329
8587,12/28/25 03:00:53 AM,3.01,4.34,325.7,-8.292,80.627,1069.350,-11.038
8588,12/28/25 03:10:53 AM,2.67,4.01,308.9,-8.091,79.268,1069.350,-11.054
8589,12/28/25 03:20:53 AM,1.00,2.34,304.7,-8.946,81.802,1069.350,-11.497
8590,12/28/25 03:30:53 AM,0.33,1.67,308.9,-9.700,84.448,1069.350,-11.841
8591,12/28/25 03:40:53 AM,1.34,2.34,315.9,-9.493,83.108,1069.350,-11.836
8592,12/28/25 03:50:53 AM,1.67,2.00,329.9,-9.793,83.197,1069.350,-12.117
8593,12/28/25 04:00:53 AM,1.67,2.34,293.4,-10.161,84.594,1069.350,-12.273
8594,12/28/25 04:10:53 AM,2.34,3.34,273.8,-10.193,85.339,1069.350,-12.196
8595,12/28/25 04:20:53 AM,2.34,3.01,293.4,-9.965,84.681,1069.350,-12.067
8596,12/28/25 04:30:53 AM,2.34,3.34,310.3,-9.225,81.602,1069.350,-11.801
8597,12/28/25 04:40:53 AM,1.67,3.67,299.0,-8.992,81.363,1069.350,-11.609
8598,12/28/25 04:50:53 AM,2.00,3.67,296.2,-8.142,77.581,1069.350,-11.373
8599,12/28/25 05:00:53 AM,1.67,3.01,301.8,-8.622,79.820,1069.350,-11.486
8600,12/28/25 05:10:53 AM,2.34,3.34,307.5,-8.238,79.330,1069.350,-11.188
8601,12/28/25 05:20:53 AM,3.01,4.34,311.7,-8.134,79.501,1069.350,-11.059
8602,12/28/25 05:30:53 AM,2.67,4.34,315.9,-7.901,77.171,1069.350,-11.204
8603,12/28/25 05:40:53 AM,2.67,4.34,317.3,-7.691,76.182,1069.350,-11.161
8604,12/28/25 05:50:53 AM,4.01,6.01,314.5,-7.678,76.359,1069.350,-11.119
8605,12/28/25 06:00:53 AM,3.67,5.01,299.0,-7.726,77.382,1069.350,-11.000
8606,12/28/25 06:10:53 AM,4.01,5.34,292.0,-7.657,77.311,1069.350,-10.944
8607,12/28/25 06:20:53 AM,4.01,6.01,290.6,-7.372,75.012,1069.350,-11.045
8608,12/28/25 06:30:53 AM,3.67,5.01,292.0,-7.295,74.246,1069.350,-11.099
8609,12/28/25 06:40:53 AM,4.34,5.68,300.4,-7.217,73.639,1069.350,-11.126
8610,12/28/25 06:50:53 AM,4.01,5.34,292.0,-7.174,73.942,1069.350,-11.033
8611,12/28/25 07:00:53 AM,3.34,5.34,289.2,-7.198,74.279,1069.350,-10.999
8612,12/28/25 07:10:53 AM,0.67,3.67,254.1,-7.177,73.783,1069.350,-11.063
8613,12/28/25 07:20:53 AM,2.00,3.67,249.9,-7.083,73.382,1069.350,-11.040
8614,12/28/25 07:30:53 AM,2.00,4.01,262.5,-6.903,72.358,1069.350,-11.042
8615,12/28/25 07:40:53 AM,3.01,4.68,261.1,-6.764,69.387,1069.350,-11.432
8616,12/28/25 07:50:53 AM,1.67,3.34,226.0,-6.887,70.788,1069.350,-11.301
8617,12/28/25 08:00:53 AM,1.34,2.34,206.4,-7.126,74.018,1069.350,-10.974
8618,12/28/25 08:10:53 AM,2.67,4.01,275.2,-7.112,73.541,1069.350,-11.041
8619,12/28/25 08:20:53 AM,0.67,2.67,266.7,-7.482,75.427,1069.350,-11.083
8620,12/28/25 08:30:53 AM,2.67,3.67,258.3,-7.890,75.952,1069.350,-11.392
8621,12/28/25 08:40:53 AM,2.00,3.01,263.9,-8.531,78.369,1069.350,-11.626
8622,12/28/25 08:50:53 AM,1.67,2.67,279.4,-8.868,79.484,1069.350,-11.779
8623,12/28/25 09:00:53 AM,1.67,2.34,289.2,-8.925,78.703,1069.350,-11.957
8624,12/28/25 09:10:53 AM,2.00,3.34,314.5,-8.925,77.548,1069.350,-12.140
8625,12/28/25 09:20:53 AM,1.67,2.34,304.7,-9.134,78.099,1069.350,-12.256
8626,12/28/25 09:30:53 AM,1.67,2.67,314.5,-8.775,77.667,1069.350,-11.975
8627,12/28/25 09:40:53 AM,2.00,3.01,331.3,-8.303,75.656,1069.350,-11.842
8628,12/28/25 09:50:53 AM,1.34,2.67,324.3,-7.834,74.726,1069.350,-11.541
8629,12/28/25 10:00:53 AM,2.00,3.34,320.1,-7.319,73.135,1069.350,-11.310
8630,12/28/25 10:10:53 AM,1.67,3.01,308.9,-6.616,69.862,1069.350,-11.204
8631,12/28/25 10:20:53 AM,1.00,2.34,292.0,-5.989,67.654,1069.350,-11.003
8632,12/28/25 10:30:53 AM,1.00,1.67,275.2,-5.450,64.828,1069.350,-11.022
8633,12/28/25 10:40:53 AM,1.00,2.34,266.7,-4.978,61.756,1069.350,-11.180
8634,12/28/25 10:50:53 AM,0.33,1.67,258.3,-4.458,59.129,1069.350,-11.231
8635,12/28/25 11:00:53 AM,0.33,1.67,268.1,-3.981,57.853,1069.350,-11.054
8636,12/28/25 11:10:53 AM,0.00,0.33,254.1,-3.112,55.644,1069.350,-10.725
8637,12/28/25 11:20:53 AM,0.33,2.67,160.0,-2.930,53.259,1069.350,-11.104
8638,12/28/25 11:30:53 AM,1.34,3.01,71.6,-2.828,53.707,1069.350,-10.903
8639,12/28/25 11:40:53 AM,1.34,3.01,80.0,-2.941,55.062,1069.350,-10.697
8640,12/28/25 11:50:53 AM,1.67,3.01,87.0,-3.048,55.911,1069.350,-10.605
8641,12/28/25 12:00:53 PM,2.00,4.01,99.7,-3.037,56.782,1069.350,-10.400
8642,12/28/25 12:10:53 PM,1.34,3.67,92.7,-2.504,56.503,1069.350,-9.961
8643,12/28/25 12:20:53 PM,1.34,3.67,75.8,-2.233,55.221,1069.350,-9.997
8644,12/28/25 12:30:53 PM,1.67,3.34,61.8,-2.367,53.893,1069.350,-10.429
8645,12/28/25 12:40:53 PM,1.67,3.67,77.2,-2.147,55.647,1069.350,-9.820
8646,12/28/25 12:50:53 PM,1.67,3.67,66.0,-2.053,56.646,1069.350,-9.506
8647,12/28/25 01:00:53 PM,2.34,4.01,106.7,-2.271,56.783,1069.350,-9.680
8648,12/28/25 01:10:53 PM,2.34,4.01,101.1,-2.069,52.955,1069.350,-10.372
8649,12/28/25 01:20:53 PM,1.67,3.34,68.8,-1.978,51.962,1069.350,-10.526
8650,12/28/25 01:30:53 PM,2.00,4.34,85.6,-1.630,51.099,1069.350,-10.413
8651,12/28/25 01:40:53 PM,1.67,3.34,53.3,-1.536,49.348,1069.350,-10.764
8652,12/28/25 01:50:53 PM,1.34,4.01,92.7,-1.126,48.582,1069.350,-10.581
8653,12/28/25 02:00:53 PM,1.34,2.67,99.7,-0.785,49.328,1069.350,-10.074
8654,12/28/25 02:10:53 PM,1.34,3.34,92.7,-0.592,47.697,1069.350,-10.320
8655,12/28/25 02:20:53 PM,1.00,3.01,98.3,-0.576,47.041,1069.350,-10.480
8656,12/28/25 02:30:53 PM,1.00,3.01,102.5,-0.850,47.440,1069.350,-10.626
8657,12/28/25 02:40:53 PM,0.33,2.00,105.3,-0.112,46.612,1069.350,-10.169
8658,12/28/25 02:50:53 PM,1.34,2.67,106.7,-0.464,48.606,1069.350,-9.964
8659,12/28/25 03:00:53 PM,0.67,3.01,136.2,-0.643,48.878,1069.350,-10.059
8660,12/28/25 03:10:53 PM,0.67,2.34,115.1,-0.603,46.163,1069.350,-10.741
8661,12/28/25 03:20:53 PM,0.00,0.33,213.4,0.046,44.485,1069.350,-10.612
8662,12/28/25 03:30:53 PM,0.67,2.34,144.6,0.006,46.395,1069.350,-10.119
8663,12/28/25 03:40:53 PM,1.00,2.34,175.5,-0.496,45.777,1069.350,-10.749
8664,12/28/25 03:50:53 PM,0.33,2.34,146.0,0.550,45.118,1069.350,-9.973
8665,12/28/25 04:00:53 PM,1.00,2.00,108.1,0.467,44.237,1069.350,-10.298
8666,12/28/25 04:10:53 PM,0.33,1.00,94.1,0.751,42.876,1069.350,-10.432
8667,12/28/25 04:20:53 PM,0.33,1.34,209.2,0.486,42.019,1069.350,-10.926
8668,12/28/25 04:30:53 PM,0.00,1.34,217.6,0.499,42.251,1069.350,-10.846
8669,12/28/25 04:40:53 PM,0.33,1.67,153.0,0.491,42.444,1069.350,-10.796
8670,12/28/25 04:50:53 PM,0.33,1.67,140.4,0.681,42.669,1069.350,-10.557
8671,12/28/25 05:00:53 PM,1.00,1.67,117.9,-0.067,44.404,1069.350,-10.738
8672,12/28/25 05:10:53 PM,1.00,2.00,96.9,-0.059,45.098,1069.350,-10.536
8673,12/28/25 05:20:53 PM,1.34,2.67,129.2,-0.606,47.495,1069.350,-10.387
8674,12/28/25 05:30:53 PM,1.34,2.34,132.0,-0.981,51.063,1069.350,-9.819
8675,12/28/25 05:40:53 PM,1.00,1.67,130.6,-1.153,53.878,1069.350,-9.299
8676,12/28/25 05:50:53 PM,1.00,1.67,132.0,-1.847,59.532,1069.350,-8.679
8677,12/28/25 06:00:53 PM,1.67,3.01,134.8,-2.884,69.172,1069.350,-7.742
8678,12/28/25 06:10:53 PM,2.00,2.67,148.8,-4.064,77.540,1069.350,-7.409
8679,12/28/25 06:20:53 PM,1.67,3.34,171.3,-4.539,78.943,1069.350,-7.641
8680,12/28/25 06:30:53 PM,1.34,3.34,193.7,-4.903,80.301,1069.350,-7.776
8681,12/28/25 06:40:53 PM,1.34,2.00,251.3,-5.206,81.303,1069.350,-7.913
8682,12/28/25 06:50:53 PM,1.34,2.67,261.1,-5.187,79.614,1069.350,-8.164
8683,12/28/25 07:00:53 PM,1.34,2.34,255.5,-5.260,78.997,1069.350,-8.335
8684,12/28/25 07:10:53 PM,1.00,2.00,294.8,-6.179,82.635,1069.350,-8.658
8685,12/28/25 07:20:53 PM,1.34,2.00,254.1,-5.976,80.993,1069.350,-8.715
8686,12/28/25 07:30:53 PM,1.34,1.67,247.1,-5.949,79.300,1069.350,-8.958
8687,12/28/25 07:40:53 PM,1.00,1.67,287.8,-7.029,84.051,1069.350,-9.275
8688,12/28/25 07:50:53 PM,0.67,1.34,296.2,-7.220,84.054,1069.350,-9.462
8689,12/28/25 08:00:53 PM,0.00,0.00,296.2,-6.734,81.331,1069.350,-9.404
8690,12/28/25 08:10:53 PM,0.33,1.34,308.9,-7.456,83.542,1069.350,-9.772
8691,12/28/25 08:20:53 PM,0.00,0.67,320.1,-7.608,84.527,1069.350,-9.773
8692,12/28/25 08:30:53 PM,0.67,1.67,317.3,-7.938,84.932,1069.350,-10.037
8693,12/28/25 08:40:53 PM,1.34,2.00,292.0,-8.667,88.148,1069.350,-10.286
8694,12/28/25 08:50:53 PM,1.00,1.67,294.8,-8.456,86.950,1069.350,-10.251
8695,12/28/25 09:00:53 PM,1.00,1.34,301.8,-8.313,86.435,1069.350,-10.184
8696,12/28/25 09:10:53 PM,0.67,1.34,303.2,-8.158,86.194,1069.350,-10.067
8697,12/28/25 09:20:53 PM,1.00,1.67,303.2,-8.252,86.482,1069.350,-10.118
8698,12/28/25 09:30:53 PM,1.00,1.67,304.7,-8.772,88.553,1069.350,-10.332
8699,12/28/25 09:40:53 PM,1.67,3.01,310.3,-8.812,89.909,1069.350,-10.180
8700,12/28/25 09:50:53 PM,1.34,2.34,289.2,-8.855,89.773,1069.350,-10.242
8701,12/28/25 10:00:53 PM,1.00,2.00,265.3,-9.246,89.668,1069.350,-10.644
8702,12/28/25 10:10:53 PM,1.00,2.34,290.6,-9.086,88.602,1069.350,-10.636
8703,12/28/25 10:20:53 PM,0.33,2.34,279.4,-9.246,89.165,1069.350,-10.714
8704,12/28/25 10:30:53 PM,2.00,3.34,304.7,-8.935,87.675,1069.350,-10.619
8705,12/28/25 10:40:53 PM,1.34,3.01,268.1,-9.078,87.683,1069.350,-10.759
8706,12/28/25 10:50:53 PM,1.34,3.01,314.5,-8.941,87.236,1069.350,-10.688
8707,12/28/25 11:00:53 PM,1.34,2.67,240.1,-9.453,88.701,1069.350,-10.984
8708,12/28/25 11:10:53 PM,1.00,1.67,231.6,-9.429,89.197,1069.350,-10.891
8709,12/28/25 11:20:53 PM,0.33,1.00,268.1,-9.375,88.414,1069.350,-10.948
8710,12/28/25 11:30:53 PM,1.34,2.00,339.7,-9.694,89.758,1069.350,-11.075
8711,12/28/25 11:40:53 PM,0.33,1.00,351.0,-10.072,92.000,1069.350,-11.141
8712,12/28/25 11:50:53 PM,1.00,2.00,341.2,-10.048,90.715,1069.350,-11.293
8713,12/29/25 12:00:53 AM,1.00,2.00,314.5,-10.147,90.188,1069.350,-11.463
8714,12/29/25 12:10:53 AM,1.00,1.67,306.1,-10.292,90.207,1069.350,-11.604
8715,12/29/25 12:20:53 AM,1.00,1.34,297.6,-10.230,90.445,1069.350,-11.510
8716,12/29/25 12:30:53 AM,0.00,0.67,303.2,-10.287,91.949,1069.350,-11.361
8717,12/29/25 12:40:53 AM,0.67,1.34,322.9,-10.367,93.298,1069.350,-11.258
8718,12/29/25 12:50:53 AM,0.33,1.34,339.7,-9.860,93.103,1069.350,-10.781
8719,12/29/25 01:00:53 AM,0.00,1.00,322.9,-9.683,92.006,1069.350,-10.754
8720,12/29/25 01:10:53 AM,0.00,1.00,310.3,-9.724,91.872,1069.350,-10.813
8721,12/29/25 01:20:53 AM,1.00,1.34,265.3,-10.029,92.404,1069.350,-11.043
8722,12/29/25 01:30:53 AM,1.34,1.67,256.9,-9.986,91.617,1069.350,-11.107
8723,12/29/25 01:40:53 AM,1.34,2.00,249.9,-10.391,91.575,1069.350,-11.515
8724,12/29/25 01:50:53 AM,1.34,2.00,256.9,-10.973,92.696,1069.350,-11.941
8725,12/29/25 02:00:53 AM,1.00,1.34,280.8,-11.021,93.591,1069.350,-11.870
8726,12/29/25 02:10:53 AM,1.00,1.34,280.8,-10.606,92.999,1069.350,-11.536
8727,12/29/25 02:20:53 AM,1.00,1.34,280.8,-10.330,92.691,1069.350,-11.303
8728,12/29/25 02:30:53 AM,0.67,1.00,280.8,-10.394,93.239,1069.350,-11.293
8729,12/29/25 02:40:53 AM,0.00,0.67,280.8,-10.335,92.993,1069.350,-11.268
8730,12/29/25 02:50:53 AM,1.00,2.00,244.3,-10.659,93.307,1069.350,-11.548
8731,12/29/25 03:00:53 AM,1.00,1.67,278.0,-10.624,93.056,1069.350,-11.546
8732,12/29/25 03:10:53 AM,1.00,1.67,279.4,-10.442,93.269,1069.350,-11.337
8733,12/29/25 03:20:53 AM,1.00,1.67,283.6,-10.190,92.164,1069.350,-11.235
8734,12/29/25 03:30:53 AM,1.00,1.34,286.4,-10.263,92.119,1069.350,-11.314
8735,12/29/25 03:40:53 AM,0.67,1.00,286.4,-10.340,92.386,1069.350,-11.354
8736,12/29/25 03:50:53 AM,0.67,1.34,294.8,-10.450,92.551,1069.350,-11.441
8737,12/29/25 04:00:53 AM,1.00,1.34,303.2,-10.426,92.241,1069.350,-11.459
8738,12/29/25 04:10:53 AM,1.34,1.67,271.0,-10.477,91.533,1069.350,-11.606
8739,12/29/25 04:20:53 AM,1.34,1.67,278.0,-10.697,92.413,1069.350,-11.705
8740,12/29/25 04:30:53 AM,1.34,1.67,285.0,-10.493,92.647,1069.350,-11.471
8741,12/29/25 04:40:53 AM,0.67,2.00,324.3,-10.426,93.217,1069.350,-11.328
8742,12/29/25 04:50:53 AM,0.00,0.00,327.1,-10.453,93.625,1069.350,-11.300
8743,12/29/25 05:00:53 AM,0.00,0.00,327.1,-10.560,92.956,1069.350,-11.496
8744,12/29/25 05:10:53 AM,0.00,0.00,327.1,-10.490,92.828,1069.350,-11.444
8745,12/29/25 05:20:53 AM,0.00,0.00,327.1,-10.855,93.101,1069.350,-11.770
8746,12/29/25 05:30:53 AM,0.00,0.00,327.1,-10.925,94.615,1069.350,-11.639
8747,12/29/25 05:40:53 AM,0.00,0.00,336.9,-10.574,93.964,1069.350,-11.375
8748,12/29/25 05:50:53 AM,0.00,0.00,342.6,-10.646,93.841,1069.350,-11.463
8749,12/29/25 06:00:53 AM,0.00,0.00,321.5,-11.091,94.797,1069.350,-11.780
8750,12/29/25 06:10:53 AM,0.00,0.00,280.8,-11.579,95.148,1069.350,-12.220
8751,12/29/25 06:20:53 AM,0.00,0.00,280.8,-11.434,95.657,1069.350,-12.010
8752,12/29/25 06:30:53 AM,0.00,0.00,282.2,-11.228,95.264,1069.350,-11.855
8753,12/29/25 06:40:53 AM,0.00,0.00,294.8,-11.115,94.751,1069.350,-11.810
8754,12/29/25 06:50:53 AM,0.00,0.00,294.8,-10.984,94.478,1069.350,-11.715
8755,12/29/25 07:00:53 AM,0.00,0.00,294.8,-11.244,93.918,1069.350,-12.048
8756,12/29/25 07:10:53 AM,0.00,0.00,294.8,-11.327,94.766,1069.350,-12.019
8757,12/29/25 07:20:53 AM,0.00,0.00,294.8,-11.322,95.349,1069.350,-11.938
8758,12/29/25 07:30:53 AM,0.00,0.00,294.8,-11.619,95.235,1069.350,-12.249
8759,12/29/25 07:40:53 AM,0.00,0.00,294.8,-11.469,95.929,1069.350,-12.009
8760,12/29/25 07:50:53 AM,0.00,0.00,294.8,-11.611,94.846,1069.350,-12.291
8761,12/29/25 08:00:53 AM,0.00,0.00,294.8,-11.190,96.236,1069.350,-11.691
8762,12/29/25 08:10:53 AM,0.00,0.00,293.4,-10.777,94.009,1069.350,-11.571
8763,12/29/25 08:20:53 AM,0.00,0.00,285.0,-11.520,93.399,1069.350,-12.391
8764,12/29/25 08:30:53 AM,0.00,0.00,285.0,-12.364,93.730,1069.350,-13.187
8765,12/29/25 08:40:53 AM,0.00,0.00,285.0,-12.072,95.412,1069.350,-12.677
8766,12/29/25 08:50:53 AM,0.00,0.00,285.0,-11.450,96.312,1069.350,-11.941
8767,12/29/25 09:00:53 AM,0.00,0.00,285.0,-11.354,94.885,1069.350,-12.030
8768,12/29/25 09:10:53 AM,0.33,1.34,285.0,-11.708,94.391,1069.350,-12.448
8769,12/29/25 09:20:53 AM,1.00,1.34,285.0,-12.305,93.625,1069.350,-13.142
8770,12/29/25 09:30:53 AM,1.00,1.34,285.0,-11.981,93.065,1069.350,-12.894
8771,12/29/25 09:40:53 AM,0.67,1.00,285.0,-10.651,91.586,1069.350,-11.771
8772,12/29/25 09:50:53 AM,0.00,0.67,285.0,-9.831,90.591,1069.350,-11.095
8773,12/29/25 10:00:53 AM,0.00,0.00,285.0,-8.646,87.634,1069.350,-10.339
8774,12/29/25 10:10:53 AM,0.00,0.00,285.0,-8.011,85.910,1069.350,-9.964
8775,12/29/25 10:20:53 AM,0.00,0.00,285.0,-7.485,85.058,1069.350,-9.572
8776,12/29/25 10:30:53 AM,0.00,0.00,285.0,-6.493,82.621,1069.350,-8.968
8777,12/29/25 10:40:53 AM,0.00,1.00,324.3,-5.812,80.221,1069.350,-8.677
8778,12/29/25 10:50:53 AM,0.00,1.00,182.5,-6.222,81.584,1069.350,-8.863
8779,12/29/25 11:00:53 AM,0.67,1.67,147.4,-6.340,83.313,1069.350,-8.711
8780,12/29/25 11:10:53 AM,1.00,1.67,139.0,-6.177,83.604,1069.350,-8.507
8781,12/29/25 11:20:53 AM,0.67,1.67,134.8,-5.630,81.479,1069.350,-8.300
8782,12/29/25 11:30:53 AM,1.00,1.67,126.4,-5.568,82.293,1069.350,-8.112
8783,12/29/25 11:40:53 AM,1.00,2.00,112.3,-4.901,81.077,1069.350,-7.650
8784,12/29/25 11:50:53 AM,1.34,2.34,110.9,-4.040,78.662,1069.350,-7.200
8785,12/29/25 12:00:53 PM,1.34,2.67,122.1,-4.088,79.014,1069.350,-7.189
8786,12/29/25 12:10:53 PM,1.34,2.67,122.1,-3.893,78.239,1069.350,-7.127
8787,12/29/25 12:20:53 PM,1.67,3.01,127.8,-3.635,77.896,1069.350,-6.932
8788,12/29/25 12:30:53 PM,2.00,3.34,88.4,-2.718,72.319,1069.350,-7.007
8789,12/29/25 12:40:53 PM,2.34,4.01,88.4,-2.321,70.504,1069.350,-6.954
8790,12/29/25 12:50:53 PM,2.34,4.01,89.9,-2.136,68.850,1069.350,-7.084
8791,12/29/25 01:00:53 PM,2.34,3.67,92.7,-1.697,67.366,1069.350,-6.945
8792,12/29/25 01:10:53 PM,2.34,3.67,82.8,-1.565,66.220,1069.350,-7.041
8793,12/29/25 01:20:53 PM,2.67,4.01,91.3,-1.488,64.949,1069.350,-7.219
8794,12/29/25 01:30:53 PM,2.34,3.67,88.4,-0.935,63.172,1069.350,-7.051
8795,12/29/25 01:40:53 PM,2.34,3.67,108.1,-1.161,63.604,1069.350,-7.178
8796,12/29/25 01:50:53 PM,2.00,3.67,106.7,-0.785,62.696,1069.350,-7.007
8797,12/29/25 02:00:53 PM,2.00,3.67,95.5,-0.268,61.263,1069.350,-6.817
8798,12/29/25 02:10:53 PM,2.34,4.01,101.1,-0.110,61.332,1069.350,-6.652
8799,12/29/25 02:20:53 PM,2.67,4.68,98.3,-0.217,60.502,1069.350,-6.931
8800,12/29/25 02:30:53 PM,2.67,4.34,95.5,0.051,60.278,1069.350,-6.725
8801,12/29/25 02:40:53 PM,2.67,4.01,106.7,-0.222,59.890,1069.350,-7.067
8802,12/29/25 02:50:53 PM,2.67,4.01,113.7,-0.222,60.438,1069.350,-6.949
8803,12/29/25 03:00:53 PM,2.34,4.01,85.6,0.370,59.074,1069.350,-6.686
8804,12/29/25 03:10:53 PM,1.67,2.67,91.3,0.759,59.188,1069.350,-6.294
8805,12/29/25 03:20:53 PM,2.00,3.67,92.7,0.815,58.982,1069.350,-6.287
8806,12/29/25 03:30:53 PM,2.34,4.01,84.2,0.856,59.013,1069.350,-6.241
8807,12/29/25 03:40:53 PM,2.00,3.67,82.8,1.089,58.399,1069.350,-6.158
8808,12/29/25 03:50:53 PM,2.00,4.68,98.3,1.225,58.190,1069.350,-6.077
8809,12/29/25 04:00:53 PM,2.00,3.34,82.8,1.402,56.945,1069.350,-6.193
8810,12/29/25 04:10:53 PM,1.67,2.67,96.9,1.384,56.464,1069.350,-6.321
8811,12/29/25 04:20:53 PM,1.34,2.67,80.0,1.689,55.467,1069.350,-6.267
8812,12/29/25 04:30:53 PM,1.34,2.67,74.4,1.467,55.767,1069.350,-6.405
8813,12/29/25 04:40:53 PM,1.67,2.67,82.8,1.617,55.335,1069.350,-6.366
8814,12/29/25 04:50:53 PM,1.34,2.34,82.8,1.550,55.212,1069.350,-6.458
8815,12/29/25 05:00:53 PM,1.34,3.01,85.6,1.381,55.323,1069.350,-6.590
8816,12/29/25 05:10:53 PM,1.34,2.67,92.7,1.386,54.765,1069.350,-6.717
8817,12/29/25 05:20:53 PM,1.67,2.34,92.7,1.027,55.241,1069.350,-6.940
8818,12/29/25 05:30:53 PM,1.34,2.34,73.0,0.893,57.313,1069.350,-6.588
8819,12/29/25 05:40:53 PM,1.34,2.34,67.4,0.536,60.099,1069.350,-6.306
8820,12/29/25 05:50:53 PM,1.34,2.00,74.4,0.292,61.056,1069.350,-6.330
8821,12/29/25 06:00:53 PM,1.00,1.67,70.2,-0.405,64.329,1069.350,-6.311
8822,12/29/25 06:10:53 PM,1.00,1.34,59.0,-1.783,70.887,1069.350,-6.365
8823,12/29/25 06:20:53 PM,1.34,1.67,28.1,-2.541,73.968,1069.350,-6.543
8824,12/29/25 06:30:53 PM,1.34,1.67,18.3,-2.901,75.138,1069.350,-6.687
8825,12/29/25 06:40:53 PM,0.33,1.34,63.2,-3.464,77.704,1069.350,-6.798
8826,12/29/25 06:50:53 PM,0.00,0.33,94.1,-3.212,77.382,1069.350,-6.607
8827,12/29/25 07:00:53 PM,0.00,0.00,94.1,-3.195,77.319,1069.350,-6.601
8828,12/29/25 07:10:53 PM,0.00,0.00,94.1,-3.209,77.230,1069.350,-6.629
8829,12/29/25 07:20:53 PM,0.00,0.00,94.1,-3.670,78.715,1069.350,-6.831
8830,12/29/25 07:30:53 PM,0.00,0.00,94.1,-3.552,77.937,1069.350,-6.845
8831,12/29/25 07:40:53 PM,0.00,0.00,94.1,-3.195,76.280,1069.350,-6.777
8832,12/29/25 07:50:53 PM,0.00,0.00,94.1,-3.745,77.636,1069.350,-7.083
8833,12/29/25 08:00:53 PM,0.00,0.00,70.2,-4.775,81.720,1069.350,-7.425
8834,12/29/25 08:10:53 PM,0.00,0.00,56.2,-4.847,82.133,1069.350,-7.431
8835,12/29/25 08:20:53 PM,0.00,0.00,0.0,-5.536,84.880,1069.350,-7.682
8836,12/29/25 08:30:53 PM,0.00,0.00,0.0,-5.190,83.851,1069.350,-7.500
8837,12/29/25 08:40:53 PM,0.00,0.00,332.7,-6.019,86.433,1069.350,-7.924
8838,12/29/25 08:50:53 PM,0.00,0.00,320.1,-6.332,88.244,1069.350,-7.966
8839,12/29/25 09:00:53 PM,0.00,0.00,320.1,-5.847,86.799,1069.350,-7.700
8840,12/29/25 09:10:53 PM,0.00,0.67,322.9,-5.563,85.878,1069.350,-7.558
8841,12/29/25 09:20:53 PM,0.00,0.67,348.2,-5.128,84.329,1069.350,-7.365
8842,12/29/25 09:30:53 PM,0.00,0.33,348.2,-5.925,86.336,1069.350,-7.846
8843,12/29/25 09:40:53 PM,0.00,0.00,348.2,-6.356,88.467,1069.350,-7.958
8844,12/29/25 09:50:53 PM,0.00,0.00,348.2,-7.515,90.373,1069.350,-8.831
8845,12/29/25 10:00:53 PM,0.00,0.67,348.2,-7.649,93.639,1069.350,-8.510
8846,12/29/25 10:10:53 PM,0.00,0.33,348.2,-7.313,92.776,1069.350,-8.295
8847,12/29/25 10:20:53 PM,1.00,1.34,348.2,-7.437,92.374,1069.350,-8.474
8848,12/29/25 10:30:53 PM,1.00,1.34,346.8,-7.338,91.955,1069.350,-8.434
8849,12/29/25 10:40:53 PM,1.00,1.34,320.1,-7.147,91.008,1069.350,-8.377
8850,12/29/25 10:50:53 PM,1.00,1.67,307.5,-7.622,91.984,1069.350,-8.712
8851,12/29/25 11:00:53 PM,1.34,1.67,307.5,-7.372,91.283,1069.350,-8.561
8852,12/29/25 11:10:53 PM,1.00,1.34,307.5,-7.327,91.235,1069.350,-8.523
8853,12/29/25 11:20:53 PM,1.00,1.34,307.5,-7.346,91.211,1069.350,-8.546
8854,12/29/25 11:30:53 PM,1.00,1.34,307.5,-7.536,90.993,1069.350,-8.765
8855,12/29/25 11:40:53 PM,1.00,1.34,307.5,-7.659,90.575,1069.350,-8.945
8856,12/29/25 11:50:53 PM,1.00,1.34,307.5,-7.874,91.061,1069.350,-9.090
8857,12/30/25 12:00:53 AM,0.67,1.34,307.5,-7.482,89.575,1069.350,-8.911
8858,12/30/25 12:10:53 AM,0.67,1.00,307.5,-7.458,88.998,1069.350,-8.970
8859,12/30/25 12:20:53 AM,0.67,1.00,307.5,-7.927,89.906,1069.350,-9.305
8860,12/30/25 12:30:53 AM,0.33,1.34,307.5,-7.807,90.022,1069.350,-9.170
8861,12/30/25 12:40:53 AM,1.34,1.67,307.5,-8.279,90.327,1069.350,-9.594
8862,12/30/25 12:50:53 AM,1.00,1.34,307.5,-8.134,89.599,1069.350,-9.553
8863,12/30/25 01:00:53 AM,1.00,1.34,307.5,-8.027,88.765,1069.350,-9.566
8864,12/30/25 01:10:53 AM,1.00,1.67,307.5,-8.442,90.008,1069.350,-9.800
8865,12/30/25 01:20:53 AM,1.67,2.00,297.6,-8.866,91.263,1069.350,-10.045
8866,12/30/25 01:30:53 AM,1.00,2.00,301.8,-8.351,90.326,1069.350,-9.666
8867,12/30/25 01:40:53 AM,0.00,0.00,303.2,-8.196,89.110,1069.350,-9.684
8868,12/30/25 01:50:53 AM,0.33,1.34,303.2,-8.271,89.206,1069.350,-9.744
8869,12/30/25 02:00:53 AM,0.67,1.34,303.2,-7.887,88.238,1069.350,-9.503
8870,12/30/25 02:10:53 AM,0.00,0.00,303.2,-7.726,87.419,1069.350,-9.462
8871,12/30/25 02:20:53 AM,0.00,0.00,303.2,-8.070,87.761,1069.350,-9.752
8872,12/30/25 02:30:53 AM,0.00,0.00,303.2,-8.338,89.477,1069.350,-9.772
8873,12/30/25 02:40:53 AM,0.00,0.00,303.2,-8.469,89.122,1069.350,-9.952
8874,12/30/25 02:50:53 AM,0.00,0.00,303.2,-8.641,89.599,1069.350,-10.055
8875,12/30/25 03:00:53 AM,0.33,1.00,303.2,-8.611,89.447,1069.350,-10.047
8876,12/30/25 03:10:53 AM,0.33,1.00,304.7,-8.439,89.239,1069.350,-9.906
8877,12/30/25 03:20:53 AM,0.33,1.00,304.7,-8.584,89.233,1069.350,-10.050
8878,12/30/25 03:30:53 AM,1.00,1.67,304.7,-8.807,90.190,1069.350,-10.136
8879,12/30/25 03:40:53 AM,1.00,1.34,304.7,-9.088,90.991,1069.350,-10.303
8880,12/30/25 03:50:53 AM,1.00,1.34,304.7,-9.123,91.655,1069.350,-10.246
8881,12/30/25 04:00:53 AM,1.00,1.34,304.7,-9.011,91.412,1069.350,-10.169
8882,12/30/25 04:10:53 AM,0.67,1.00,310.3,-8.560,89.540,1069.350,-9.983
8883,12/30/25 04:20:53 AM,1.00,1.34,310.3,-8.539,89.580,1069.350,-9.957
8884,12/30/25 04:30:53 AM,0.33,1.00,310.3,-8.399,89.483,1069.350,-9.832
8885,12/30/25 04:40:53 AM,0.00,0.00,310.3,-8.397,88.893,1069.350,-9.913
8886,12/30/25 04:50:53 AM,0.00,0.00,310.3,-8.675,90.497,1069.350,-9.963
8887,12/30/25 05:00:53 AM,0.00,0.00,310.3,-8.759,90.593,1069.350,-10.032
8888,12/30/25 05:10:53 AM,0.00,0.00,310.3,-9.053,90.848,1069.350,-10.288
8889,12/30/25 05:20:53 AM,0.00,0.00,310.3,-9.458,92.993,1069.350,-10.396
8890,12/30/25 05:30:53 AM,0.00,0.00,310.3,-9.142,92.201,1069.350,-10.190
8891,12/30/25 05:40:53 AM,0.00,0.00,310.3,-9.187,91.557,1069.350,-10.323
8892,12/30/25 05:50:53 AM,0.00,0.00,310.3,-9.362,92.822,1069.350,-10.324
8893,12/30/25 06:00:53 AM,0.00,0.00,310.3,-9.193,92.053,1069.350,-10.261
8894,12/30/25 06:10:53 AM,0.00,0.00,310.3,-8.944,91.354,1069.350,-10.110
8895,12/30/25 06:20:53 AM,1.00,1.67,283.6,-9.919,91.597,1069.350,-11.044
8896,12/30/25 06:30:53 AM,1.00,1.34,287.8,-10.372,94.066,1069.350,-11.161
8897,12/30/25 06:40:53 AM,0.67,1.00,290.6,-9.086,92.192,1069.350,-10.136
8898,12/30/25 06:50:53 AM,0.67,1.34,299.0,-8.675,90.027,1069.350,-10.028
8899,12/30/25 07:00:53 AM,1.00,1.67,341.2,-8.691,89.874,1069.350,-10.066
8900,12/30/25 07:10:53 AM,0.00,1.00,355.2,-9.217,90.799,1069.350,-10.457
8901,12/30/25 07:20:53 AM,0.00,0.00,355.2,-9.477,92.370,1069.350,-10.500
8902,12/30/25 07:30:53 AM,0.00,0.00,355.2,-9.718,92.456,1069.350,-10.727
8903,12/30/25 07:40:53 AM,0.00,0.00,355.2,-9.509,92.915,1069.350,-10.457
8904,12/30/25 07:50:53 AM,0.33,1.34,342.6,-9.667,91.659,1069.350,-10.785
8905,12/30/25 08:00:53 AM,1.00,1.34,301.8,-10.185,93.240,1069.350,-11.085
8906,12/30/25 08:10:53 AM,1.00,1.67,278.0,-9.868,92.157,1069.350,-10.917
8907,12/30/25 08:20:53 AM,1.00,1.34,275.2,-9.788,93.063,1069.350,-10.715
8908,12/30/25 08:30:53 AM,1.00,1.34,275.2,-9.737,92.180,1069.350,-10.784
8909,12/30/25 08:40:53 AM,1.34,1.67,279.4,-10.244,93.342,1069.350,-11.130
8910,12/30/25 08:50:53 AM,1.00,1.67,283.6,-10.040,93.214,1069.350,-10.945
8911,12/30/25 09:00:53 AM,1.00,1.67,279.4,-10.346,92.863,1069.350,-11.296
8912,12/30/25 09:10:53 AM,1.00,1.34,286.4,-10.126,93.475,1069.350,-10.995
8913,12/30/25 09:20:53 AM,1.00,1.34,293.4,-9.890,93.074,1069.350,-10.815
8914,12/30/25 09:30:53 AM,0.67,1.34,301.8,-8.938,90.288,1069.350,-10.252
8915,12/30/25 09:40:53 AM,0.67,1.00,301.8,-7.981,88.386,1069.350,-9.575
8916,12/30/25 09:50:53 AM,0.00,0.67,301.8,-6.732,86.065,1069.350,-8.681
8917,12/30/25 10:00:53 AM,0.00,0.00,301.8,-5.622,84.100,1069.350,-7.886
8918,12/30/25 10:10:53 AM,0.00,0.00,301.8,-4.287,82.210,1069.350,-6.870
8919,12/30/25 10:20:53 AM,0.00,0.33,301.8,-3.230,80.464,1069.350,-6.115
8920,12/30/25 10:30:53 AM,0.00,0.33,293.4,-3.153,81.392,1069.350,-5.890
8921,12/30/25 10:40:53 AM,0.33,1.34,221.8,-3.112,81.553,1069.350,-5.824
8922,12/30/25 10:50:53 AM,0.00,1.00,171.3,-2.764,79.365,1069.350,-5.840
8923,12/30/25 11:00:53 AM,0.00,0.00,171.3,-1.935,73.289,1069.350,-6.077
8924,12/30/25 11:10:53 AM,0.00,0.00,171.3,-1.611,71.150,1069.350,-6.151
8925,12/30/25 11:20:53 AM,1.00,2.00,132.0,-1.871,69.731,1069.350,-6.664
8926,12/30/25 11:30:53 AM,1.00,1.67,99.7,-1.772,70.874,1069.350,-6.357
8927,12/30/25 11:40:53 AM,0.67,1.67,92.7,-1.123,69.097,1069.350,-6.064
8928,12/30/25 11:50:53 AM,1.00,2.34,95.5,-0.571,68.856,1069.350,-5.580
8929,12/30/25 12:00:53 PM,1.34,2.34,102.5,-0.397,69.151,1069.350,-5.357
8930,12/30/25 12:10:53 PM,1.67,2.67,85.6,0.067,67.686,1069.350,-5.194
8931,12/30/25 12:20:53 PM,2.00,3.34,94.1,0.338,67.668,1069.350,-4.938
8932,12/30/25 12:30:53 PM,2.34,4.34,103.9,0.577,67.471,1069.350,-4.747
8933,12/30/25 12:40:53 PM,3.01,5.34,87.0,1.102,64.537,1069.350,-4.833
8934,12/30/25 12:50:53 PM,3.34,5.01,87.0,1.317,61.865,1069.350,-5.187
8935,12/30/25 01:00:53 PM,3.34,5.01,103.9,1.389,61.138,1069.350,-5.274
8936,12/30/25 01:10:53 PM,3.34,5.01,96.9,1.477,61.549,1069.350,-5.103
8937,12/30/25 01:20:53 PM,3.34,5.68,95.5,1.877,59.570,1069.350,-5.155
8938,12/30/25 01:30:53 PM,3.34,4.68,96.9,1.982,60.053,1069.350,-4.950
8939,12/30/25 01:40:53 PM,3.01,4.68,94.1,2.360,59.312,1069.350,-4.757
8940,12/30/25 01:50:53 PM,3.34,5.01,95.5,2.539,58.807,1069.350,-4.701
8941,12/30/25 02:00:53 PM,3.34,5.34,89.9,2.783,57.629,1069.350,-4.739
8942,12/30/25 02:10:53 PM,3.67,5.34,96.9,2.496,57.649,1069.350,-5.004
8943,12/30/25 02:20:53 PM,3.67,5.34,92.7,2.695,57.166,1069.350,-4.928
8944,12/30/25 02:30:53 PM,3.34,5.34,88.4,3.116,56.783,1069.350,-4.622
8945,12/30/25 02:40:53 PM,3.67,5.34,89.9,3.201,56.960,1069.350,-4.501
8946,12/30/25 02:50:53 PM,4.01,6.01,91.3,3.268,56.910,1069.350,-4.450
8947,12/30/25 03:00:53 PM,3.67,6.01,95.5,3.365,57.420,1069.350,-4.240
8948,12/30/25 03:10:53 PM,3.34,5.01,87.0,3.711,57.714,1069.350,-3.847
8949,12/30/25 03:20:53 PM,3.01,4.68,92.7,3.963,57.714,1069.350,-3.610
8950,12/30/25 03:30:53 PM,3.01,4.34,89.9,4.030,56.747,1069.350,-3.773
8951,12/30/25 03:40:53 PM,2.67,4.34,77.2,4.086,56.670,1069.350,-3.739
8952,12/30/25 03:50:53 PM,2.67,4.34,87.0,4.376,56.068,1069.350,-3.609
8953,12/30/25 04:00:53 PM,2.67,4.01,71.6,4.555,55.886,1069.350,-3.485
8954,12/30/25 04:10:53 PM,2.67,4.68,70.2,4.534,55.309,1069.350,-3.643
8955,12/30/25 04:20:53 PM,2.67,4.34,54.8,4.260,56.692,1069.350,-3.570
8956,12/30/25 04:30:53 PM,2.34,4.34,68.8,4.416,56.323,1069.350,-3.511
8957,12/30/25 04:40:53 PM,2.67,3.67,63.2,4.276,56.915,1069.350,-3.503
8958,12/30/25 04:50:53 PM,2.67,4.34,73.0,4.478,56.051,1069.350,-3.518
8959,12/30/25 05:00:53 PM,2.34,4.01,68.8,4.266,56.686,1069.350,-3.566
8960,12/30/25 05:10:53 PM,2.00,3.34,71.6,4.352,56.680,1069.350,-3.487
8961,12/30/25 05:20:53 PM,2.34,3.01,66.0,3.957,57.540,1069.350,-3.656
8962,12/30/25 05:30:53 PM,2.00,3.01,68.8,3.735,59.271,1069.350,-3.470
8963,12/30/25 05:40:53 PM,2.00,3.01,73.0,3.571,60.208,1069.350,-3.415
8964,12/30/25 05:50:53 PM,1.34,2.34,71.6,3.145,62.243,1069.350,-3.373
8965,12/30/25 06:00:53 PM,1.34,2.00,61.8,2.183,66.232,1069.350,-3.458
8966,12/30/25 06:10:53 PM,1.34,1.67,56.2,1.091,69.215,1069.350,-3.916
8967,12/30/25 06:20:53 PM,1.00,1.67,36.5,0.268,72.290,1069.350,-4.130
8968,12/30/25 06:30:53 PM,0.33,1.00,37.9,-0.013,73.489,1069.350,-4.183
8969,12/30/25 06:40:53 PM,0.33,1.34,88.4,0.011,73.448,1069.350,-4.167
8970,12/30/25 06:50:53 PM,0.00,0.00,108.1,-0.080,74.363,1069.350,-4.090
8971,12/30/25 07:00:53 PM,0.00,0.00,103.9,-0.225,74.353,1069.350,-4.233
8972,12/30/25 07:10:53 PM,1.00,2.00,50.5,-0.163,73.747,1069.350,-4.281
8973,12/30/25 07:20:53 PM,0.67,1.67,75.8,-0.139,73.623,1069.350,-4.280
8974,12/30/25 07:30:53 PM,0.67,1.34,106.7,-0.464,74.640,1069.350,-4.413
8975,12/30/25 07:40:53 PM,0.67,1.34,164.3,-1.536,78.035,1069.350,-4.865
8976,12/30/25 07:50:53 PM,1.00,1.34,196.5,-1.930,79.768,1069.350,-4.960
8977,12/30/25 08:00:53 PM,0.67,1.00,199.4,-1.938,80.464,1069.350,-4.853
8978,12/30/25 08:10:53 PM,1.00,1.67,247.1,-1.968,80.462,1069.350,-4.882
8979,12/30/25 08:20:53 PM,1.34,1.67,349.6,-2.136,81.877,1069.350,-4.816
8980,12/30/25 08:30:53 PM,0.33,1.34,355.2,-1.968,81.410,1069.350,-4.728
8981,12/30/25 08:40:53 PM,0.33,1.34,351.0,-2.815,83.812,1069.350,-5.174
8982,12/30/25 08:50:53 PM,0.67,1.67,0.0,-2.190,81.717,1069.350,-4.895
8983,12/30/25 09:00:53 PM,0.00,0.00,351.0,-3.284,83.790,1069.350,-5.638
8984,12/30/25 09:10:53 PM,0.00,0.00,304.7,-3.791,87.596,1069.350,-5.554
8985,12/30/25 09:20:53 PM,0.00,0.00,317.3,-2.783,83.522,1069.350,-5.188
8986,12/30/25 09:30:53 PM,0.00,0.00,273.8,-3.887,86.448,1069.350,-5.821
8987,12/30/25 09:40:53 PM,0.00,0.00,282.2,-4.190,87.654,1069.350,-5.939
8988,12/30/25 09:50:53 PM,0.00,0.00,283.6,-4.241,87.825,1069.350,-5.964
8989,12/30/25 10:00:53 PM,0.00,0.00,296.2,-2.855,84.068,1069.350,-5.173
8990,12/30/25 10:10:53 PM,0.00,0.00,296.2,-2.439,82.698,1069.350,-4.981
8991,12/30/25 10:20:53 PM,0.00,0.00,296.2,-3.252,83.948,1069.350,-5.582
8992,12/30/25 10:30:53 PM,0.00,0.00,296.2,-3.941,88.045,1069.350,-5.635
8993,12/30/25 10:40:53 PM,0.00,0.00,296.2,-3.434,85.762,1069.350,-5.480
8994,12/30/25 10:50:53 PM,0.00,0.00,290.6,-5.289,90.265,1069.350,-6.642
8995,12/30/25 11:00:53 PM,0.00,0.00,293.4,-4.037,89.136,1069.350,-5.568
8996,12/30/25 11:10:53 PM,0.00,0.00,293.4,-3.375,85.312,1069.350,-5.491
8997,12/30/25 11:20:53 PM,0.00,0.00,293.4,-4.464,87.851,1069.350,-6.180
8998,12/30/25 11:30:53 PM,0.00,1.34,296.2,-4.796,89.299,1069.350,-6.295
8999,12/30/25 11:40:53 PM,0.33,1.67,315.9,-4.474,88.466,1069.350,-6.099
9000,12/30/25 11:50:53 PM,1.34,1.67,296.2,-5.772,90.509,1069.350,-7.085
9001,12/31/25 12:00:53 AM,1.34,1.67,292.0,-6.187,93.495,1069.350,-7.077
9002,12/31/25 12:10:53 AM,0.67,1.00,299.0,-4.965,89.706,1069.350,-6.402
9003,12/31/25 12:20:53 AM,1.00,1.34,299.0,-5.225,89.184,1069.350,-6.735
9004,12/31/25 12:30:53 AM,1.00,1.67,301.8,-5.552,89.177,1069.350,-7.060
9005,12/31/25 12:40:53 AM,0.00,1.00,307.5,-4.732,86.830,1069.350,-6.597
9006,12/31/25 12:50:53 AM,1.00,1.67,294.8,-5.804,88.125,1069.350,-7.462
9007,12/31/25 01:00:53 AM,1.34,1.67,297.6,-6.826,92.663,1069.350,-7.827
9008,12/31/25 01:10:53 AM,1.00,1.34,329.9,-5.515,88.429,1069.350,-7.132
9009,12/31/25 01:20:53 AM,1.00,1.67,321.5,-5.710,88.592,1069.350,-7.301
9010,12/31/25 01:30:53 AM,1.00,1.67,311.7,-6.104,90.204,1069.350,-7.458
9011,12/31/25 01:40:53 AM,1.34,1.67,290.6,-5.876,88.681,1069.350,-7.452
9012,12/31/25 01:50:53 AM,1.34,1.67,296.2,-6.523,91.702,1069.350,-7.661
9013,12/31/25 02:00:53 AM,1.00,1.67,322.9,-5.313,88.118,1069.350,-6.979
9014,12/31/25 02:10:53 AM,1.34,1.67,351.0,-4.801,86.893,1069.350,-6.655
9015,12/31/25 02:20:53 AM,0.67,1.67,325.7,-4.796,84.582,1069.350,-7.000
9016,12/31/25 02:30:53 AM,1.00,1.67,265.3,-7.000,91.080,1069.350,-8.221
9017,12/31/25 02:40:53 AM,1.34,1.67,307.5,-6.927,93.089,1069.350,-7.868
9018,12/31/25 02:50:53 AM,1.34,2.00,338.3,-5.740,88.971,1069.350,-7.276
9019,12/31/25 03:00:53 AM,1.34,2.34,342.6,-4.909,86.534,1069.350,-6.815
9020,12/31/25 03:10:53 AM,1.34,2.34,344.0,-5.182,87.048,1069.350,-7.008
9021,12/31/25 03:20:53 AM,1.00,2.00,346.8,-5.238,87.446,1069.350,-7.004
9022,12/31/25 03:30:53 AM,1.00,2.00,262.5,-6.429,89.339,1069.350,-7.904
9023,12/31/25 03:40:53 AM,1.00,1.67,252.7,-7.287,92.168,1069.350,-8.353
9024,12/31/25 03:50:53 AM,1.67,2.34,268.1,-7.466,92.818,1069.350,-8.441
9025,12/31/25 04:00:53 AM,1.34,2.00,327.1,-6.989,92.697,1069.350,-7.984
9026,12/31/25 04:10:53 AM,1.00,2.00,331.3,-6.069,89.514,1069.350,-7.522
9027,12/31/25 04:20:53 AM,1.00,2.00,308.9,-5.943,88.472,1069.350,-7.549
9028,12/31/25 04:30:53 AM,1.34,1.67,299.0,-6.257,89.432,1069.350,-7.720
9029,12/31/25 04:40:53 AM,1.00,1.67,301.8,-5.885,88.742,1069.350,-7.452
9030,12/31/25 04:50:53 AM,1.34,1.67,301.8,-5.686,87.832,1069.350,-7.389
9031,12/31/25 05:00:53 AM,1.34,2.00,290.6,-6.705,89.699,1069.350,-8.125
9032,12/31/25 05:10:53 AM,1.00,1.34,307.5,-6.128,89.122,1069.350,-7.637
9033,12/31/25 05:20:53 AM,1.00,2.00,306.1,-6.281,88.153,1069.350,-7.929
9034,12/31/25 05:30:53 AM,1.00,1.67,299.0,-6.657,90.301,1069.350,-7.992
9035,12/31/25 05:40:53 AM,0.33,0.67,299.0,-6.110,88.579,1069.350,-7.698
9036,12/31/25 05:50:53 AM,0.00,0.00,299.0,-5.901,87.980,1069.350,-7.579
9037,12/31/25 06:00:53 AM,0.00,0.00,299.0,-6.094,88.080,1069.350,-7.755
9038,12/31/25 06:10:53 AM,0.00,0.00,299.0,-6.946,90.132,1069.350,-8.302
9039,12/31/25 06:20:53 AM,0.00,0.00,299.0,-7.053,91.167,1069.350,-8.261
9040,12/31/25 06:30:53 AM,0.00,0.00,299.0,-7.343,91.513,1069.350,-8.500
9041,12/31/25 06:40:53 AM,0.00,0.00,299.0,-7.292,92.241,1069.350,-8.348
9042,12/31/25 06:50:53 AM,0.00,0.00,300.4,-6.523,89.706,1069.350,-7.944
9043,12/31/25 07:00:53 AM,0.33,1.67,300.4,-6.909,89.540,1069.350,-8.350
9044,12/31/25 07:10:53 AM,1.00,1.34,317.3,-6.954,91.028,1069.350,-8.183
9045,12/31/25 07:20:53 AM,0.33,1.00,335.5,-6.287,88.443,1069.350,-7.893
9046,12/31/25 07:30:53 AM,0.00,0.00,335.5,-6.635,88.788,1069.350,-8.187
9047,12/31/25 07:40:53 AM,0.33,2.00,321.5,-7.190,91.048,1069.350,-8.414
9048,12/31/25 07:50:53 AM,1.00,1.67,349.6,-5.654,87.961,1069.350,-7.338
9049,12/31/25 08:00:53 AM,0.67,1.34,102.5,-6.383,87.167,1069.350,-8.174
9050,12/31/25 08:10:53 AM,0.33,1.34,141.8,-7.659,90.561,1069.350,-8.947
9051,12/31/25 08:20:53 AM,0.00,0.00,174.1,-8.421,93.236,1069.350,-9.333
9052,12/31/25 08:30:53 AM,0.00,0.00,294.8,-7.710,92.987,1069.350,-8.660
9053,12/31/25 08:40:53 AM,0.00,0.00,304.7,-7.338,91.872,1069.350,-8.445
9054,12/31/25 08:50:53 AM,0.00,0.00,304.7,-7.300,91.415,1069.350,-8.471
9055,12/31/25 09:00:53 AM,0.00,0.00,304.7,-6.976,90.478,1069.350,-8.282
9056,12/31/25 09:10:53 AM,0.67,1.34,304.7,-6.842,89.949,1069.350,-8.225
9057,12/31/25 09:20:53 AM,0.67,1.34,304.7,-6.871,89.787,1069.350,-8.277
9058,12/31/25 09:30:53 AM,0.00,0.00,304.7,-6.370,87.291,1069.350,-8.143
9059,12/31/25 09:40:53 AM,0.00,0.00,304.7,-5.742,85.881,1069.350,-7.734
9060,12/31/25 09:50:53 AM,0.33,1.00,304.7,-5.021,85.666,1069.350,-7.057
9061,12/31/25 10:00:53 AM,0.33,1.00,345.4,-4.812,85.051,1069.350,-6.944
9062,12/31/25 10:10:53 AM,0.33,1.00,112.3,-5.370,86.432,1069.350,-7.285
9063,12/31/25 10:20:53 AM,0.00,0.33,112.3,-4.257,83.105,1069.350,-6.700
9064,12/31/25 10:30:53 AM,0.67,1.34,251.3,-3.842,84.190,1069.350,-6.123
9065,12/31/25 10:40:53 AM,0.67,1.34,265.3,-3.040,83.394,1069.350,-5.461
9066,12/31/25 10:50:53 AM,0.33,1.34,240.1,-1.418,80.092,1069.350,-4.406
9067,12/31/25 11:00:53 AM,0.00,0.00,227.4,-0.455,77.061,1069.350,-3.980
9068,12/31/25 11:10:53 AM,0.00,0.00,179.7,0.633,73.625,1069.350,-3.534
9069,12/31/25 11:20:53 AM,0.67,1.67,134.8,0.427,75.488,1069.350,-3.399
9070,12/31/25 11:30:53 AM,1.34,2.00,141.8,0.775,73.178,1069.350,-3.478
9071,12/31/25 11:40:53 AM,1.00,2.34,148.8,0.837,71.621,1069.350,-3.705
9072,12/31/25 11:50:53 AM,0.33,1.34,127.8,1.872,67.762,1069.350,-3.450
9073,12/31/25 12:00:53 PM,0.67,1.34,124.9,2.188,66.509,1069.350,-3.397
9074,12/31/25 12:10:53 PM,0.67,1.67,112.3,2.303,67.123,1069.350,-3.164
9075,12/31/25 12:20:53 PM,1.34,2.34,130.6,2.558,67.573,1069.350,-2.831
9076,12/31/25 12:30:53 PM,1.67,2.34,129.2,2.660,68.486,1069.350,-2.553
9077,12/31/25 12:40:53 PM,1.34,2.67,126.4,3.054,67.237,1069.350,-2.423
9078,12/31/25 12:50:53 PM,1.34,2.34,127.8,3.912,64.077,1069.350,-2.255
9079,12/31/25 01:00:53 PM,1.67,2.67,116.5,4.164,63.281,1069.350,-2.184
9080,12/31/25 01:10:53 PM,2.00,3.01,120.7,4.587,62.351,1069.350,-1.983
9081,12/31/25 01:20:53 PM,2.34,3.67,113.7,4.373,62.672,1069.350,-2.116
9082,12/31/25 01:30:53 PM,2.00,3.34,117.9,4.893,62.069,1069.350,-1.754
9083,12/31/25 01:40:53 PM,2.00,3.34,99.7,5.247,61.024,1069.350,-1.649
9084,12/31/25 01:50:53 PM,1.67,3.01,102.5,5.987,60.246,1069.350,-1.125
9085,12/31/25 02:00:53 PM,2.34,3.67,98.3,6.467,58.480,1069.350,-1.078
9086,12/31/25 02:10:53 PM,2.67,4.34,88.4,7.161,52.998,1069.350,-1.768
9087,12/31/25 02:20:53 PM,3.01,4.68,95.5,7.016,54.136,1069.350,-1.615
9088,12/31/25 02:30:53 PM,3.34,4.34,94.1,6.716,53.304,1069.350,-2.104
9089,12/31/25 02:40:53 PM,3.01,4.68,96.9,6.797,54.975,1069.350,-1.610
9090,12/31/25 02:50:53 PM,3.01,4.68,99.7,6.869,54.955,1069.350,-1.548
9091,12/31/25 03:00:53 PM,2.67,5.01,98.3,6.483,55.920,1069.350,-1.672
9092,12/31/25 03:10:53 PM,3.01,4.68,96.9,5.478,57.646,1069.350,-2.203
9093,12/31/25 03:20:53 PM,2.34,3.67,103.9,5.284,61.170,1069.350,-1.582
9094,12/31/25 03:30:53 PM,2.67,4.34,95.5,5.520,59.255,1069.350,-1.791
9095,12/31/25 03:40:53 PM,3.01,4.68,89.9,5.523,57.438,1069.350,-2.209
9096,12/31/25 03:50:53 PM,2.34,3.67,89.9,6.319,57.826,1069.350,-1.371
9097,12/31/25 04:00:53 PM,2.34,3.34,99.7,6.998,57.176,1069.350,-0.887
9098,12/31/25 04:10:53 PM,2.00,3.34,95.5,6.301,59.254,1069.350,-1.055
9099,12/31/25 04:20:53 PM,2.00,3.01,88.4,6.502,58.491,1069.350,-1.043
9100,12/31/25 04:30:53 PM,1.34,2.34,92.7,6.644,58.996,1069.350,-0.792
9101,12/31/25 04:40:53 PM,1.67,2.67,96.9,6.003,61.305,1069.350,-0.872
9102,12/31/25 04:50:53 PM,1.34,2.34,89.9,5.646,63.305,1069.350,-0.771
9103,12/31/25 05:00:53 PM,0.33,1.34,98.3,5.234,65.191,1069.350,-0.762
9104,12/31/25 05:10:53 PM,0.00,0.00,98.3,4.936,65.536,1069.350,-0.974
9105,12/31/25 05:20:53 PM,0.00,0.00,98.3,4.826,65.493,1069.350,-1.088
9106,12/31/25 05:30:53 PM,0.00,0.00,98.3,4.638,66.430,1069.350,-1.073
9107,12/31/25 05:40:53 PM,0.00,0.00,98.3,4.362,67.630,1069.350,-1.093
9108,12/31/25 05:50:53 PM,0.00,0.00,98.3,4.078,68.548,1069.350,-1.181
9109,12/31/25 06:00:53 PM,0.00,0.00,98.3,3.982,68.328,1069.350,-1.317
9110,12/31/25 06:10:53 PM,0.00,0.00,98.3,3.912,68.312,1069.350,-1.387
9111,12/31/25 06:20:53 PM,0.00,0.00,98.3,3.735,68.902,1069.350,-1.440
9112,12/31/25 06:30:53 PM,0.00,0.00,98.3,3.486,69.668,1069.350,-1.529
9113,12/31/25 06:40:53 PM,0.00,0.00,98.3,3.440,69.715,1069.350,-1.564
9114,12/31/25 06:50:53 PM,0.00,0.00,98.3,3.236,70.509,1069.350,-1.606
9115,12/31/25 07:00:53 PM,0.00,0.00,98.3,3.148,70.748,1069.350,-1.644
9116,12/31/25 07:10:53 PM,0.00,0.00,98.3,2.882,71.423,1069.350,-1.772
9117,12/31/25 07:20:53 PM,0.00,0.00,98.3,2.435,73.114,1069.350,-1.886
9118,12/31/25 07:30:53 PM,0.00,0.00,98.3,2.030,74.270,1069.350,-2.065
9119,12/31/25 07:40:53 PM,0.00,0.00,70.2,2.335,72.903,1069.350,-2.021
9120,12/31/25 07:50:53 PM,0.00,0.00,0.0,2.569,71.905,1069.350,-1.982
9121,12/31/25 08:00:53 PM,0.00,0.00,0.0,3.006,69.967,1069.350,-1.932
9122,12/31/25 08:10:53 PM,0.00,0.00,0.0,2.520,71.608,1069.350,-2.085
9123,12/31/25 08:20:53 PM,0.00,0.00,0.0,2.271,72.287,1069.350,-2.198
9124,12/31/25 08:30:53 PM,0.00,0.00,0.0,2.113,72.572,1069.350,-2.297
9125,12/31/25 08:40:53 PM,0.00,0.00,0.0,1.856,73.033,1069.350,-2.460
9126,12/31/25 08:50:53 PM,0.00,0.00,0.0,1.499,73.944,1069.350,-2.638
9127,12/31/25 09:00:53 PM,0.33,1.34,355.2,0.759,76.376,1069.350,-2.920
9128,12/31/25 09:10:53 PM,0.67,1.34,352.4,-0.346,80.783,1069.350,-3.244
9129,12/31/25 09:20:53 PM,1.00,1.34,329.9,-0.614,81.862,1069.350,-3.329
9130,12/31/25 09:30:53 PM,0.67,1.34,325.7,-0.163,79.947,1069.350,-3.205
9131,12/31/25 09:40:53 PM,1.00,1.34,325.7,-0.590,80.774,1069.350,-3.484
9132,12/31/25 09:50:53 PM,0.67,1.34,325.7,-0.335,80.327,1069.350,-3.309
9133,12/31/25 10:00:53 PM,0.67,1.00,325.7,-0.445,80.447,1069.350,-3.397
9134,12/31/25 10:10:53 PM,0.67,1.34,325.7,-1.051,82.123,1069.350,-3.714
9135,12/31/25 10:20:53 PM,0.33,1.00,325.7,-0.045,78.636,1069.350,-3.311
9136,12/31/25 10:30:53 PM,1.00,1.67,317.3,-0.592,81.112,1069.350,-3.430
9137,12/31/25 10:40:53 PM,1.34,1.67,299.0,-1.096,84.358,1069.350,-3.400
9138,12/31/25 10:50:53 PM,1.00,1.34,283.6,-0.201,81.723,1069.350,-2.947
9139,12/31/25 11:00:53 PM,1.00,1.00,283.6,0.019,80.749,1069.350,-2.893
9140,12/31/25 11:10:53 PM,0.33,1.00,283.6,0.327,79.417,1069.350,-2.816
9141,12/31/25 11:20:53 PM,0.00,0.00,283.6,0.633,77.499,1069.350,-2.847
9142,12/31/25 11:30:53 PM,0.00,0.00,283.6,0.939,74.961,1069.350,-2.997
9143,12/31/25 11:40:53 PM,0.00,0.00,283.6,0.813,77.476,1069.350,-2.675
9144,12/31/25 11:50:53 PM,0.67,1.00,324.3,0.713,78.143,1069.350,-2.657
9145,01/01/26 12:00:53 AM,0.67,1.00,334.1,0.646,79.039,1069.350,-2.569
9146,01/01/26 12:10:53 AM,0.33,1.00,334.1,0.719,78.242,1069.350,-2.635
9147,01/01/26 12:20:53 AM,0.00,0.00,334.1,0.665,78.613,1069.350,-2.623
9148,01/01/26 12:30:53 AM,0.00,0.00,334.1,1.062,74.612,1069.350,-2.940
9149,01/01/26 12:40:53 AM,0.00,0.00,334.1,1.193,74.250,1069.350,-2.879
9150,01/01/26 12:50:53 AM,0.33,1.67,338.3,1.188,73.869,1069.350,-2.953
9151,01/01/26 01:00:53 AM,0.67,1.67,14.0,1.376,72.285,1069.350,-3.062
9152,01/01/26 01:10:53 AM,0.00,0.00,14.0,1.472,71.618,1069.350,-3.094
9153,01/01/26 01:20:53 AM,0.00,0.00,14.0,1.327,72.779,1069.350,-3.018
9154,01/01/26 01:30:53 AM,0.67,1.34,8.4,1.301,74.250,1069.350,-2.774
9155,01/01/26 01:40:53 AM,0.33,0.67,355.2,1.228,75.167,1069.350,-2.680
9156,01/01/26 01:50:53 AM,0.00,0.00,355.2,1.293,74.766,1069.350,-2.689
9157,01/01/26 02:00:53 AM,0.33,1.34,342.6,1.118,75.702,1069.350,-2.691
9158,01/01/26 02:10:53 AM,1.00,1.34,283.6,0.797,78.082,1069.350,-2.586
9159,01/01/26 02:20:53 AM,0.33,1.00,283.6,0.561,80.621,1069.350,-2.385
9160,01/01/26 02:30:53 AM,0.67,1.34,283.6,0.427,82.538,1069.350,-2.199
9161,01/01/26 02:40:53 AM,0.33,1.34,283.6,0.351,83.648,1069.350,-2.093
9162,01/01/26 02:50:53 AM,0.67,1.00,283.6,0.322,84.009,1069.350,-2.063
9163,01/01/26 03:00:53 AM,1.00,1.34,285.0,0.292,84.425,1069.350,-2.026
9164,01/01/26 03:10:53 AM,0.67,1.34,306.1,0.536,81.672,1069.350,-2.235
9165,01/01/26 03:20:53 AM,1.00,1.67,331.3,1.038,75.979,1069.350,-2.719
9166,01/01/26 03:30:53 AM,1.00,1.34,348.2,1.499,72.058,1069.350,-2.985
9167,01/01/26 03:40:53 AM,0.33,2.00,14.0,1.638,71.969,1069.350,-2.868
9168,01/01/26 03:50:53 AM,0.33,2.00,164.3,1.057,76.614,1069.350,-2.589
9169,01/01/26 04:00:53 AM,0.33,1.34,158.6,1.081,76.765,1069.350,-2.539
9170,01/01/26 04:10:53 AM,0.00,0.00,158.6,1.113,75.909,1069.350,-2.659
9171,01/01/26 04:20:53 AM,0.00,0.00,158.6,0.864,78.872,1069.350,-2.385
9172,01/01/26 04:30:53 AM,0.00,0.00,158.6,0.896,77.745,1069.350,-2.548
9173,01/01/26 04:40:53 AM,0.00,0.00,158.6,0.976,77.299,1069.350,-2.548
9174,01/01/26 04:50:53 AM,0.00,0.00,158.6,0.515,81.892,1069.350,-2.219
9175,01/01/26 05:00:53 AM,0.00,0.00,158.6,0.410,81.860,1069.350,-2.327
9176,01/01/26 05:10:53 AM,0.00,0.00,158.6,0.421,82.502,1069.350,-2.211
9177,01/01/26 05:20:53 AM,0.33,1.34,103.9,0.335,82.089,1069.350,-2.363
9178,01/01/26 05:30:53 AM,0.00,0.00,84.2,0.494,79.246,1069.350,-2.682
9179,01/01/26 05:40:53 AM,1.00,3.01,44.9,0.770,76.735,1069.350,-2.847
9180,01/01/26 05:50:53 AM,1.00,2.00,73.0,0.866,76.478,1069.350,-2.798
9181,01/01/26 06:00:53 AM,1.00,1.67,122.1,0.413,80.053,1069.350,-2.625
9182,01/01/26 06:10:53 AM,0.33,1.34,119.3,0.166,82.708,1069.350,-2.427
9183,01/01/26 06:20:53 AM,0.00,0.00,119.3,0.175,82.823,1069.350,-2.399
9184,01/01/26 06:30:53 AM,0.00,0.00,119.3,0.413,81.595,1069.350,-2.368
9185,01/01/26 06:40:53 AM,0.00,1.00,92.7,0.472,81.672,1069.350,-2.297
9186,01/01/26 06:50:53 AM,0.33,0.67,63.2,0.587,81.093,1069.350,-2.281
9187,01/01/26 07:00:53 AM,0.00,1.00,77.2,0.813,79.654,1069.350,-2.302
9188,01/01/26 07:10:53 AM,0.33,1.00,77.2,1.054,78.001,1069.350,-2.350
9189,01/01/26 07:20:53 AM,0.00,0.33,77.2,1.303,76.100,1069.350,-2.441
9190,01/01/26 07:30:53 AM,0.67,1.34,64.6,1.263,76.600,1069.350,-2.391
9191,01/01/26 07:40:53 AM,1.00,2.00,150.2,0.990,79.193,1069.350,-2.208
9192,01/01/26 07:50:53 AM,0.33,1.67,200.8,0.797,80.322,1069.350,-2.205
9193,01/01/26 08:00:53 AM,0.00,1.00,200.8,0.941,79.275,1069.350,-2.241
9194,01/01/26 08:10:53 AM,0.00,0.00,200.8,0.936,79.295,1069.350,-2.243
9195,01/01/26 08:20:53 AM,0.00,0.00,200.8,1.175,76.902,1069.350,-2.424
9196,01/01/26 08:30:53 AM,0.00,0.00,200.8,1.349,76.069,1069.350,-2.402
9197,01/01/26 08:40:53 AM,0.00,0.00,200.8,1.129,77.783,1069.350,-2.315
9198,01/01/26 08:50:53 AM,0.00,0.00,200.8,0.888,79.718,1069.350,-2.218
9199,01/01/26 09:00:53 AM,0.00,0.00,200.8,0.802,79.774,1069.350,-2.292
9200,01/01/26 09:10:53 AM,0.00,0.00,178.3,1.038,78.325,1069.350,-2.310
9201,01/01/26 09:20:53 AM,0.00,0.00,91.3,0.987,79.071,1069.350,-2.231
9202,01/01/26 09:30:53 AM,0.00,0.00,91.3,1.065,78.569,1069.350,-2.241
9203,01/01/26 09:40:53 AM,0.33,1.00,106.7,1.062,79.622,1069.350,-2.064
9204,01/01/26 09:50:53 AM,0.33,1.00,168.5,0.949,81.305,1069.350,-1.892
9205,01/01/26 10:00:53 AM,0.00,0.33,168.5,1.000,81.878,1069.350,-1.747
9206,01/01/26 10:10:53 AM,0.67,1.34,109.5,1.049,81.457,1069.350,-1.768
9207,01/01/26 10:20:53 AM,0.00,1.34,78.6,1.180,81.399,1069.350,-1.650
9208,01/01/26 10:30:53 AM,1.34,2.00,122.1,1.102,83.412,1069.350,-1.394
9209,01/01/26 10:40:53 AM,2.34,3.67,144.6,0.995,85.618,1069.350,-1.144
9210,01/01/26 10:50:53 AM,2.34,3.67,133.4,1.014,83.743,1069.350,-1.427
9211,01/01/26 11:00:53 AM,2.00,3.67,92.7,1.217,81.828,1069.350,-1.542
9212,01/01/26 11:10:53 AM,2.00,3.01,89.9,1.405,81.067,1069.350,-1.486
9213,01/01/26 11:20:53 AM,2.00,3.67,98.3,1.062,84.518,1069.350,-1.254
9214,01/01/26 11:30:53 AM,2.34,3.67,94.1,0.716,87.761,1069.350,-1.082
9215,01/01/26 11:40:53 AM,2.00,3.34,99.7,0.681,89.017,1069.350,-0.923
9216,01/01/26 11:50:53 AM,1.67,2.34,106.7,0.799,89.715,1069.350,-0.699
9217,01/01/26 12:00:53 PM,1.67,2.67,94.1,0.998,89.023,1069.350,-0.608
9218,01/01/26 12:10:53 PM,2.00,3.34,80.0,1.140,87.480,1069.350,-0.707
9219,01/01/26 12:20:53 PM,1.67,2.67,66.0,1.295,86.181,1069.350,-0.759
9220,01/01/26 12:30:53 PM,1.34,2.00,66.0,1.705,83.435,1069.350,-0.799
9221,01/01/26 12:40:53 PM,1.34,2.67,70.2,2.416,79.940,1069.350,-0.689
9222,01/01/26 12:50:53 PM,1.34,2.34,96.9,2.673,78.499,1069.350,-0.687
9223,01/01/26 01:00:53 PM,1.67,2.34,112.3,2.539,78.468,1069.350,-0.823
9224,01/01/26 01:10:53 PM,2.00,3.34,94.1,2.587,75.256,1069.350,-1.347
9225,01/01/26 01:20:53 PM,1.67,2.67,108.1,2.550,76.571,1069.350,-1.147
9226,01/01/26 01:30:53 PM,2.00,2.67,94.1,2.727,75.137,1069.350,-1.233
9227,01/01/26 01:40:53 PM,2.00,3.67,95.5,2.915,75.319,1069.350,-1.017
9228,01/01/26 01:50:53 PM,2.67,4.34,94.1,2.435,78.703,1069.350,-0.884
9229,01/01/26 02:00:53 PM,3.01,5.01,84.2,2.051,83.137,1069.350,-0.509
9230,01/01/26 02:10:53 PM,3.34,4.68,71.6,1.609,87.716,1069.350,-0.208
9231,01/01/26 02:20:53 PM,2.67,4.01,77.2,1.360,90.999,1069.350,0.051
9232,01/01/26 02:30:53 PM,2.00,3.67,78.6,1.102,94.110,1069.350,0.258
9233,01/01/26 02:40:53 PM,2.00,3.01,70.2,0.984,95.897,1069.350,0.401
9234,01/01/26 02:50:53 PM,1.67,3.01,68.8,0.925,97.046,1069.350,0.506
9235,01/01/26 03:00:53 PM,2.00,3.01,71.6,0.778,97.859,1069.350,0.475
9236,01/01/26 03:10:53 PM,1.67,2.67,74.4,0.738,98.309,1069.350,0.498
9237,01/01/26 03:20:53 PM,1.67,2.67,68.8,0.649,98.711,1069.350,0.466
9238,01/01/26 03:30:53 PM,1.34,2.34,75.8,0.649,99.133,1069.350,0.525
9239,01/01/26 03:40:53 PM,1.34,2.34,80.0,0.657,99.165,1069.350,0.537
9240,01/01/26 03:50:53 PM,1.34,2.67,73.0,0.705,99.298,1069.350,0.604
9241,01/01/26 04:00:53 PM,2.00,3.01,73.0,0.687,99.319,1069.350,0.589
9242,01/01/26 04:10:53 PM,1.67,2.67,73.0,0.628,99.724,1069.350,0.586
9243,01/01/26 04:20:53 PM,1.34,2.34,77.2,0.579,99.927,1069.350,0.565
9244,01/01/26 04:30:53 PM,1.67,2.34,71.6,0.491,99.997,1069.350,0.486
9245,01/01/26 04:40:53 PM,1.34,2.00,77.2,0.427,99.997,1069.350,0.422
9246,01/01/26 04:50:53 PM,1.00,2.00,78.6,0.381,99.997,1069.350,0.376
9247,01/01/26 05:00:53 PM,1.00,1.67,80.0,0.298,99.997,1069.350,0.293
9248,01/01/26 05:10:53 PM,0.67,1.67,81.4,0.223,99.997,1069.350,0.218
9249,01/01/26 05:20:53 PM,0.00,1.34,89.9,0.183,99.997,1069.350,0.178
9250,01/01/26 05:30:53 PM,0.00,1.34,81.4,0.158,99.997,1069.350,0.153
9251,01/01/26 05:40:53 PM,1.67,2.34,71.6,0.124,99.997,1069.350,0.119
9252,01/01/26 05:50:53 PM,1.00,1.67,91.3,0.110,99.997,1069.350,0.105
9253,01/01/26 06:00:53 PM,0.67,1.00,103.9,0.073,99.997,1069.350,0.068
9254,01/01/26 06:10:53 PM,0.67,1.34,99.7,0.022,99.997,1069.350,0.017
9255,01/01/26 06:20:53 PM,0.33,1.00,95.5,0.006,99.997,1069.350,0.001
9256,01/01/26 06:30:53 PM,0.33,1.00,92.7,0.006,99.997,1069.350,0.001
9257,01/01/26 06:40:53 PM,0.33,1.00,92.7,0.000,99.997,1069.350,-0.005
9258,01/01/26 06:50:53 PM,0.00,0.00,92.7,-0.021,99.997,1069.350,-0.026
9259,01/01/26 07:00:53 PM,0.33,1.67,82.8,-0.002,99.997,1069.350,-0.007
9260,01/01/26 07:10:53 PM,0.67,1.34,151.6,0.016,99.997,1069.350,0.011
9261,01/01/26 07:20:53 PM,2.00,3.34,70.2,0.113,99.997,1069.350,0.108
9262,01/01/26 07:30:53 PM,0.67,2.67,106.7,0.185,99.997,1069.350,0.180
9263,01/01/26 07:40:53 PM,1.34,3.01,68.8,0.140,99.997,1069.350,0.135
9264,01/01/26 07:50:53 PM,1.00,1.67,84.2,0.102,99.997,1069.350,0.097
9265,01/01/26 08:00:53 PM,0.67,1.67,81.4,0.073,99.997,1069.350,0.068
9266,01/01/26 08:10:53 PM,0.67,1.34,78.6,0.040,99.997,1069.350,0.035
9267,01/01/26 08:20:53 PM,0.67,1.34,80.0,0.016,99.997,1069.350,0.011
9268,01/01/26 08:30:53 PM,0.67,1.34,85.6,-0.016,99.997,1069.350,-0.021
9269,01/01/26 08:40:53 PM,0.33,1.00,82.8,-0.021,99.997,1069.350,-0.026
9270,01/01/26 08:50:53 PM,0.00,0.00,81.4,-0.024,99.997,1069.350,-0.029
9271,01/01/26 09:00:53 PM,0.00,0.00,81.4,-0.018,99.997,1069.350,-0.023
9272,01/01/26 09:10:53 PM,0.00,0.00,81.4,-0.016,99.997,1069.350,-0.021
9273,01/01/26 09:20:53 PM,0.00,0.00,81.4,-0.027,99.997,1069.350,-0.032
9274,01/01/26 09:30:53 PM,0.00,0.00,84.2,-0.037,99.997,1069.350,-0.042
9275,01/01/26 09:40:53 PM,0.00,0.00,84.2,-0.029,99.997,1069.350,-0.034
9276,01/01/26 09:50:53 PM,0.00,0.00,84.2,-0.035,99.997,1069.350,-0.040
9277,01/01/26 10:00:53 PM,0.00,0.00,84.2,-0.027,99.997,1069.350,-0.032
9278,01/01/26 10:10:53 PM,0.00,0.00,84.2,-0.051,99.997,1069.350,-0.056
9279,01/01/26 10:20:53 PM,0.00,0.00,84.2,-0.037,99.997,1069.350,-0.042
9280,01/01/26 10:30:53 PM,0.00,0.00,84.2,-0.024,99.997,1069.350,-0.029
9281,01/01/26 10:40:53 PM,0.00,0.00,84.2,-0.027,99.997,1069.350,-0.032
9282,01/01/26 10:50:53 PM,0.00,0.00,84.2,-0.027,99.997,1069.350,-0.032
9283,01/01/26 11:00:53 PM,0.00,0.00,84.2,-0.005,99.997,1069.350,-0.010
9284,01/01/26 11:10:53 PM,0.00,0.00,84.2,-0.002,99.997,1069.350,-0.007
9285,01/01/26 11:20:53 PM,0.00,0.00,84.2,0.006,99.997,1069.350,0.001
9286,01/01/26 11:30:53 PM,0.00,0.00,84.2,-0.002,99.997,1069.350,-0.007
9287,01/01/26 11:40:53 PM,0.00,0.00,84.2,0.014,99.997,1069.350,0.009
9288,01/01/26 11:50:53 PM,0.00,0.00,85.6,0.038,99.997,1069.350,0.033
9289,01/02/26 12:00:53 AM,0.00,0.00,85.6,0.046,99.997,1069.350,0.041
9290,01/02/26 12:10:53 AM,0.00,0.00,85.6,0.057,99.997,1069.350,0.052
9291,01/02/26 12:20:53 AM,0.00,0.00,85.6,0.062,99.997,1069.350,0.057
9292,01/02/26 12:30:53 AM,0.33,1.00,115.1,0.067,99.997,1069.350,0.062
9293,01/02/26 12:40:53 AM,0.33,0.67,158.6,0.040,99.997,1069.350,0.035
9294,01/02/26 12:50:53 AM,0.00,0.00,165.7,0.051,99.997,1069.350,0.046
9295,01/02/26 01:00:53 AM,0.00,0.00,240.1,0.083,99.997,1069.350,0.078
9296,01/02/26 01:10:53 AM,0.00,0.00,244.3,0.121,99.997,1069.350,0.116
9297,01/02/26 01:20:53 AM,0.00,0.00,244.3,0.169,99.997,1069.350,0.164
9298,01/02/26 01:30:53 AM,0.00,0.00,244.3,0.191,99.997,1069.350,0.186
9299,01/02/26 01:40:53 AM,0.00,0.00,244.3,0.137,99.997,1069.350,0.132
9300,01/02/26 01:50:53 AM,0.00,0.00,244.3,0.161,99.997,1069.350,0.156
9301,01/02/26 02:00:53 AM,0.00,0.00,244.3,0.225,99.997,1069.350,0.220
9302,01/02/26 02:10:53 AM,0.00,0.00,244.3,0.271,99.997,1069.350,0.266
9303,01/02/26 02:20:53 AM,1.00,1.67,244.3,0.467,99.997,1069.350,0.462
9304,01/02/26 02:30:53 AM,1.34,2.00,247.1,0.502,99.997,1069.350,0.497
9305,01/02/26 02:40:53 AM,1.00,1.34,254.1,0.397,99.997,1069.350,0.392
9306,01/02/26 02:50:53 AM,1.00,1.67,255.5,0.376,99.997,1069.350,0.371
9307,01/02/26 03:00:53 AM,1.34,2.00,248.5,0.416,99.997,1069.350,0.411
9308,01/02/26 03:10:53 AM,1.34,2.34,241.5,0.400,99.997,1069.350,0.395
9309,01/02/26 03:20:53 AM,1.67,2.34,247.1,0.461,99.997,1069.350,0.456
9310,01/02/26 03:30:53 AM,1.67,2.34,252.7,0.507,99.997,1069.350,0.502
9311,01/02/26 03:40:53 AM,1.34,2.34,263.9,0.467,99.997,1069.350,0.462
9312,01/02/26 03:50:53 AM,1.34,2.34,252.7,0.427,99.997,1069.350,0.422
9313,01/02/26 04:00:53 AM,1.67,2.67,263.9,0.464,99.997,1069.350,0.459
9314,01/02/26 04:10:53 AM,1.00,1.67,279.4,0.459,99.997,1069.350,0.454
9315,01/02/26 04:20:53 AM,1.00,2.00,276.6,0.542,99.997,1069.350,0.537
9316,01/02/26 04:30:53 AM,1.67,2.34,273.8,0.660,99.997,1069.350,0.656
9317,01/02/26 04:40:53 AM,1.67,2.34,261.1,0.673,99.997,1069.350,0.669
9318,01/02/26 04:50:53 AM,1.67,2.34,259.7,0.569,99.997,1069.350,0.565
9319,01/02/26 05:00:53 AM,1.67,2.67,259.7,0.582,99.997,1069.350,0.578
9320,01/02/26 05:10:53 AM,2.00,2.67,256.9,0.644,99.997,1069.350,0.640
9321,01/02/26 05:20:53 AM,2.00,3.01,254.1,0.668,99.997,1069.350,0.664
9322,01/02/26 05:30:53 AM,2.00,3.01,249.9,0.687,99.997,1069.350,0.683
9323,01/02/26 05:40:53 AM,2.00,2.67,248.5,0.738,99.997,1069.350,0.734
9324,01/02/26 05:50:53 AM,2.00,2.67,249.9,0.756,99.997,1069.350,0.752
9325,01/02/26 06:00:53 AM,2.00,2.67,249.9,0.727,99.997,1069.350,0.723
9326,01/02/26 06:10:53 AM,2.00,2.67,251.3,0.689,99.997,1069.350,0.685
9327,01/02/26 06:20:53 AM,2.00,2.67,255.5,0.684,99.997,1069.350,0.680
9328,01/02/26 06:30:53 AM,1.67,2.34,261.1,0.654,99.997,1069.350,0.650
9329,01/02/26 06:40:53 AM,2.00,2.34,258.3,0.775,99.997,1069.350,0.771
9330,01/02/26 06:50:53 AM,1.34,2.00,268.1,0.904,99.997,1069.350,0.900
9331,01/02/26 07:00:53 AM,1.34,1.67,278.0,0.845,99.997,1069.350,0.841
9332,01/02/26 07:10:53 AM,0.67,1.67,276.6,0.912,99.997,1069.350,0.908
9333,01/02/26 07:20:53 AM,0.67,1.34,276.6,0.872,99.997,1069.350,0.868
9334,01/02/26 07:30:53 AM,0.33,1.00,276.6,1.011,99.997,1069.350,1.007
9335,01/02/26 07:40:53 AM,0.00,0.00,276.6,1.156,99.997,1069.350,1.152
9336,01/02/26 07:50:53 AM,0.00,0.67,276.6,1.330,99.997,1069.350,1.327
9337,01/02/26 08:00:53 AM,0.00,0.00,276.6,1.196,99.997,1069.350,1.193
9338,01/02/26 08:10:53 AM,0.00,0.33,276.6,1.274,99.997,1069.350,1.271
9339,01/02/26 08:20:53 AM,0.67,2.34,275.2,1.662,99.997,1069.350,1.659
9340,01/02/26 08:30:53 AM,1.00,2.67,263.9,2.003,99.997,1069.350,2.001
9341,01/02/26 08:40:53 AM,2.67,4.34,275.2,2.362,99.997,1069.350,2.360
9342,01/02/26 08:50:53 AM,3.01,4.34,272.4,2.400,99.997,1069.350,2.398
9343,01/02/26 09:00:53 AM,3.67,5.68,276.6,2.700,99.997,1069.350,2.699
9344,01/02/26 09:10:53 AM,3.01,5.34,280.8,2.904,99.997,1069.350,2.903
9345,01/02/26 09:20:53 AM,2.00,4.01,273.8,2.585,99.997,1069.350,2.584
9346,01/02/26 09:30:53 AM,1.67,3.01,268.1,2.604,99.997,1069.350,2.603
9347,01/02/26 09:40:53 AM,1.34,2.00,256.9,2.574,99.997,1069.350,2.573
9348,01/02/26 09:50:53 AM,1.67,2.67,238.7,2.437,99.997,1069.350,2.436
9349,01/02/26 10:00:53 AM,2.34,3.67,241.5,2.614,99.997,1069.350,2.613
9350,01/02/26 10:10:53 AM,2.67,4.01,247.1,2.692,99.997,1069.350,2.691
9351,01/02/26 10:20:53 AM,2.34,3.67,256.9,2.877,99.997,1069.350,2.876
9352,01/02/26 10:30:53 AM,2.34,3.01,272.4,2.676,99.997,1069.350,2.675
9353,01/02/26 10:40:53 AM,2.00,3.34,278.0,2.850,99.997,1069.350,2.849
9354,01/02/26 10:50:53 AM,1.67,2.00,299.0,3.022,99.997,1069.350,3.021
9355,01/02/26 11:00:53 AM,1.00,2.00,299.0,3.354,99.997,1069.350,3.354
9356,01/02/26 11:10:53 AM,0.67,1.67,262.5,3.561,99.997,1069.350,3.561
9357,01/02/26 11:20:53 AM,0.00,1.00,261.1,3.885,99.997,1069.350,3.886
9358,01/02/26 11:30:53 AM,0.67,1.67,290.6,4.041,99.928,1069.350,4.032
9359,01/02/26 11:40:53 AM,1.34,2.67,315.9,4.373,99.034,1069.350,4.237
9360,01/02/26 11:50:53 AM,1.34,2.34,292.0,4.719,98.074,1069.350,4.443
9361,01/02/26 12:00:53 PM,1.34,2.67,266.7,5.081,97.876,1069.350,4.776
9362,01/02/26 12:10:53 PM,1.67,2.67,261.1,5.156,97.388,1069.350,4.780
9363,01/02/26 12:20:53 PM,1.67,2.67,276.6,5.700,95.520,1069.350,5.044
9364,01/02/26 12:30:53 PM,2.00,3.01,282.2,5.877,93.440,1069.350,4.905
9365,01/02/26 12:40:53 PM,2.34,3.01,280.8,5.687,93.585,1069.350,4.738
9366,01/02/26 12:50:53 PM,2.00,3.34,262.5,5.856,94.237,1069.350,5.006
9367,01/02/26 01:00:53 PM,2.34,3.34,266.7,5.939,93.506,1069.350,4.976
9368,01/02/26 01:10:53 PM,2.00,3.34,269.6,5.866,93.368,1069.350,4.883
9369,01/02/26 01:20:53 PM,2.00,3.34,276.6,6.014,92.341,1069.350,4.871
9370,01/02/26 01:30:53 PM,2.00,3.01,283.6,6.191,91.145,1069.350,4.860
9371,01/02/26 01:40:53 PM,2.34,4.34,280.8,6.732,89.271,1069.350,5.097
9372,01/02/26 01:50:53 PM,3.01,4.68,273.8,6.309,88.707,1069.350,4.588
9373,01/02/26 02:00:53 PM,2.34,3.67,271.0,6.295,89.709,1069.350,4.735
9374,01/02/26 02:10:53 PM,3.01,4.34,278.0,6.553,87.553,1069.350,4.642
9375,01/02/26 02:20:53 PM,3.01,4.34,276.6,6.998,86.224,1069.350,4.861
9376,01/02/26 02:30:53 PM,3.01,4.34,289.2,7.386,84.675,1069.350,4.983
9377,01/02/26 02:40:53 PM,3.34,5.68,318.7,7.512,84.921,1069.350,5.148
9378,01/02/26 02:50:53 PM,2.67,4.01,322.9,7.783,83.973,1069.350,5.253
9379,01/02/26 03:00:53 PM,2.34,3.67,338.3,7.343,84.074,1069.350,4.838
9380,01/02/26 03:10:53 PM,2.00,3.34,315.9,6.982,85.139,1069.350,4.664
9381,01/02/26 03:20:53 PM,2.34,3.67,306.1,7.499,82.579,1069.350,4.734
9382,01/02/26 03:30:53 PM,2.67,3.67,321.5,7.518,82.074,1069.350,4.665
9383,01/02/26 03:40:53 PM,2.67,4.01,318.7,7.555,81.495,1069.350,4.600
9384,01/02/26 03:50:53 PM,2.34,3.67,321.5,7.148,82.483,1069.350,4.374
9385,01/02/26 04:00:53 PM,2.00,3.01,329.9,7.228,82.437,1069.350,4.444
9386,01/02/26 04:10:53 PM,1.67,2.67,322.9,7.051,83.166,1069.350,4.397
9387,01/02/26 04:20:53 PM,2.67,4.01,331.3,7.118,83.239,1069.350,4.475
9388,01/02/26 04:30:53 PM,3.01,4.01,331.3,7.298,82.080,1069.350,4.451
9389,01/02/26 04:40:53 PM,2.34,3.34,327.1,7.097,82.481,1069.350,4.324
9390,01/02/26 04:50:53 PM,2.67,3.34,331.3,7.081,82.469,1069.350,4.306
9391,01/02/26 05:00:53 PM,1.34,2.67,328.5,7.236,81.715,1069.350,4.326
9392,01/02/26 05:10:53 PM,1.00,1.67,317.3,7.352,80.191,1069.350,4.171
9393,01/02/26 05:20:53 PM,1.34,2.34,308.9,6.545,82.528,1069.350,3.791
9394,01/02/26 05:30:53 PM,1.00,1.34,304.7,5.697,85.405,1069.350,3.445
9395,01/02/26 05:40:53 PM,1.00,1.67,306.1,5.016,87.477,1069.350,3.114
9396,01/02/26 05:50:53 PM,0.67,1.67,299.0,3.826,90.669,1069.350,2.443
9397,01/02/26 06:00:53 PM,0.00,1.00,301.8,3.451,92.950,1069.350,2.420
9398,01/02/26 06:10:53 PM,0.00,0.00,301.8,3.327,93.524,1069.350,2.384
9399,01/02/26 06:20:53 PM,0.00,0.00,320.1,3.191,93.727,1069.350,2.279
9400,01/02/26 06:30:53 PM,0.33,1.34,342.6,3.250,93.216,1069.350,2.261
9401,01/02/26 06:40:53 PM,1.00,1.34,324.3,2.405,94.688,1069.350,1.640
9402,01/02/26 06:50:53 PM,1.00,1.67,341.2,2.196,95.781,1069.350,1.592
9403,01/02/26 07:00:53 PM,0.67,1.00,352.4,2.494,95.746,1069.350,1.884
9404,01/02/26 07:10:53 PM,0.67,1.67,315.9,2.384,94.760,1069.350,1.629
9405,01/02/26 07:20:53 PM,1.34,1.67,266.7,1.392,96.701,1069.350,0.923
9406,01/02/26 07:30:53 PM,1.34,1.67,282.2,0.982,97.815,1069.350,0.672
9407,01/02/26 07:40:53 PM,1.00,1.34,285.0,1.689,97.783,1069.350,1.374
9408,01/02/26 07:50:53 PM,1.00,1.67,335.5,1.799,96.783,1069.350,1.341
9409,01/02/26 08:00:53 PM,1.00,1.67,342.6,1.807,96.930,1069.350,1.370
9410,01/02/26 08:10:53 PM,0.00,0.67,342.6,1.735,97.144,1069.350,1.329
9411,01/02/26 08:20:53 PM,0.00,0.00,342.6,1.402,97.548,1069.350,1.054
9412,01/02/26 08:30:53 PM,0.00,0.00,342.6,1.309,97.807,1069.350,0.998
9413,01/02/26 08:40:53 PM,0.00,0.00,342.6,0.858,97.671,1069.350,0.528
9414,01/02/26 08:50:53 PM,0.00,0.00,342.6,0.201,99.542,1069.350,0.133
9415,01/02/26 09:00:53 PM,0.00,0.00,342.6,0.684,99.992,1069.350,0.679
9416,01/02/26 09:10:53 PM,0.00,0.00,342.6,1.062,99.162,1069.350,0.942
9417,01/02/26 09:20:53 PM,0.00,0.00,9.8,0.805,99.478,1069.350,0.729
9418,01/02/26 09:30:53 PM,0.00,1.34,15.4,0.920,99.997,1069.350,0.916
9419,01/02/26 09:40:53 PM,0.33,1.34,36.5,0.711,99.940,1069.350,0.699
9420,01/02/26 09:50:53 PM,0.00,0.00,39.3,0.314,99.997,1069.350,0.309
9421,01/02/26 10:00:53 PM,0.00,0.00,39.3,0.520,99.997,1069.350,0.515
9422,01/02/26 10:10:53 PM,0.00,0.00,39.3,0.443,99.997,1069.350,0.438
9423,01/02/26 10:20:53 PM,0.00,1.00,39.3,0.421,99.997,1069.350,0.416
9424,01/02/26 10:30:53 PM,1.34,2.34,68.8,0.579,99.997,1069.350,0.575
9425,01/02/26 10:40:53 PM,1.00,1.67,123.5,0.738,99.997,1069.350,0.734
9426,01/02/26 10:50:53 PM,1.34,2.34,108.1,0.491,99.997,1069.350,0.486
9427,01/02/26 11:00:53 PM,1.67,2.67,85.6,0.724,99.997,1069.350,0.720
9428,01/02/26 11:10:53 PM,1.34,2.34,130.6,0.732,99.997,1069.350,0.728
9429,01/02/26 11:20:53 PM,0.33,1.34,103.9,0.762,99.997,1069.350,0.758
9430,01/02/26 11:30:53 PM,1.00,2.34,82.8,0.743,99.997,1069.350,0.739
9431,01/02/26 11:40:53 PM,2.00,3.67,92.7,1.255,99.997,1069.350,1.252
9432,01/02/26 11:50:53 PM,1.67,3.01,124.9,0.984,99.997,1069.350,0.980
9433,01/03/26 12:00:53 AM,1.00,2.00,136.2,0.657,99.997,1069.350,0.653
9434,01/03/26 12:10:53 AM,1.67,5.01,98.3,0.941,99.997,1069.350,0.937
9435,01/03/26 12:20:53 AM,4.01,6.01,66.0,2.180,99.997,1069.350,2.178
9436,01/03/26 12:30:53 AM,3.34,6.01,71.6,2.271,99.997,1069.350,2.269
9437,01/03/26 12:40:53 AM,3.01,5.01,81.4,2.073,99.997,1069.350,2.071
9438,01/03/26 12:50:53 AM,3.67,5.68,99.7,1.649,99.997,1069.350,1.646
9439,01/03/26 01:00:53 AM,4.34,6.35,75.8,1.788,99.997,1069.350,1.785
9440,01/03/26 01:10:53 AM,3.67,5.68,80.0,1.748,99.997,1069.350,1.745
9441,01/03/26 01:20:53 AM,3.01,4.68,75.8,1.595,99.997,1069.350,1.592
9442,01/03/26 01:30:53 AM,2.67,4.01,63.2,1.499,99.997,1069.350,1.496
9443,01/03/26 01:40:53 AM,3.01,4.34,57.6,1.512,99.997,1069.350,1.509
9444,01/03/26 01:50:53 AM,2.34,3.67,71.6,1.612,99.997,1069.350,1.609
9445,01/03/26 02:00:53 AM,3.01,4.34,64.6,1.697,99.997,1069.350,1.694
9446,01/03/26 02:10:53 AM,3.67,5.34,60.4,1.713,99.997,1069.350,1.710
9447,01/03/26 02:20:53 AM,4.01,6.01,53.3,1.630,99.997,1069.350,1.627
9448,01/03/26 02:30:53 AM,3.67,6.01,64.6,1.609,99.992,1069.350,1.605
9449,01/03/26 02:40:53 AM,3.01,4.68,60.4,1.475,99.997,1069.350,1.472
9450,01/03/26 02:50:53 AM,3.67,5.68,61.8,1.451,99.997,1069.350,1.448
9451,01/03/26 03:00:53 AM,3.67,5.68,71.6,1.475,99.997,1069.350,1.472
9452,01/03/26 03:10:53 AM,3.01,5.01,81.4,1.381,99.997,1069.350,1.378
9453,01/03/26 03:20:53 AM,2.67,4.68,91.3,1.317,99.997,1069.350,1.314
9454,01/03/26 03:30:53 AM,2.34,3.34,116.5,1.016,99.997,1069.350,1.012
9455,01/03/26 03:40:53 AM,1.67,3.34,119.3,0.665,99.997,1069.350,0.661
9456,01/03/26 03:50:53 AM,0.67,1.34,105.3,0.510,99.997,1069.350,0.505
9457,01/03/26 04:00:53 AM,1.00,2.34,57.6,0.598,99.997,1069.350,0.594
9458,01/03/26 04:10:53 AM,1.67,3.01,49.1,0.925,99.997,1069.350,0.921
9459,01/03/26 04:20:53 AM,1.34,2.34,63.2,1.057,99.977,1069.350,1.051
9460,01/03/26 04:30:53 AM,1.34,2.34,63.2,0.681,99.997,1069.350,0.677
9461,01/03/26 04:40:53 AM,1.67,3.01,67.4,0.652,99.997,1069.350,0.648
9462,01/03/26 04:50:53 AM,2.34,4.01,71.6,0.898,99.997,1069.350,0.894
9463,01/03/26 05:00:53 AM,2.34,4.01,70.2,0.941,99.997,1069.350,0.937
9464,01/03/26 05:10:53 AM,2.67,4.68,71.6,1.032,99.997,1069.350,1.028
9465,01/03/26 05:20:53 AM,1.34,2.67,133.4,0.866,99.980,1069.350,0.860
9466,01/03/26 05:30:53 AM,0.67,1.67,116.5,0.831,99.997,1069.350,0.827
9467,01/03/26 05:40:53 AM,2.00,4.01,66.0,0.888,99.980,1069.350,0.882
9468,01/03/26 05:50:53 AM,2.00,3.34,81.4,0.641,99.997,1069.350,0.637
9469,01/03/26 06:00:53 AM,2.34,3.01,84.2,0.266,99.997,1069.350,0.261
9470,01/03/26 06:10:53 AM,2.00,3.34,87.0,0.298,99.997,1069.350,0.293
9471,01/03/26 06:20:53 AM,1.67,3.01,94.1,0.496,99.997,1069.350,0.491
9472,01/03/26 06:30:53 AM,2.00,3.34,82.8,0.475,99.997,1069.350,0.470
9473,01/03/26 06:40:53 AM,1.67,3.67,71.6,0.638,99.997,1069.350,0.634
9474,01/03/26 06:50:53 AM,2.67,4.34,73.0,0.890,99.997,1069.350,0.886
9475,01/03/26 07:00:53 AM,3.34,5.01,63.2,1.091,99.876,1069.350,1.071
9476,01/03/26 07:10:53 AM,3.67,5.68,71.6,1.121,99.603,1069.350,1.063
9477,01/03/26 07:20:53 AM,3.34,5.34,74.4,1.102,99.513,1069.350,1.031
9478,01/03/26 07:30:53 AM,3.34,5.01,74.4,1.089,99.767,1069.350,1.053
9479,01/03/26 07:40:53 AM,2.67,5.01,87.0,1.083,99.571,1069.350,1.020
9480,01/03/26 07:50:53 AM,1.67,3.67,116.5,0.729,99.986,1069.350,0.723
9481,01/03/26 08:00:53 AM,0.00,0.00,157.2,0.405,99.997,1069.350,0.400
9482,01/03/26 08:10:53 AM,0.00,1.34,175.5,0.405,99.997,1069.350,0.400
9483,01/03/26 08:20:53 AM,1.34,2.34,120.7,0.574,99.997,1069.350,0.570
9484,01/03/26 08:30:53 AM,1.00,2.00,110.9,0.638,99.997,1069.350,0.634
9485,01/03/26 08:40:53 AM,2.00,4.68,75.8,0.716,99.997,1069.350,0.712
9486,01/03/26 08:50:53 AM,2.67,4.34,77.2,1.078,99.796,1069.350,1.046
9487,01/03/26 09:00:53 AM,2.00,3.34,101.1,0.963,99.841,1069.350,0.937
9488,01/03/26 09:10:53 AM,0.67,1.34,137.6,0.603,99.976,1069.350,0.596
9489,01/03/26 09:20:53 AM,0.67,1.34,256.9,0.461,99.997,1069.350,0.456
9490,01/03/26 09:30:53 AM,1.67,3.67,42.1,0.847,99.997,1069.350,0.843
9491,01/03/26 09:40:53 AM,1.67,3.01,50.5,1.188,99.844,1069.350,1.163
9492,01/03/26 09:50:53 AM,3.34,6.01,43.5,1.719,98.810,1069.350,1.550
9493,01/03/26 10:00:53 AM,3.01,5.34,35.1,2.252,97.020,1069.350,1.827
9494,01/03/26 10:10:53 AM,2.34,4.34,91.3,2.263,97.189,1069.350,1.862
9495,01/03/26 10:20:53 AM,4.01,5.34,91.3,2.311,97.061,1069.350,1.892
9496,01/03/26 10:30:53 AM,3.67,5.34,94.1,2.335,96.733,1069.350,1.868
9497,01/03/26 10:40:53 AM,2.67,4.34,101.1,2.089,97.586,1069.350,1.746
9498,01/03/26 10:50:53 AM,3.01,4.68,92.7,2.381,96.844,1069.350,1.930
9499,01/03/26 11:00:53 AM,2.67,5.01,92.7,2.475,96.431,1069.350,1.964
9500,01/03/26 11:10:53 AM,1.34,3.01,106.7,2.424,96.562,1069.350,1.933
9501,01/03/26 11:20:53 AM,1.67,2.67,94.1,2.587,96.674,1069.350,2.111
9502,01/03/26 11:30:53 AM,1.67,2.67,130.6,2.735,96.576,1069.350,2.245
9503,01/03/26 11:40:53 AM,0.33,1.34,96.9,3.016,96.001,1069.350,2.441
9504,01/03/26 11:50:53 AM,2.00,4.34,50.5,3.223,95.297,1069.350,2.544
9505,01/03/26 12:00:53 PM,3.01,4.34,59.0,3.317,95.137,1069.350,2.614
9506,01/03/26 12:10:53 PM,3.34,5.01,63.2,3.874,93.759,1069.350,2.963
9507,01/03/26 12:20:53 PM,3.67,5.34,67.4,4.046,93.095,1069.350,3.033
9508,01/03/26 12:30:53 PM,4.01,6.01,71.6,4.217,92.491,1069.350,3.111
9509,01/03/26 12:40:53 PM,3.34,5.68,78.6,4.094,93.306,1069.350,3.113
9510,01/03/26 12:50:53 PM,3.67,6.01,67.4,4.177,92.964,1069.350,3.143
9511,01/03/26 01:00:53 PM,5.01,7.68,64.6,4.330,91.797,1069.350,3.117
9512,01/03/26 01:10:53 PM,4.34,6.68,77.2,4.488,91.635,1069.350,3.248
9513,01/03/26 01:20:53 PM,4.34,7.01,77.2,4.392,92.255,1069.350,3.249
9514,01/03/26 01:30:53 PM,4.34,6.68,64.6,4.413,92.578,1069.350,3.319
9515,01/03/26 01:40:53 PM,4.34,6.68,68.8,4.724,91.353,1069.350,3.439
9516,01/03/26 01:50:53 PM,4.68,7.01,61.8,4.834,91.145,1069.350,3.515
9517,01/03/26 02:00:53 PM,4.34,6.35,66.0,4.987,91.119,1069.350,3.663
9518,01/03/26 02:10:53 PM,4.34,7.01,73.0,4.974,91.695,1069.350,3.739
9519,01/03/26 02:20:53 PM,4.34,6.35,68.8,4.971,92.374,1069.350,3.841
9520,01/03/26 02:30:53 PM,4.34,6.35,68.8,5.014,92.313,1069.350,3.875
9521,01/03/26 02:40:53 PM,4.34,6.35,74.4,5.008,91.717,1069.350,3.777
9522,01/03/26 02:50:53 PM,4.34,7.01,71.6,5.081,90.927,1069.350,3.726
9523,01/03/26 03:00:53 PM,5.01,8.68,70.2,5.204,90.381,1069.350,3.762
9524,01/03/26 03:10:53 PM,5.34,8.02,70.2,5.059,90.207,1069.350,3.591
9525,01/03/26 03:20:53 PM,5.01,8.35,66.0,4.920,90.512,1069.350,3.502
9526,01/03/26 03:30:53 PM,4.68,6.68,70.2,4.963,90.448,1069.350,3.534
9527,01/03/26 03:40:53 PM,4.34,6.68,70.2,4.960,90.785,1069.350,3.584
9528,01/03/26 03:50:53 PM,4.34,6.68,70.2,4.778,91.620,1069.350,3.534
9529,01/03/26 04:00:53 PM,4.68,7.01,73.0,4.598,92.775,1069.350,3.533
9530,01/03/26 04:10:53 PM,4.34,7.01,75.8,4.512,93.512,1069.350,3.559
9531,01/03/26 04:20:53 PM,4.68,7.01,73.0,4.523,93.471,1069.350,3.564
9532,01/03/26 04:30:53 PM,5.01,7.68,64.6,4.502,93.092,1069.350,3.486
9533,01/03/26 04:40:53 PM,5.01,7.68,64.6,4.469,93.146,1069.350,3.461
9534,01/03/26 04:50:53 PM,5.01,8.02,60.4,4.416,92.903,1069.350,3.371
9535,01/03/26 05:00:53 PM,4.68,7.35,60.4,4.303,93.178,1069.350,3.301
9536,01/03/26 05:10:53 PM,4.34,6.68,74.4,4.193,93.677,1069.350,3.267
9537,01/03/26 05:20:53 PM,4.01,6.68,74.4,4.051,94.072,1069.350,3.186
9538,01/03/26 05:30:53 PM,4.01,6.35,75.8,3.874,94.228,1069.350,3.033
9539,01/03/26 05:40:53 PM,4.68,7.01,71.6,3.703,94.487,1069.350,2.902
9540,01/03/26 05:50:53 PM,4.34,7.01,68.8,3.574,94.136,1069.350,2.721
9541,01/03/26 06:00:53 PM,5.01,7.35,64.6,3.504,93.829,1069.350,2.605
9542,01/03/26 06:10:53 PM,4.68,7.01,60.4,3.397,94.244,1069.350,2.561
9543,01/03/26 06:20:53 PM,5.01,8.68,57.6,3.276,94.821,1069.350,2.526
9544,01/03/26 06:30:53 PM,5.01,7.68,63.2,2.992,95.810,1069.350,2.389
9545,01/03/26 06:40:53 PM,5.68,9.35,64.6,2.904,96.512,1069.350,2.404
9546,01/03/26 06:50:53 PM,6.68,10.02,64.6,3.022,96.329,1069.350,2.495
9547,01/03/26 07:00:53 PM,6.68,9.68,59.0,3.089,95.856,1069.350,2.493
9548,01/03/26 07:10:53 PM,6.68,10.02,56.2,3.030,95.854,1069.350,2.434
9549,01/03/26 07:20:53 PM,6.01,10.02,63.2,2.947,95.506,1069.350,2.300
9550,01/03/26 07:30:53 PM,5.34,8.35,64.6,2.912,95.314,1069.350,2.237
9551,01/03/26 07:40:53 PM,4.68,7.01,63.2,2.711,95.978,1069.350,2.134
9552,01/03/26 07:50:53 PM,6.01,9.35,68.8,2.821,95.406,1069.350,2.160
9553,01/03/26 08:00:53 PM,5.68,8.35,66.0,2.864,95.366,1069.350,2.197
9554,01/03/26 08:10:53 PM,5.34,7.35,59.0,2.797,95.694,1069.350,2.178
9555,01/03/26 08:20:53 PM,5.01,7.01,61.8,2.904,95.612,1069.350,2.273
9556,01/03/26 08:30:53 PM,5.34,7.68,51.9,3.089,94.940,1069.350,2.358
9557,01/03/26 08:40:53 PM,5.34,8.02,51.9,3.231,94.742,1069.350,2.470
9558,01/03/26 08:50:53 PM,4.68,7.68,44.9,3.518,93.959,1069.350,2.639
9559,01/03/26 09:00:53 PM,4.68,7.35,59.0,3.397,95.476,1069.350,2.744
9560,01/03/26 09:10:53 PM,4.34,7.35,67.4,3.362,96.172,1069.350,2.811
9561,01/03/26 09:20:53 PM,3.67,5.68,75.8,3.413,96.617,1069.350,2.927
9562,01/03/26 09:30:53 PM,2.67,5.01,88.4,3.301,97.090,1069.350,2.884
9563,01/03/26 09:40:53 PM,1.67,3.01,195.1,2.834,98.663,1069.350,2.644
9564,01/03/26 09:50:53 PM,2.67,5.68,245.7,2.571,99.866,1069.350,2.551
9565,01/03/26 10:00:53 PM,1.34,3.67,77.2,2.807,98.997,1069.350,2.665
9566,01/03/26 10:10:53 PM,1.34,3.01,66.0,2.724,98.817,1069.350,2.556
9567,01/03/26 10:20:53 PM,3.67,7.35,165.7,3.448,95.674,1069.350,2.824
9568,01/03/26 10:30:53 PM,3.34,6.68,190.9,3.730,93.466,1069.350,2.775
9569,01/03/26 10:40:53 PM,2.00,3.34,290.6,3.373,94.095,1069.350,2.515
9570,01/03/26 10:50:53 PM,2.34,3.34,329.9,2.957,95.926,1069.350,2.371
9571,01/03/26 11:00:53 PM,2.00,3.34,286.4,3.518,91.566,1069.350,2.276
9572,01/03/26 11:10:53 PM,2.34,4.68,282.2,3.931,88.132,1069.350,2.149
9573,01/03/26 11:20:53 PM,2.34,4.68,254.1,4.829,83.174,1069.350,2.220
9574,01/03/26 11:30:53 PM,2.00,3.67,224.6,4.654,83.532,1069.350,2.109
9575,01/03/26 11:40:53 PM,2.67,6.35,202.2,4.075,85.855,1069.350,1.924
9576,01/03/26 11:50:53 PM,3.01,5.01,190.9,3.486,88.986,1069.350,1.844
9577,01/04/26 12:00:53 AM,1.00,2.67,237.3,2.885,91.020,1069.350,1.565
9578,01/04/26 12:10:53 AM,0.33,1.34,300.4,2.901,90.889,1069.350,1.561
9579,01/04/26 12:20:53 AM,0.00,0.67,300.4,3.032,90.071,1069.350,1.565
9580,01/04/26 12:30:53 AM,0.00,0.00,300.4,2.646,91.450,1069.350,1.394
9581,01/04/26 12:40:53 AM,0.33,1.34,315.9,1.826,94.417,1069.350,1.024
9582,01/04/26 12:50:53 AM,1.00,1.67,21.1,1.569,95.705,1069.350,0.956
9583,01/04/26 01:00:53 AM,1.00,2.34,355.2,1.612,96.435,1069.350,1.104
9584,01/04/26 01:10:53 AM,1.67,3.67,12.6,1.893,95.633,1069.350,1.268
9585,01/04/26 01:20:53 AM,1.00,2.67,110.9,2.089,94.470,1069.350,1.293
9586,01/04/26 01:30:53 AM,0.67,1.67,139.0,1.502,96.410,1069.350,0.991
9587,01/04/26 01:40:53 AM,0.33,1.34,102.5,1.636,96.497,1069.350,1.137
9588,01/04/26 01:50:53 AM,0.67,2.34,68.8,1.606,96.431,1069.350,1.098
9589,01/04/26 02:00:53 AM,0.33,1.67,182.5,1.175,97.656,1069.350,0.843
9590,01/04/26 02:10:53 AM,1.34,3.34,130.6,1.116,97.574,1069.350,0.772
9591,01/04/26 02:20:53 AM,0.67,2.00,209.2,0.772,99.371,1069.350,0.681
9592,01/04/26 02:30:53 AM,0.33,1.34,198.0,0.772,99.326,1069.350,0.675
9593,01/04/26 02:40:53 AM,0.33,1.34,234.5,0.673,99.460,1069.350,0.594
9594,01/04/26 02:50:53 AM,0.00,0.00,261.1,0.587,99.751,1069.350,0.548
9595,01/04/26 03:00:53 AM,0.00,1.34,287.8,0.341,99.994,1069.350,0.336
9596,01/04/26 03:10:53 AM,0.67,1.67,325.7,0.502,99.983,1069.350,0.495
9597,01/04/26 03:20:53 AM,1.00,2.67,324.3,0.866,99.167,1069.350,0.746
9598,01/04/26 03:30:53 AM,1.34,4.01,87.0,1.657,97.108,1069.350,1.246
9599,01/04/26 03:40:53 AM,0.67,1.67,126.4,1.402,96.774,1069.350,0.943
9600,01/04/26 03:50:53 AM,0.00,0.33,124.9,0.882,98.499,1069.350,0.669
9601,01/04/26 04:00:53 AM,0.33,1.34,143.2,0.301,99.469,1069.350,0.223
9602,01/04/26 04:10:53 AM,0.33,0.67,153.0,-0.086,99.997,1069.350,-0.092
9603,01/04/26 04:20:53 AM,0.00,0.00,154.4,0.032,99.997,1069.350,0.027
9604,01/04/26 04:30:53 AM,0.00,0.33,154.4,0.049,99.997,1069.350,0.044
9605,01/04/26 04:40:53 AM,0.00,0.67,154.4,0.129,99.997,1069.350,0.124
9606,01/04/26 04:50:53 AM,1.34,2.67,29.5,0.145,99.997,1069.350,0.140
9607,01/04/26 05:00:53 AM,1.67,2.34,8.4,0.496,99.951,1069.350,0.485
9608,01/04/26 05:10:53 AM,0.67,2.00,188.1,0.394,99.806,1069.350,0.363
9609,01/04/26 05:20:53 AM,1.00,2.34,190.9,0.126,99.997,1069.350,0.121
9610,01/04/26 05:30:53 AM,1.34,3.34,289.2,-0.077,99.997,1069.350,-0.083
9611,01/04/26 05:40:53 AM,0.67,1.67,251.3,0.081,99.997,1069.350,0.076
9612,01/04/26 05:50:53 AM,0.00,0.67,262.5,-0.002,99.997,1069.350,-0.007
9613,01/04/26 06:00:53 AM,0.00,0.33,262.5,-0.010,99.997,1069.350,-0.015
9614,01/04/26 06:10:53 AM,0.00,0.33,262.5,0.040,99.997,1069.350,0.035
9615,01/04/26 06:20:53 AM,0.00,0.00,262.5,0.049,99.997,1069.350,0.044
9616,01/04/26 06:30:53 AM,0.00,0.00,262.5,-0.008,99.997,1069.350,-0.013
9617,01/04/26 06:40:53 AM,0.00,0.00,262.5,-0.147,99.997,1069.350,-0.153
9618,01/04/26 06:50:53 AM,0.00,0.00,263.9,-0.472,99.997,1069.350,-0.478
9619,01/04/26 07:00:53 AM,0.67,1.00,306.1,-0.354,99.997,1069.350,-0.360
9620,01/04/26 07:10:53 AM,0.00,0.33,308.9,-0.032,99.997,1069.350,-0.037
9621,01/04/26 07:20:53 AM,0.00,0.00,249.9,-0.431,99.997,1069.350,-0.437
9622,01/04/26 07:30:53 AM,0.00,0.00,249.9,-0.592,99.997,1069.350,-0.598
9623,01/04/26 07:40:53 AM,0.00,0.00,262.5,-0.622,99.997,1069.350,-0.628
9624,01/04/26 07:50:53 AM,0.00,0.00,262.5,-0.415,99.997,1069.350,-0.421
9625,01/04/26 08:00:53 AM,0.00,0.00,262.5,-0.112,99.997,1069.350,-0.118
9626,01/04/26 08:10:53 AM,0.00,0.00,262.5,0.006,99.997,1069.350,0.001
9627,01/04/26 08:20:53 AM,0.00,0.00,262.5,-0.271,99.997,1069.350,-0.277
9628,01/04/26 08:30:53 AM,0.00,0.00,262.5,-0.163,99.997,1069.350,-0.169
9629,01/04/26 08:40:53 AM,0.00,0.00,262.5,-0.010,99.997,1069.350,-0.015
9630,01/04/26 08:50:53 AM,0.33,1.00,346.8,0.027,99.997,1069.350,0.022
9631,01/04/26 09:00:53 AM,0.33,1.34,19.7,0.091,99.997,1069.350,0.086
9632,01/04/26 09:10:53 AM,0.67,1.34,153.0,0.102,99.997,1069.350,0.097
9633,01/04/26 09:20:53 AM,0.67,1.34,153.0,0.094,99.997,1069.350,0.089
9634,01/04/26 09:30:53 AM,0.33,1.00,153.0,0.067,99.997,1069.350,0.062
9635,01/04/26 09:40:53 AM,0.33,1.34,162.9,0.083,99.997,1069.350,0.078
9636,01/04/26 09:50:53 AM,0.00,0.00,165.7,0.129,99.997,1069.350,0.124
9637,01/04/26 10:00:53 AM,0.00,1.67,158.6,0.207,99.997,1069.350,0.202
9638,01/04/26 10:10:53 AM,0.33,1.00,119.3,0.384,99.997,1069.350,0.379
9639,01/04/26 10:20:53 AM,0.00,0.00,115.1,0.357,99.997,1069.350,0.352
9640,01/04/26 10:30:53 AM,0.00,1.34,113.7,0.405,99.997,1069.350,0.400
9641,01/04/26 10:40:53 AM,0.33,1.00,98.3,0.459,99.997,1069.350,0.454
9642,01/04/26 10:50:53 AM,0.67,1.67,87.0,0.480,99.997,1069.350,0.475
9643,01/04/26 11:00:53 AM,0.33,1.34,53.3,0.553,99.997,1069.350,0.548
9644,01/04/26 11:10:53 AM,0.00,0.00,54.8,0.617,99.997,1069.350,0.613
9645,01/04/26 11:20:53 AM,0.67,1.67,37.9,0.652,99.997,1069.350,0.648
9646,01/04/26 11:30:53 AM,0.67,1.34,9.8,0.687,99.997,1069.350,0.683
9647,01/04/26 11:40:53 AM,1.00,4.34,4.2,1.298,98.703,1069.350,1.114
9648,01/04/26 11:50:53 AM,0.33,2.00,103.9,2.057,95.439,1069.350,1.403
9649,01/04/26 12:00:53 PM,0.00,1.00,123.5,2.400,94.357,1069.350,1.586
9650,01/04/26 12:10:53 PM,1.00,2.34,129.2,2.601,94.058,1069.350,1.742
9651,01/04/26 12:20:53 PM,1.67,3.34,181.1,3.134,92.822,1069.350,2.086
9652,01/04/26 12:30:53 PM,4.01,8.35,192.3,3.242,91.775,1069.350,2.035
9653,01/04/26 12:40:53 PM,3.01,5.01,219.0,3.006,93.256,1069.350,2.024
9654,01/04/26 12:50:53 PM,2.00,3.34,251.3,2.823,94.041,1069.350,1.960
9655,01/04/26 01:00:53 PM,1.00,2.67,259.7,2.435,96.045,1069.350,1.868
9656,01/04/26 01:10:53 PM,1.00,2.00,287.8,2.480,96.220,1069.350,1.939
9657,01/04/26 01:20:53 PM,0.33,1.34,341.2,2.684,95.985,1069.350,2.108
9658,01/04/26 01:30:53 PM,0.67,1.34,16.8,2.872,96.809,1069.350,2.415
9659,01/04/26 01:40:53 PM,2.00,3.01,21.1,2.802,97.259,1069.350,2.411
9660,01/04/26 01:50:53 PM,2.00,3.34,16.8,2.716,97.215,1069.350,2.318
9661,01/04/26 02:00:53 PM,2.00,4.34,16.8,2.815,96.440,1069.350,2.305
9662,01/04/26 02:10:53 PM,1.00,2.34,40.7,3.252,95.094,1069.350,2.543
9663,01/04/26 02:20:53 PM,1.34,2.34,129.2,3.920,92.001,1069.350,2.741
9664,01/04/26 02:30:53 PM,1.34,2.00,139.0,4.164,92.178,1069.350,3.011
9665,01/04/26 02:40:53 PM,1.67,2.67,88.4,4.038,93.246,1069.350,3.048
9666,01/04/26 02:50:53 PM,1.67,3.01,56.2,3.901,91.498,1069.350,2.645
9667,01/04/26 03:00:53 PM,1.34,3.01,67.4,3.687,93.320,1069.350,2.711
9668,01/04/26 03:10:53 PM,1.34,2.34,67.4,3.317,95.164,1069.350,2.618
9669,01/04/26 03:20:53 PM,1.00,2.67,88.4,3.258,97.208,1069.350,2.858
9670,01/04/26 03:30:53 PM,2.67,4.68,80.0,3.094,98.366,1069.350,2.862
9671,01/04/26 03:40:53 PM,4.01,6.01,75.8,2.585,99.474,1069.350,2.510
9672,01/04/26 03:50:53 PM,4.34,6.68,66.0,2.287,99.806,1069.350,2.258
9673,01/04/26 04:00:53 PM,3.67,5.68,66.0,2.142,99.997,1069.350,2.140
9674,01/04/26 04:10:53 PM,3.01,5.34,71.6,2.024,99.985,1069.350,2.020
9675,01/04/26 04:20:53 PM,3.01,5.01,71.6,1.703,99.997,1069.350,1.700
9676,01/04/26 04:30:53 PM,2.00,3.01,70.2,1.553,99.997,1069.350,1.550
9677,01/04/26 04:40:53 PM,2.34,3.67,60.4,1.362,99.997,1069.350,1.359
9678,01/04/26 04:50:53 PM,2.34,4.01,71.6,1.357,99.997,1069.350,1.354
9679,01/04/26 05:00:53 PM,2.67,4.01,74.4,1.384,99.997,1069.350,1.381
9680,01/04/26 05:10:53 PM,2.34,4.01,75.8,1.282,99.997,1069.350,1.279
9681,01/04/26 05:20:53 PM,2.00,4.34,74.4,1.166,99.997,1069.350,1.162
9682,01/04/26 05:30:53 PM,1.67,3.67,82.8,1.014,99.997,1069.350,1.010
9683,01/04/26 05:40:53 PM,1.67,3.01,137.6,0.912,99.997,1069.350,0.908
9684,01/04/26 05:50:53 PM,2.34,3.67,94.1,0.837,99.997,1069.350,0.833
9685,01/04/26 06:00:53 PM,2.00,3.34,81.4,0.716,99.997,1069.350,0.712
9686,01/04/26 06:10:53 PM,1.67,2.67,80.0,0.662,99.997,1069.350,0.658
9687,01/04/26 06:20:53 PM,1.00,2.34,64.6,0.620,99.997,1069.350,0.616
9688,01/04/26 06:30:53 PM,0.33,1.34,183.9,0.571,99.997,1069.350,0.567
9689,01/04/26 06:40:53 PM,0.67,1.67,226.0,0.545,99.997,1069.350,0.540
9690,01/04/26 06:50:53 PM,0.67,2.00,263.9,0.432,99.997,1069.350,0.427
9691,01/04/26 07:00:53 PM,0.00,1.00,262.5,0.453,99.997,1069.350,0.448
9692,01/04/26 07:10:53 PM,0.00,0.67,262.5,0.239,99.997,1069.350,0.234
9693,01/04/26 07:20:53 PM,0.00,0.00,262.5,0.266,99.997,1069.350,0.261
9694,01/04/26 07:30:53 PM,0.00,0.00,262.5,0.266,99.997,1069.350,0.261
9695,01/04/26 07:40:53 PM,0.00,0.00,262.5,0.311,99.997,1069.350,0.306
9696,01/04/26 07:50:53 PM,0.00,0.00,262.5,0.234,99.997,1069.350,0.229
9697,01/04/26 08:00:53 PM,0.00,0.00,262.5,0.263,99.997,1069.350,0.258
9698,01/04/26 08:10:53 PM,0.00,0.00,262.5,0.258,99.997,1069.350,0.253
9699,01/04/26 08:20:53 PM,1.00,2.00,341.2,0.164,99.997,1069.350,0.159
9700,01/04/26 08:30:53 PM,1.34,1.67,16.8,0.287,99.997,1069.350,0.282
9701,01/04/26 08:40:53 PM,1.00,1.67,60.4,0.491,99.997,1069.350,0.486
9702,01/04/26 08:50:53 PM,0.33,1.67,43.5,0.445,99.997,1069.350,0.440
9703,01/04/26 09:00:53 PM,0.33,1.34,165.7,0.376,99.997,1069.350,0.371
9704,01/04/26 09:10:53 PM,1.00,1.67,268.1,0.014,99.997,1069.350,0.009
9705,01/04/26 09:20:53 PM,0.67,1.34,283.6,0.242,99.997,1069.350,0.237
9706,01/04/26 09:30:53 PM,1.00,1.34,227.4,-0.080,99.997,1069.350,-0.086
9707,01/04/26 09:40:53 PM,0.33,1.34,228.8,-0.313,99.997,1069.350,-0.319
9708,01/04/26 09:50:53 PM,0.33,1.00,228.8,-0.367,99.997,1069.350,-0.373
9709,01/04/26 10:00:53 PM,0.33,1.00,228.8,-0.319,99.997,1069.350,-0.325
9710,01/04/26 10:10:53 PM,0.67,1.34,273.8,-0.563,99.997,1069.350,-0.569
9711,01/04/26 10:20:53 PM,0.00,0.33,293.4,-0.472,99.997,1069.350,-0.478
9712,01/04/26 10:30:53 PM,0.67,1.34,293.4,-0.552,99.997,1069.350,-0.558
9713,01/04/26 10:40:53 PM,0.67,1.34,287.8,-0.260,99.997,1069.350,-0.266
9714,01/04/26 10:50:53 PM,1.00,1.67,271.0,-0.190,99.997,1069.350,-0.196
9715,01/04/26 11:00:53 PM,1.00,1.67,262.5,-0.193,99.997,1069.350,-0.199
9716,01/04/26 11:10:53 PM,1.00,1.67,275.2,-0.190,99.997,1069.350,-0.196
9717,01/04/26 11:20:53 PM,0.67,1.34,276.6,-0.153,99.997,1069.350,-0.159
9718,01/04/26 11:30:53 PM,0.33,1.00,278.0,-0.174,99.997,1069.350,-0.180
9719,01/04/26 11:40:53 PM,1.00,1.34,296.2,-0.209,99.997,1069.350,-0.215
9720,01/04/26 11:50:53 PM,0.67,1.34,292.0,-0.273,99.997,1069.350,-0.279
9721,01/05/26 12:00:53 AM,0.67,1.34,306.1,-0.313,99.997,1069.350,-0.319
9722,01/05/26 12:10:53 AM,1.00,1.67,322.9,-0.410,99.997,1069.350,-0.416
9723,01/05/26 12:20:53 AM,0.67,1.34,331.3,-0.405,99.997,1069.350,-0.411
9724,01/05/26 12:30:53 AM,0.33,1.34,336.9,-0.292,99.997,1069.350,-0.298
9725,01/05/26 12:40:53 AM,0.00,0.00,336.9,0.049,99.997,1069.350,0.044
9726,01/05/26 12:50:53 AM,0.33,1.34,290.6,0.008,99.997,1069.350,0.003
9727,01/05/26 01:00:53 AM,0.00,0.67,220.4,-0.024,99.997,1069.350,-0.029
9728,01/05/26 01:10:53 AM,0.00,0.67,220.4,-0.029,99.997,1069.350,-0.034
9729,01/05/26 01:20:53 AM,0.33,1.00,220.4,-0.013,99.997,1069.350,-0.018
9730,01/05/26 01:30:53 AM,0.00,1.00,220.4,0.011,99.997,1069.350,0.006
9731,01/05/26 01:40:53 AM,0.00,0.00,220.4,0.016,99.997,1069.350,0.011
9732,01/05/26 01:50:53 AM,0.00,0.00,220.4,-0.024,99.997,1069.350,-0.029
9733,01/05/26 02:00:53 AM,0.00,1.00,223.2,-0.032,99.997,1069.350,-0.037
9734,01/05/26 02:10:53 AM,0.33,0.67,293.4,0.014,99.997,1069.350,0.009
9735,01/05/26 02:20:53 AM,0.00,0.33,293.4,0.040,99.997,1069.350,0.035
9736,01/05/26 02:30:53 AM,0.33,0.67,293.4,0.070,99.997,1069.350,0.065
9737,01/05/26 02:40:53 AM,0.00,0.67,293.4,0.148,99.997,1069.350,0.143
9738,01/05/26 02:50:53 AM,0.00,0.67,271.0,0.000,99.997,1069.350,-0.005
9739,01/05/26 03:00:53 AM,0.00,0.67,251.3,-0.128,99.997,1069.350,-0.134
9740,01/05/26 03:10:53 AM,0.00,0.00,251.3,-0.185,99.997,1069.350,-0.191
9741,01/05/26 03:20:53 AM,0.33,0.67,251.3,-0.287,99.997,1069.350,-0.293
9742,01/05/26 03:30:53 AM,0.00,0.00,251.3,-0.182,99.997,1069.350,-0.188
9743,01/05/26 03:40:53 AM,0.00,0.00,261.1,-0.346,99.997,1069.350,-0.352
9744,01/05/26 03:50:53 AM,0.00,0.00,297.6,-0.402,99.997,1069.350,-0.408
9745,01/05/26 04:00:53 AM,0.00,0.00,297.6,-0.324,99.997,1069.350,-0.330
9746,01/05/26 04:10:53 AM,0.00,0.00,297.6,-0.295,99.997,1069.350,-0.301
9747,01/05/26 04:20:53 AM,0.33,1.34,289.2,-0.241,99.997,1069.350,-0.247
9748,01/05/26 04:30:53 AM,0.33,1.00,280.8,-0.150,99.997,1069.350,-0.156
9749,01/05/26 04:40:53 AM,0.00,0.67,280.8,-0.265,99.997,1069.350,-0.271
9750,01/05/26 04:50:53 AM,0.00,0.00,299.0,-0.356,99.997,1069.350,-0.362
9751,01/05/26 05:00:53 AM,0.33,1.34,294.8,-0.402,99.997,1069.350,-0.408
9752,01/05/26 05:10:53 AM,1.00,1.67,263.9,-0.627,99.997,1069.350,-0.633
9753,01/05/26 05:20:53 AM,1.00,1.67,266.7,-0.957,99.997,1069.350,-0.964
9754,01/05/26 05:30:53 AM,1.00,2.34,286.4,-1.330,99.997,1069.350,-1.338
9755,01/05/26 05:40:53 AM,1.67,3.34,318.7,-0.702,99.997,1069.350,-0.709
9756,01/05/26 05:50:53 AM,2.00,2.67,329.9,-0.292,99.997,1069.350,-0.298
9757,01/05/26 06:00:53 AM,0.67,1.67,299.0,-0.504,99.997,1069.350,-0.510
9758,01/05/26 06:10:53 AM,0.67,1.67,271.0,-0.729,99.997,1069.350,-0.736
9759,01/05/26 06:20:53 AM,1.34,2.00,248.5,-1.150,99.997,1069.350,-1.157
9760,01/05/26 06:30:53 AM,1.00,1.67,263.9,-1.456,99.997,1069.350,-1.464
9761,01/05/26 06:40:53 AM,1.34,2.00,268.1,-1.804,99.997,1069.350,-1.812
9762,01/05/26 06:50:53 AM,1.34,2.00,271.0,-2.107,99.997,1069.350,-2.116
9763,01/05/26 07:00:53 AM,1.67,2.34,275.2,-2.136,99.997,1069.350,-2.145
9764,01/05/26 07:10:53 AM,1.34,2.00,300.4,-2.040,99.997,1069.350,-2.049
9765,01/05/26 07:20:53 AM,1.00,1.67,293.4,-1.346,99.997,1069.350,-1.354
9766,01/05/26 07:30:53 AM,1.00,1.34,280.8,-1.327,99.997,1069.350,-1.335
9767,01/05/26 07:40:53 AM,1.00,1.34,315.9,-2.083,99.997,1069.350,-2.092
9768,01/05/26 07:50:53 AM,1.00,1.34,303.2,-2.053,99.997,1069.350,-2.062
9769,01/05/26 08:00:53 AM,1.00,2.00,296.2,-1.708,99.997,1069.350,-1.716
9770,01/05/26 08:10:53 AM,1.00,1.67,286.4,-1.737,99.997,1069.350,-1.745
9771,01/05/26 08:20:53 AM,1.00,1.67,289.2,-1.756,99.997,1069.350,-1.764
9772,01/05/26 08:30:53 AM,0.33,1.34,271.0,-1.954,99.997,1069.350,-1.963
9773,01/05/26 08:40:53 AM,0.33,1.34,235.9,-2.297,99.883,1069.350,-2.321
9774,01/05/26 08:50:53 AM,0.67,1.34,258.3,-1.901,99.980,1069.350,-1.912
9775,01/05/26 09:00:53 AM,0.67,1.00,258.3,-2.075,99.770,1069.350,-2.114
9776,01/05/26 09:10:53 AM,0.33,1.34,237.3,-2.375,99.907,1069.350,-2.396
9777,01/05/26 09:20:53 AM,0.67,1.34,254.1,-2.418,99.997,1069.350,-2.427
9778,01/05/26 09:30:53 AM,0.67,1.34,269.6,-2.442,99.997,1069.350,-2.451
9779,01/05/26 09:40:53 AM,0.67,1.34,269.6,-1.943,99.997,1069.350,-1.952
9780,01/05/26 09:50:53 AM,0.00,0.67,244.3,-1.075,98.422,1069.350,-1.298
9781,01/05/26 10:00:53 AM,0.00,0.00,200.8,-0.614,97.647,1069.350,-0.946
9782,01/05/26 10:10:53 AM,0.00,0.00,186.7,-0.828,97.192,1069.350,-1.223
9783,01/05/26 10:20:53 AM,0.00,0.00,164.3,-1.163,99.348,1069.350,-1.259
9784,01/05/26 10:30:53 AM,0.00,0.00,220.4,-0.303,97.743,1069.350,-0.621
9785,01/05/26 10:40:53 AM,0.00,0.00,249.9,0.625,96.751,1069.350,0.165
9786,01/05/26 10:50:53 AM,0.00,0.00,235.9,1.510,95.198,1069.350,0.823
9787,01/05/26 11:00:53 AM,0.00,0.00,216.2,1.949,95.044,1069.350,1.238
9788,01/05/26 11:10:53 AM,0.33,1.34,171.3,1.215,97.899,1069.350,0.917
9789,01/05/26 11:20:53 AM,0.00,0.67,164.3,2.756,92.944,1069.350,1.729
9790,01/05/26 11:30:53 AM,0.00,0.67,164.3,3.748,90.224,1069.350,2.297
9791,01/05/26 11:40:53 AM,0.00,0.00,189.5,2.620,92.050,1069.350,1.459
9792,01/05/26 11:50:53 AM,0.67,1.67,271.0,2.767,93.355,1069.350,1.802
9793,01/05/26 12:00:53 PM,0.33,1.34,266.7,3.081,93.602,1069.350,2.151
9794,01/05/26 12:10:53 PM,0.67,1.34,233.1,2.936,93.510,1069.350,1.993
9795,01/05/26 12:20:53 PM,0.00,0.67,228.8,4.687,88.499,1069.350,2.953
9796,01/05/26 12:30:53 PM,0.67,2.00,334.1,5.188,85.713,1069.350,2.996
9797,01/05/26 12:40:53 PM,0.33,1.34,349.6,4.687,85.412,1069.350,2.454
9798,01/05/26 12:50:53 PM,1.00,2.00,353.8,4.116,87.967,1069.350,2.305
9799,01/05/26 01:00:53 PM,1.67,2.67,341.2,2.963,92.476,1069.350,1.864
9800,01/05/26 01:10:53 PM,1.67,2.67,331.3,2.662,93.387,1069.350,1.702
9801,01/05/26 01:20:53 PM,0.67,2.34,314.5,2.590,92.992,1069.350,1.572
9802,01/05/26 01:30:53 PM,0.00,0.00,314.5,2.917,92.509,1069.350,1.824
9803,01/05/26 01:40:53 PM,1.34,2.34,317.3,2.748,92.181,1069.350,1.606
9804,01/05/26 01:50:53 PM,1.00,2.00,329.9,2.679,93.153,1069.350,1.684
9805,01/05/26 02:00:53 PM,0.00,1.34,322.9,3.437,91.394,1069.350,2.170
9806,01/05/26 02:10:53 PM,0.00,0.67,307.5,4.614,86.821,1069.350,2.612
9807,01/05/26 02:20:53 PM,0.67,1.67,314.5,5.148,84.570,1069.350,2.767
9808,01/05/26 02:30:53 PM,1.00,2.00,322.9,4.724,86.084,1069.350,2.600
9809,01/05/26 02:40:53 PM,0.67,2.00,352.4,6.185,80.435,1069.350,3.075
9810,01/05/26 02:50:53 PM,3.34,6.01,203.6,5.831,75.340,1069.350,1.812
9811,01/05/26 03:00:53 PM,4.34,6.35,203.6,4.475,76.078,1069.350,0.633
9812,01/05/26 03:10:53 PM,3.34,5.68,219.0,4.429,75.738,1069.350,0.526
9813,01/05/26 03:20:53 PM,2.67,5.01,238.7,4.247,77.136,1069.350,0.603
9814,01/05/26 03:30:53 PM,3.67,6.01,219.0,4.443,74.391,1069.350,0.292
9815,01/05/26 03:40:53 PM,4.34,6.68,224.6,5.239,72.270,1069.350,0.661
9816,01/05/26 03:50:53 PM,4.34,6.68,235.9,3.874,75.354,1069.350,-0.082
9817,01/05/26 04:00:53 PM,3.67,5.34,227.4,3.740,75.991,1069.350,-0.096
9818,01/05/26 04:10:53 PM,3.34,5.01,228.8,3.636,76.262,1069.350,-0.148
9819,01/05/26 04:20:53 PM,3.01,5.01,231.6,3.365,78.592,1069.350,0.003
9820,01/05/26 04:30:53 PM,3.34,5.34,226.0,3.046,78.962,1069.350,-0.243
9821,01/05/26 04:40:53 PM,3.01,5.68,235.9,2.507,83.705,1069.350,0.032
9822,01/05/26 04:50:53 PM,2.34,3.67,240.1,2.217,86.894,1069.350,0.262
9823,01/05/26 05:00:53 PM,2.34,4.01,263.9,1.947,89.459,1069.350,0.397
9824,01/05/26 05:10:53 PM,3.34,4.68,273.8,1.553,92.750,1069.350,0.506
9825,01/05/26 05:20:53 PM,3.34,5.34,272.4,1.156,95.483,1069.350,0.512
9826,01/05/26 05:30:53 PM,2.67,4.01,272.4,0.904,96.773,1069.350,0.446
9827,01/05/26 05:40:53 PM,2.00,3.34,276.6,0.829,96.829,1069.350,0.380
9828,01/05/26 05:50:53 PM,2.00,3.01,286.4,0.837,96.513,1069.350,0.342
9829,01/05/26 06:00:53 PM,1.67,3.67,296.2,1.027,95.656,1069.350,0.409
9830,01/05/26 06:10:53 PM,2.00,3.01,303.2,0.770,96.692,1069.350,0.301
9831,01/05/26 06:20:53 PM,2.00,3.67,304.7,0.649,96.533,1069.350,0.158
9832,01/05/26 06:30:53 PM,1.00,3.01,290.6,0.550,96.391,1069.350,0.039
9833,01/05/26 06:40:53 PM,0.33,1.34,235.9,0.528,96.100,1069.350,-0.025
9834,01/05/26 06:50:53 PM,0.00,0.00,234.5,0.558,95.521,1069.350,-0.078
9835,01/05/26 07:00:53 PM,0.33,1.00,293.4,0.515,95.937,1069.350,-0.061
9836,01/05/26 07:10:53 PM,0.33,1.00,299.0,0.287,96.855,1069.350,-0.158
9837,01/05/26 07:20:53 PM,0.00,0.67,299.0,0.234,97.270,1069.350,-0.152
9838,01/05/26 07:30:53 PM,0.00,0.00,299.0,-0.069,98.080,1069.350,-0.340
9839,01/05/26 07:40:53 PM,0.00,0.00,299.0,-0.383,99.506,1069.350,-0.457
9840,01/05/26 07:50:53 PM,0.00,0.00,299.0,-0.506,99.968,1069.350,-0.516
9841,01/05/26 08:00:53 PM,0.00,0.00,299.0,-0.576,99.997,1069.350,-0.582
9842,01/05/26 08:10:53 PM,0.33,1.34,306.1,-0.667,99.416,1069.350,-0.753
9843,01/05/26 08:20:53 PM,0.33,1.00,310.3,-0.131,96.724,1069.350,-0.593
9844,01/05/26 08:30:53 PM,1.00,2.00,271.0,-0.203,96.139,1069.350,-0.748
9845,01/05/26 08:40:53 PM,0.67,1.67,280.8,-0.324,96.442,1069.350,-0.826
9846,01/05/26 08:50:53 PM,0.67,1.67,296.2,-0.646,97.029,1069.350,-1.064
9847,01/05/26 09:00:53 PM,0.33,1.34,294.8,-0.775,97.168,1069.350,-1.173
9848,01/05/26 09:10:53 PM,0.67,1.67,296.2,-0.742,96.823,1069.350,-1.189
9849,01/05/26 09:20:53 PM,0.00,0.00,300.4,-0.750,96.696,1069.350,-1.215
9850,01/05/26 09:30:53 PM,0.00,0.00,271.0,-1.086,97.340,1069.350,-1.460
9851,01/05/26 09:40:53 PM,0.00,0.00,248.5,-1.321,98.799,1069.350,-1.492
9852,01/05/26 09:50:53 PM,0.00,0.00,254.1,-1.474,99.741,1069.350,-1.517
9853,01/05/26 10:00:53 PM,0.67,1.34,315.9,-1.257,99.997,1069.350,-1.264
9854,01/05/26 10:10:53 PM,0.67,1.34,328.5,-0.823,99.477,1069.350,-0.901
9855,01/05/26 10:20:53 PM,0.00,0.00,328.5,-0.839,98.732,1069.350,-1.020
9856,01/05/26 10:30:53 PM,0.00,0.00,328.5,-1.128,99.445,1069.350,-1.211
9857,01/05/26 10:40:53 PM,0.00,0.00,328.5,-1.397,99.945,1069.350,-1.412
9858,01/05/26 10:50:53 PM,0.00,0.00,328.5,-1.464,99.997,1069.350,-1.472
9859,01/05/26 11:00:53 PM,0.00,0.00,328.5,-1.450,99.997,1069.350,-1.458
9860,01/05/26 11:10:53 PM,1.00,1.67,317.3,-1.332,99.997,1069.350,-1.340
9861,01/05/26 11:20:53 PM,1.00,1.67,324.3,-1.128,99.500,1069.350,-1.203
9862,01/05/26 11:30:53 PM,0.67,1.00,325.7,-0.748,98.077,1069.350,-1.019
9863,01/05/26 11:40:53 PM,1.00,1.67,294.8,0.126,94.282,1069.350,-0.687
9864,01/05/26 11:50:53 PM,1.00,1.34,287.8,0.306,93.075,1069.350,-0.685
9865,01/06/26 12:00:53 AM,0.67,1.67,287.8,0.298,93.159,1069.350,-0.680
9866,01/06/26 12:10:53 AM,1.34,2.00,261.1,0.435,92.360,1069.350,-0.662
9867,01/06/26 12:20:53 AM,1.34,4.01,217.6,0.483,93.185,1069.350,-0.493
9868,01/06/26 12:30:53 AM,2.67,4.01,221.8,1.000,93.585,1069.350,0.080
9869,01/06/26 12:40:53 AM,0.67,2.00,272.4,0.805,94.290,1069.350,-0.011
9870,01/06/26 12:50:53 AM,0.00,0.00,283.6,0.684,94.559,1069.350,-0.092
9871,01/06/26 01:00:53 AM,0.00,0.00,283.6,0.716,94.646,1069.350,-0.047
9872,01/06/26 01:10:53 AM,0.00,0.00,286.4,0.598,95.119,1069.350,-0.096
9873,01/06/26 01:20:53 AM,0.00,0.00,292.0,0.491,95.595,1069.350,-0.134
9874,01/06/26 01:30:53 AM,0.67,1.34,297.6,0.453,95.540,1069.350,-0.180
9875,01/06/26 01:40:53 AM,0.33,1.34,304.7,0.223,96.205,1069.350,-0.314
9876,01/06/26 01:50:53 AM,0.00,0.67,322.9,0.260,96.031,1069.350,-0.302
9877,01/06/26 02:00:53 AM,0.00,0.00,292.0,0.220,96.233,1069.350,-0.313
9878,01/06/26 02:10:53 AM,0.00,1.34,283.6,0.322,95.534,1069.350,-0.311
9879,01/06/26 02:20:53 AM,0.67,1.67,286.4,0.341,95.309,1069.350,-0.325
9880,01/06/26 02:30:53 AM,1.00,1.67,292.0,0.191,95.760,1069.350,-0.409
9881,01/06/26 02:40:53 AM,1.00,1.67,271.0,0.164,95.631,1069.350,-0.455
9882,01/06/26 02:50:53 AM,1.00,2.00,279.4,-0.220,96.707,1069.350,-0.684
9883,01/06/26 03:00:53 AM,1.00,1.67,268.1,-0.222,97.296,1069.350,-0.603
9884,01/06/26 03:10:53 AM,0.33,1.34,304.7,-0.024,96.875,1069.350,-0.465
9885,01/06/26 03:20:53 AM,0.67,2.00,289.2,-0.099,96.773,1069.350,-0.554
9886,01/06/26 03:30:53 AM,1.00,2.00,268.1,-0.153,97.046,1069.350,-0.570
9887,01/06/26 03:40:53 AM,1.00,1.67,259.7,-0.281,96.944,1069.350,-0.712
9888,01/06/26 03:50:53 AM,1.00,2.34,259.7,-0.340,96.533,1069.350,-0.829
9889,01/06/26 04:00:53 AM,1.00,2.00,266.7,-1.032,97.009,1069.350,-1.452
9890,01/06/26 04:10:53 AM,1.34,2.34,269.6,-1.431,98.856,1069.350,-1.595
9891,01/06/26 04:20:53 AM,0.67,1.34,256.9,-1.560,98.926,1069.350,-1.714
9892,01/06/26 04:30:53 AM,1.34,2.34,231.6,-1.965,99.117,1069.350,-2.093
9893,01/06/26 04:40:53 AM,1.34,2.00,251.3,-1.697,99.484,1069.350,-1.775
9894,01/06/26 04:50:53 AM,1.34,2.34,248.5,-1.399,98.073,1069.350,-1.671
9895,01/06/26 05:00:53 AM,2.00,3.34,234.5,-1.501,98.843,1069.350,-1.666
9896,01/06/26 05:10:53 AM,1.34,2.34,266.7,-1.576,97.971,1069.350,-1.862
9897,01/06/26 05:20:53 AM,1.00,1.67,286.4,-1.761,99.284,1069.350,-1.866
9898,01/06/26 05:30:53 AM,1.34,2.67,245.7,-1.517,99.260,1069.350,-1.625
9899,01/06/26 05:40:53 AM,1.00,2.34,269.6,-1.193,99.263,1069.350,-1.301
9900,01/06/26 05:50:53 AM,1.00,2.34,283.6,-0.968,98.355,1069.350,-1.201
9901,01/06/26 06:00:53 AM,0.33,1.00,292.0,-0.986,98.541,1069.350,-1.193
9902,01/06/26 06:10:53 AM,0.67,2.00,254.1,-0.930,98.135,1069.350,-1.193
9903,01/06/26 06:20:53 AM,1.00,2.34,256.9,-0.557,97.592,1069.350,-0.896
9904,01/06/26 06:30:53 AM,0.67,1.67,249.9,-0.809,96.492,1069.350,-1.302
9905,01/06/26 06:40:53 AM,1.00,1.34,265.3,-1.380,97.597,1069.350,-1.718
9906,01/06/26 06:50:53 AM,0.67,1.34,289.2,-1.493,98.383,1069.350,-1.722
9907,01/06/26 07:00:53 AM,0.67,1.00,289.2,-1.332,98.010,1069.350,-1.612
9908,01/06/26 07:10:53 AM,0.67,1.00,289.2,-1.383,97.795,1069.350,-1.693
9909,01/06/26 07:20:53 AM,0.67,1.00,289.2,-1.391,97.485,1069.350,-1.744
9910,01/06/26 07:30:53 AM,0.00,1.00,289.2,-1.482,96.957,1069.350,-1.909
9911,01/06/26 07:40:53 AM,0.00,0.00,289.2,-1.729,97.417,1069.350,-2.091
9912,01/06/26 07:50:53 AM,0.00,1.00,289.2,-1.941,98.122,1069.350,-2.205
9913,01/06/26 08:00:53 AM,0.67,1.00,283.6,-1.978,98.401,1069.350,-2.204
9914,01/06/26 08:10:53 AM,0.67,1.00,283.6,-1.713,98.470,1069.350,-1.930
9915,01/06/26 08:20:53 AM,0.67,1.34,283.6,-1.584,98.404,1069.350,-1.810
9916,01/06/26 08:30:53 AM,0.67,1.34,269.6,-1.316,98.532,1069.350,-1.524
9917,01/06/26 08:40:53 AM,1.00,1.67,242.9,-0.791,98.157,1069.350,-1.051
9918,01/06/26 08:50:53 AM,1.00,1.67,242.9,-0.616,97.443,1069.350,-0.976
9919,01/06/26 09:00:53 AM,0.67,1.00,249.9,-0.541,97.372,1069.350,-0.911
9920,01/06/26 09:10:53 AM,0.67,1.34,249.9,-0.271,96.695,1069.350,-0.737
9921,01/06/26 09:20:53 AM,0.67,1.67,238.7,-0.163,96.255,1069.350,-0.692
9922,01/06/26 09:30:53 AM,1.00,1.67,238.7,0.346,94.337,1069.350,-0.460
9923,01/06/26 09:40:53 AM,0.33,1.34,238.7,0.480,93.672,1069.350,-0.424
9924,01/06/26 09:50:53 AM,0.33,0.67,238.7,0.759,92.210,1069.350,-0.363
9925,01/06/26 10:00:53 AM,0.33,0.67,238.7,0.815,92.007,1069.350,-0.338
9926,01/06/26 10:10:53 AM,0.67,1.00,280.8,0.523,94.356,1069.350,-0.282
9927,01/06/26 10:20:53 AM,1.00,1.67,329.9,0.456,95.647,1069.350,-0.162
9928,01/06/26 10:30:53 AM,0.33,1.00,327.1,0.652,95.013,1069.350,-0.058
9929,01/06/26 10:40:53 AM,0.33,1.00,256.9,0.837,93.823,1069.350,-0.047
9930,01/06/26 10:50:53 AM,0.00,1.00,256.9,1.228,91.167,1069.350,-0.054
9931,01/06/26 11:00:53 AM,0.00,0.67,256.9,1.271,91.652,1069.350,0.062
9932,01/06/26 11:10:53 AM,0.33,1.00,256.9,1.467,92.766,1069.350,0.423
9933,01/06/26 11:20:53 AM,0.33,1.00,256.9,1.719,93.196,1069.350,0.737
9934,01/06/26 11:30:53 AM,0.33,1.00,256.9,1.904,93.294,1069.350,0.935
9935,01/06/26 11:40:53 AM,0.00,0.67,256.9,1.955,92.706,1069.350,0.898
9936,01/06/26 11:50:53 AM,0.00,0.00,256.9,1.992,93.407,1069.350,1.039
9937,01/06/26 12:00:53 PM,0.00,0.00,256.9,2.124,92.859,1069.350,1.089
9938,01/06/26 12:10:53 PM,0.00,0.00,256.9,2.384,91.681,1069.350,1.169
9939,01/06/26 12:20:53 PM,0.00,0.00,256.9,2.756,90.182,1069.350,1.309
9940,01/06/26 12:30:53 PM,0.00,0.00,256.9,3.142,88.121,1069.350,1.368
9941,01/06/26 12:40:53 PM,0.33,1.34,256.9,3.054,86.943,1069.350,1.094
9942,01/06/26 12:50:53 PM,1.00,1.67,271.0,2.904,86.049,1069.350,0.803
9943,01/06/26 01:00:53 PM,1.00,2.34,279.4,3.091,84.765,1069.350,0.779
9944,01/06/26 01:10:53 PM,1.00,1.67,263.9,3.140,83.247,1069.350,0.577
9945,01/06/26 01:20:53 PM,1.34,2.00,214.8,3.183,82.931,1069.350,0.566
9946,01/06/26 01:30:53 PM,1.34,2.34,200.8,3.405,83.452,1069.350,0.871
9947,01/06/26 01:40:53 PM,0.67,1.67,245.7,3.837,81.767,1069.350,1.011
9948,01/06/26 01:50:53 PM,1.67,2.67,244.3,3.839,78.868,1069.350,0.513
9949,01/06/26 02:00:53 PM,2.67,4.34,231.6,3.429,78.645,1069.350,0.074
9950,01/06/26 02:10:53 PM,2.67,4.34,237.3,3.209,78.662,1069.350,-0.137
9951,01/06/26 02:20:53 PM,2.00,3.34,237.3,3.335,78.988,1069.350,0.043
9952,01/06/26 02:30:53 PM,2.34,5.34,238.7,3.767,78.103,1069.350,0.308
9953,01/06/26 02:40:53 PM,3.01,5.68,231.6,3.748,76.594,1069.350,0.021
9954,01/06/26 02:50:53 PM,2.67,4.34,238.7,4.041,75.752,1069.350,0.153
9955,01/06/26 03:00:53 PM,3.67,6.01,251.3,4.129,75.747,1069.350,0.237
9956,01/06/26 03:10:53 PM,3.67,5.34,242.9,3.906,76.376,1069.350,0.135
9957,01/06/26 03:20:53 PM,3.01,5.34,244.3,3.695,77.133,1069.350,0.066
9958,01/06/26 03:30:53 PM,2.34,3.34,266.7,3.719,79.165,1069.350,0.448
9959,01/06/26 03:40:53 PM,1.67,3.67,263.9,3.770,78.874,1069.350,0.447
9960,01/06/26 03:50:53 PM,3.67,6.35,261.1,3.850,77.472,1069.350,0.277
9961,01/06/26 04:00:53 PM,3.01,4.34,278.0,3.604,79.257,1069.350,0.352
9962,01/06/26 04:10:53 PM,3.01,4.68,279.4,3.427,80.232,1069.350,0.348
9963,01/06/26 04:20:53 PM,2.67,4.34,275.2,3.536,80.285,1069.350,0.463
9964,01/06/26 04:30:53 PM,2.67,4.68,276.6,3.577,79.991,1069.350,0.453
9965,01/06/26 04:40:53 PM,2.67,4.34,278.0,3.461,80.909,1069.350,0.497
9966,01/06/26 04:50:53 PM,2.67,4.68,283.6,3.488,80.649,1069.350,0.479
9967,01/06/26 05:00:53 PM,2.67,4.34,283.6,3.456,81.137,1069.350,0.531
9968,01/06/26 05:10:53 PM,2.34,3.34,287.8,3.204,82.298,1069.350,0.481
9969,01/06/26 05:20:53 PM,2.00,3.01,303.2,2.939,83.604,1069.350,0.439
9970,01/06/26 05:30:53 PM,2.00,2.67,306.1,2.625,85.284,1069.350,0.405
9971,01/06/26 05:40:53 PM,1.67,2.34,315.9,2.502,85.632,1069.350,0.341
9972,01/06/26 05:50:53 PM,1.67,2.34,320.1,2.357,85.963,1069.350,0.251
9973,01/06/26 06:00:53 PM,2.00,3.01,310.3,2.250,86.748,1069.350,0.271
9974,01/06/26 06:10:53 PM,3.01,4.68,290.6,2.373,86.133,1069.350,0.294
9975,01/06/26 06:20:53 PM,2.00,3.34,272.4,2.290,86.554,1069.350,0.280
9976,01/06/26 06:30:53 PM,1.67,3.34,272.4,2.081,87.663,1069.350,0.249
9977,01/06/26 06:40:53 PM,1.34,2.67,294.8,1.963,88.568,1069.350,0.275
9978,01/06/26 06:50:53 PM,2.34,4.01,280.8,1.984,88.995,1069.350,0.362
9979,01/06/26 07:00:53 PM,2.34,4.34,261.1,1.687,91.083,1069.350,0.388
9980,01/06/26 07:10:53 PM,2.00,3.34,259.7,1.456,92.850,1069.350,0.424
9981,01/06/26 07:20:53 PM,1.67,2.34,268.1,1.223,94.629,1069.350,0.455
9982,01/06/26 07:30:53 PM,1.67,2.67,271.0,0.995,96.211,1069.350,0.457
9983,01/06/26 07:40:53 PM,1.67,2.34,269.6,0.909,96.884,1069.350,0.467
9984,01/06/26 07:50:53 PM,1.34,2.00,266.7,0.842,97.574,1069.350,0.498
9985,01/06/26 08:00:53 PM,0.33,1.34,273.8,0.748,97.920,1069.350,0.453
9986,01/06/26 08:10:53 PM,0.67,2.00,273.8,0.644,98.389,1069.350,0.416
9987,01/06/26 08:20:53 PM,1.67,3.01,266.7,0.756,99.033,1069.350,0.618
9988,01/06/26 08:30:53 PM,2.00,3.34,275.2,0.807,99.347,1069.350,0.713
9989,01/06/26 08:40:53 PM,2.00,3.01,273.8,0.866,98.961,1069.350,0.718
9990,01/06/26 08:50:53 PM,2.00,3.01,275.2,0.805,98.921,1069.350,0.651
9991,01/06/26 09:00:53 PM,1.67,2.67,259.7,0.829,98.962,1069.350,0.681
9992,01/06/26 09:10:53 PM,1.00,2.00,252.7,0.740,99.135,1069.350,0.616
9993,01/06/26 09:20:53 PM,1.00,1.67,266.7,0.555,99.504,1069.350,0.482
9994,01/06/26 09:30:53 PM,1.67,2.34,261.1,0.512,99.980,1069.350,0.505
9995,01/06/26 09:40:53 PM,1.34,2.00,278.0,0.566,99.896,1069.350,0.548
9996,01/06/26 09:50:53 PM,1.34,2.34,290.6,0.654,99.820,1069.350,0.625
9997,01/06/26 10:00:53 PM,0.67,1.67,219.0,0.480,99.850,1069.350,0.455
9998,01/06/26 10:10:53 PM,1.00,2.67,263.9,0.786,99.277,1069.350,0.682
9999,01/06/26 10:20:53 PM,0.33,1.00,269.6,0.788,98.602,1069.350,0.589
10000,01/06/26 10:30:53 PM,0.33,1.00,290.6,0.547,99.516,1069.350,0.476
10001,01/06/26 10:40:53 PM,0.33,1.00,294.8,0.649,99.393,1069.350,0.561
10002,01/06/26 10:50:53 PM,0.00,0.00,294.8,0.662,99.197,1069.350,0.547
10003,01/06/26 11:00:53 PM,0.00,0.00,294.8,0.649,99.065,1069.350,0.515
10004,01/06/26 11:10:53 PM,0.33,1.00,294.8,0.405,99.744,1069.350,0.365
10005,01/06/26 11:20:53 PM,0.33,1.34,311.7,0.480,99.666,1069.350,0.430
10006,01/06/26 11:30:53 PM,0.00,0.00,320.1,0.601,99.025,1069.350,0.462
10007,01/06/26 11:40:53 PM,0.00,0.00,320.1,0.772,98.256,1069.350,0.525
10008,01/06/26 11:50:53 PM,0.33,1.34,320.1,0.727,97.810,1069.350,0.417
10009,01/07/26 12:00:53 AM,0.33,1.00,320.1,0.644,98.218,1069.350,0.391
10010,01/07/26 12:10:53 AM,0.67,1.34,320.1,0.590,98.715,1069.350,0.407
10011,01/07/26 12:20:53 AM,0.67,1.34,320.1,0.673,98.312,1069.350,0.434
10012,01/07/26 12:30:53 AM,0.00,0.00,320.1,0.502,98.651,1069.350,0.310
10013,01/07/26 12:40:53 AM,0.00,0.00,320.1,0.177,99.675,1069.350,0.127
10014,01/07/26 12:50:53 AM,0.00,0.67,320.1,0.392,99.538,1069.350,0.324
10015,01/07/26 01:00:53 AM,0.67,1.34,320.1,0.453,99.138,1069.350,0.329
10016,01/07/26 01:10:53 AM,0.00,1.00,320.1,0.488,98.996,1069.350,0.344
10017,01/07/26 01:20:53 AM,0.00,0.33,320.1,0.536,98.694,1069.350,0.350
10018,01/07/26 01:30:53 AM,0.00,0.00,320.1,0.662,97.937,1069.350,0.370
10019,01/07/26 01:40:53 AM,0.00,0.00,320.1,0.389,98.842,1069.350,0.224
10020,01/07/26 01:50:53 AM,0.00,0.00,320.1,0.370,99.312,1069.350,0.270
10021,01/07/26 02:00:53 AM,0.00,0.00,320.1,0.445,98.979,1069.350,0.299
10022,01/07/26 02:10:53 AM,0.00,0.00,320.1,0.601,98.315,1069.350,0.362
10023,01/07/26 02:20:53 AM,0.00,0.00,320.1,0.716,97.705,1069.350,0.391
10024,01/07/26 02:30:53 AM,1.00,1.67,301.8,0.858,96.934,1069.350,0.423
10025,01/07/26 02:40:53 AM,1.34,1.67,286.4,0.998,96.368,1069.350,0.482
10026,01/07/26 02:50:53 AM,1.00,1.67,278.0,1.126,95.505,1069.350,0.486
10027,01/07/26 03:00:53 AM,0.67,1.34,278.0,0.845,96.727,1069.350,0.381
10028,01/07/26 03:10:53 AM,1.00,1.67,258.3,0.738,97.371,1069.350,0.366
10029,01/07/26 03:20:53 AM,0.33,1.00,255.5,0.614,98.007,1069.350,0.332
10030,01/07/26 03:30:53 AM,0.67,1.34,259.7,0.620,97.981,1069.350,0.334
10031,01/07/26 03:40:53 AM,1.00,1.67,266.7,0.783,97.005,1069.350,0.359
10032,01/07/26 03:50:53 AM,1.34,1.67,265.3,0.909,96.149,1069.350,0.362
10033,01/07/26 04:00:53 AM,1.34,2.00,278.0,0.826,96.489,1069.350,0.328
10034,01/07/26 04:10:53 AM,1.34,2.00,275.2,0.957,95.683,1069.350,0.343
10035,01/07/26 04:20:53 AM,1.67,2.00,272.4,1.035,94.990,1069.350,0.320
10036,01/07/26 04:30:53 AM,1.67,2.34,272.4,1.263,93.802,1069.350,0.373
10037,01/07/26 04:40:53 AM,1.67,2.67,268.1,1.349,93.143,1069.350,0.361
10038,01/07/26 04:50:53 AM,2.00,3.01,266.7,1.317,93.294,1069.350,0.352
10039,01/07/26 05:00:53 AM,2.00,3.34,268.1,1.357,92.967,1069.350,0.343
10040,01/07/26 05:10:53 AM,2.67,3.67,259.7,1.526,91.983,1069.350,0.364
10041,01/07/26 05:20:53 AM,2.67,4.68,271.0,1.558,91.679,1069.350,0.350
10042,01/07/26 05:30:53 AM,2.67,4.01,279.4,1.668,90.806,1069.350,0.327
10043,01/07/26 05:40:53 AM,3.01,4.01,285.0,1.703,90.361,1069.350,0.294
10044,01/07/26 05:50:53 AM,3.34,4.34,287.8,1.743,89.860,1069.350,0.257
10045,01/07/26 06:00:53 AM,3.01,4.68,280.8,1.628,90.399,1069.350,0.226
10046,01/07/26 06:10:53 AM,3.01,4.68,278.0,1.523,90.791,1069.350,0.181
10047,01/07/26 06:20:53 AM,3.01,4.68,280.8,1.518,90.501,1069.350,0.132
10048,01/07/26 06:30:53 AM,2.67,4.68,271.0,1.467,90.523,1069.350,0.085
10049,01/07/26 06:40:53 AM,2.34,3.67,265.3,1.335,91.106,1069.350,0.043
10050,01/07/26 06:50:53 AM,2.67,3.67,263.9,1.357,90.666,1069.350,-0.002
10051,01/07/26 07:00:53 AM,2.67,5.68,266.7,1.290,90.677,1069.350,-0.067
10052,01/07/26 07:10:53 AM,3.34,5.01,275.2,1.456,89.058,1069.350,-0.150
10053,01/07/26 07:20:53 AM,3.67,5.34,271.0,1.402,89.029,1069.350,-0.208
10054,01/07/26 07:30:53 AM,3.67,5.01,263.9,1.236,89.870,1069.350,-0.243
10055,01/07/26 07:40:53 AM,4.01,6.01,261.1,1.239,89.795,1069.350,-0.252
10056,01/07/26 07:50:53 AM,4.01,7.01,261.1,1.266,89.660,1069.350,-0.246
10057,01/07/26 08:00:53 AM,5.34,9.02,262.5,1.022,91.812,1069.350,-0.161
10058,01/07/26 08:10:53 AM,6.01,9.02,268.1,0.156,97.523,1069.350,-0.194
10059,01/07/26 08:20:53 AM,5.34,8.02,268.1,-0.134,99.976,1069.350,-0.142
10060,01/07/26 08:30:53 AM,5.34,7.68,268.1,-0.187,99.997,1069.350,-0.193
10061,01/07/26 08:40:53 AM,4.68,7.35,263.9,-0.281,99.997,1069.350,-0.287
10062,01/07/26 08:50:53 AM,4.34,6.35,262.5,-0.388,99.997,1069.350,-0.394
10063,01/07/26 09:00:53 AM,3.34,5.34,261.1,-0.431,99.997,1069.350,-0.437
10064,01/07/26 09:10:53 AM,3.01,5.01,261.1,-0.482,99.997,1069.350,-0.488
10065,01/07/26 09:20:53 AM,3.34,5.01,261.1,-0.498,99.997,1069.350,-0.504
10066,01/07/26 09:30:53 AM,4.01,5.68,259.7,-0.490,99.997,1069.350,-0.496
10067,01/07/26 09:40:53 AM,4.34,6.68,261.1,-0.378,99.997,1069.350,-0.384
10068,01/07/26 09:50:53 AM,5.34,8.68,262.5,-0.303,99.997,1069.350,-0.309
10069,01/07/26 10:00:53 AM,5.01,7.68,265.3,-0.217,99.980,1069.350,-0.225
10070,01/07/26 10:10:53 AM,4.68,6.68,268.1,-0.155,99.562,1069.350,-0.221
10071,01/07/26 10:20:53 AM,4.68,7.01,262.5,-0.083,98.962,1069.350,-0.232
10072,01/07/26 10:30:53 AM,4.01,6.35,256.9,-0.043,98.846,1069.350,-0.208
10073,01/07/26 10:40:53 AM,4.01,6.35,256.9,0.032,98.378,1069.350,-0.198
10074,01/07/26 10:50:53 AM,3.67,5.34,256.9,0.051,98.393,1069.350,-0.177
10075,01/07/26 11:00:53 AM,4.01,6.01,256.9,0.164,97.668,1069.350,-0.165
10076,01/07/26 11:10:53 AM,4.01,6.35,261.1,0.244,97.504,1069.350,-0.109
10077,01/07/26 11:20:53 AM,4.68,7.35,261.1,0.386,96.947,1069.350,-0.046
10078,01/07/26 11:30:53 AM,5.34,8.02,263.9,0.534,96.030,1069.350,-0.029
10079,01/07/26 11:40:53 AM,5.34,7.68,261.1,0.697,95.296,1069.350,0.028
10080,01/07/26 11:50:53 AM,5.34,8.35,263.9,0.799,95.135,1069.350,0.106
10081,01/07/26 12:00:53 PM,5.68,8.02,263.9,0.797,94.974,1069.350,0.081
10082,01/07/26 12:10:53 PM,6.35,8.68,265.3,0.877,94.218,1069.350,0.050
10083,01/07/26 12:20:53 PM,6.35,9.35,266.7,0.976,93.536,1069.350,0.049
10084,01/07/26 12:30:53 PM,6.01,9.02,268.1,1.038,93.591,1069.350,0.119
10085,01/07/26 12:40:53 PM,6.01,9.02,268.1,1.105,93.768,1069.350,0.211
10086,01/07/26 12:50:53 PM,6.68,9.35,263.9,0.995,93.568,1069.350,0.072
10087,01/07/26 01:00:53 PM,5.68,8.68,265.3,1.000,93.765,1069.350,0.106
10088,01/07/26 01:10:53 PM,5.68,8.35,262.5,1.027,93.634,1069.350,0.114
10089,01/07/26 01:20:53 PM,6.01,8.35,259.7,1.078,93.136,1069.350,0.091
10090,01/07/26 01:30:53 PM,5.68,8.02,263.9,1.561,92.247,1069.350,0.438
10091,01/07/26 01:40:53 PM,6.01,8.68,265.3,1.963,90.083,1069.350,0.509
10092,01/07/26 01:50:53 PM,5.34,8.68,259.7,1.794,90.660,1069.350,0.430
10093,01/07/26 02:00:53 PM,5.34,7.68,266.7,1.595,89.009,1069.350,-0.021
10094,01/07/26 02:10:53 PM,5.01,7.01,266.7,1.392,88.983,1069.350,-0.225
10095,01/07/26 02:20:53 PM,5.01,7.68,271.0,2.207,86.482,1069.350,0.186
10096,01/07/26 02:30:53 PM,5.34,8.02,268.1,2.748,84.198,1069.350,0.349
10097,01/07/26 02:40:53 PM,4.68,6.68,259.7,1.689,86.105,1069.350,-0.384
10098,01/07/26 02:50:53 PM,4.68,6.68,259.7,1.770,86.192,1069.350,-0.290
10099,01/07/26 03:00:53 PM,4.34,6.68,263.9,1.941,84.558,1069.350,-0.385
10100,01/07/26 03:10:53 PM,4.01,6.35,273.8,1.872,84.073,1069.350,-0.531
10101,01/07/26 03:20:53 PM,5.34,7.68,278.0,2.110,80.195,1069.350,-0.944
10102,01/07/26 03:30:53 PM,5.01,7.68,273.8,2.555,79.461,1069.350,-0.636
10103,01/07/26 03:40:53 PM,5.68,7.68,261.1,2.486,77.559,1069.350,-1.034
10104,01/07/26 03:50:53 PM,5.34,7.35,263.9,2.528,78.230,1069.350,-0.875
10105,01/07/26 04:00:53 PM,5.01,8.02,263.9,2.520,78.544,1069.350,-0.829
10106,01/07/26 04:10:53 PM,5.34,7.68,263.9,2.164,79.089,1069.350,-1.081
10107,01/07/26 04:20:53 PM,5.01,7.01,263.9,2.075,79.434,1069.350,-1.108
10108,01/07/26 04:30:53 PM,4.34,6.35,262.5,1.858,80.105,1069.350,-1.205
10109,01/07/26 04:40:53 PM,3.34,5.34,275.2,1.756,80.615,1069.350,-1.219
10110,01/07/26 04:50:53 PM,3.67,6.01,273.8,1.617,79.548,1069.350,-1.536
10111,01/07/26 05:00:53 PM,3.01,4.68,278.0,1.413,80.749,1069.350,-1.531
10112,01/07/26 05:10:53 PM,2.34,4.34,269.6,1.263,81.846,1069.350,-1.494
10113,01/07/26 05:20:53 PM,2.00,3.67,247.1,1.121,82.649,1069.350,-1.501
10114,01/07/26 05:30:53 PM,2.00,3.01,228.8,0.823,84.062,1069.350,-1.563
10115,01/07/26 05:40:53 PM,1.67,2.67,223.2,0.456,85.733,1069.350,-1.656
10116,01/07/26 05:50:53 PM,1.67,3.01,248.5,0.145,86.835,1069.350,-1.789
10117,01/07/26 06:00:53 PM,1.34,2.00,255.5,-0.407,89.422,1069.350,-1.936
10118,01/07/26 06:10:53 PM,1.34,2.00,247.1,-0.614,89.871,1069.350,-2.073
10119,01/07/26 06:20:53 PM,0.67,1.67,259.7,-0.965,92.204,1069.350,-2.074
10120,01/07/26 06:30:53 PM,1.00,1.34,287.8,-1.035,92.801,1069.350,-2.057
10121,01/07/26 06:40:53 PM,1.00,1.67,280.8,-0.919,92.850,1069.350,-1.934
10122,01/07/26 06:50:53 PM,2.67,5.01,289.2,-0.466,86.410,1069.350,-2.457
10123,01/07/26 07:00:53 PM,2.67,4.68,259.7,-0.158,81.898,1069.350,-2.877
10124,01/07/26 07:10:53 PM,3.01,4.68,241.5,-0.716,89.508,1069.350,-2.229
10125,01/07/26 07:20:53 PM,3.67,5.01,235.9,-1.150,93.619,1069.350,-2.052
10126,01/07/26 07:30:53 PM,3.01,4.68,231.6,-1.418,97.052,1069.350,-1.831
10127,01/07/26 07:40:53 PM,2.34,3.67,230.2,-1.509,98.517,1069.350,-1.719
10128,01/07/26 07:50:53 PM,2.00,2.67,254.1,-1.657,99.213,1069.350,-1.772
10129,01/07/26 08:00:53 PM,1.67,2.34,234.5,-1.970,99.229,1069.350,-2.083
10130,01/07/26 08:10:53 PM,1.67,3.01,233.1,-1.871,99.698,1069.350,-1.920
10131,01/07/26 08:20:53 PM,1.67,3.01,272.4,-1.866,99.210,1069.350,-1.981
10132,01/07/26 08:30:53 PM,1.00,2.00,273.8,-1.868,99.435,1069.350,-1.953
10133,01/07/26 08:40:53 PM,0.67,1.67,266.7,-1.876,99.750,1069.350,-1.918
10134,01/07/26 08:50:53 PM,0.00,0.67,266.7,-1.895,99.918,1069.350,-1.914
10135,01/07/26 09:00:53 PM,0.00,1.00,266.7,-1.965,99.997,1069.350,-1.974
10136,01/07/26 09:10:53 PM,0.00,1.00,278.0,-1.943,99.997,1069.350,-1.952
10137,01/07/26 09:20:53 PM,0.00,0.00,290.6,-1.935,99.997,1069.350,-1.943
10138,01/07/26 09:30:53 PM,0.00,0.00,290.6,-2.029,99.997,1069.350,-2.038
10139,01/07/26 09:40:53 PM,0.00,0.00,285.0,-2.190,99.997,1069.350,-2.199
10140,01/07/26 09:50:53 PM,0.00,0.00,258.3,-2.437,99.997,1069.350,-2.446
10141,01/07/26 10:00:53 PM,0.00,0.00,262.5,-2.606,99.997,1069.350,-2.616
10142,01/07/26 10:10:53 PM,1.00,1.34,265.3,-2.981,99.997,1069.350,-2.991
10143,01/07/26 10:20:53 PM,1.00,1.34,271.0,-3.190,99.997,1069.350,-3.201
10144,01/07/26 10:30:53 PM,1.00,1.34,272.4,-3.305,99.997,1069.350,-3.316
10145,01/07/26 10:40:53 PM,1.34,2.34,272.4,-3.072,99.997,1069.350,-3.082
10146,01/07/26 10:50:53 PM,1.67,2.34,258.3,-2.884,99.997,1069.350,-2.894
10147,01/07/26 11:00:53 PM,1.00,1.67,233.1,-3.346,99.997,1069.350,-3.357
10148,01/07/26 11:10:53 PM,1.00,1.34,266.7,-3.887,99.997,1069.350,-3.899
10149,01/07/26 11:20:53 PM,1.34,1.67,287.8,-4.220,99.997,1069.350,-4.232
10150,01/07/26 11:30:53 PM,1.34,2.00,276.6,-4.466,99.997,1069.350,-4.479
10151,01/07/26 11:40:53 PM,1.34,2.00,269.6,-4.321,99.997,1069.350,-4.333
10152,01/07/26 11:50:53 PM,1.00,1.34,287.8,-4.576,99.966,1069.350,-4.593
10153,01/08/26 12:00:53 AM,1.34,1.67,280.8,-3.777,99.997,1069.350,-3.788
10154,01/08/26 12:10:53 AM,1.34,2.34,287.8,-3.488,99.727,1069.350,-3.535
10155,01/08/26 12:20:53 AM,0.67,1.34,304.7,-3.884,98.410,1069.350,-4.108
10156,01/08/26 12:30:53 AM,0.33,1.34,293.4,-4.477,99.005,1069.350,-4.622
10157,01/08/26 12:40:53 AM,0.67,1.34,226.0,-4.734,99.603,1069.350,-4.799
10158,01/08/26 12:50:53 AM,0.33,1.00,226.0,-4.313,99.515,1069.350,-4.389
10159,01/08/26 01:00:53 AM,1.00,1.67,321.5,-4.745,98.602,1069.350,-4.944
10160,01/08/26 01:10:53 AM,1.00,1.67,297.6,-4.431,98.260,1069.350,-4.676
10161,01/08/26 01:20:53 AM,0.67,1.34,292.0,-4.539,97.762,1069.350,-4.851
10162,01/08/26 01:30:53 AM,0.33,1.00,314.5,-4.616,98.672,1069.350,-4.805
10163,01/08/26 01:40:53 AM,1.00,1.34,259.7,-4.635,98.648,1069.350,-4.827
10164,01/08/26 01:50:53 AM,1.34,2.00,223.2,-5.193,97.578,1069.350,-5.529
10165,01/08/26 02:00:53 AM,1.34,2.00,251.3,-5.689,98.529,1069.350,-5.897
10166,01/08/26 02:10:53 AM,1.67,2.34,245.7,-5.689,98.859,1069.350,-5.853
10167,01/08/26 02:20:53 AM,1.34,1.67,283.6,-6.338,98.233,1069.350,-6.585
10168,01/08/26 02:30:53 AM,1.34,2.34,278.0,-5.700,99.452,1069.350,-5.786
10169,01/08/26 02:40:53 AM,1.67,2.00,254.1,-5.249,99.037,1069.350,-5.390
10170,01/08/26 02:50:53 AM,1.00,3.01,269.6,-4.643,99.731,1069.350,-4.691
10171,01/08/26 03:00:53 AM,2.34,4.01,280.8,-3.145,99.190,1069.350,-3.264
10172,01/08/26 03:10:53 AM,2.34,4.01,276.6,-2.839,98.872,1069.350,-3.001
10173,01/08/26 03:20:53 AM,2.00,3.01,251.3,-2.984,99.863,1069.350,-3.012
10174,01/08/26 03:30:53 AM,1.67,3.01,227.4,-3.281,99.997,1069.350,-3.292
10175,01/08/26 03:40:53 AM,2.34,3.34,254.1,-3.316,99.997,1069.350,-3.327
10176,01/08/26 03:50:53 AM,2.34,3.67,272.4,-3.123,99.997,1069.350,-3.133
10177,01/08/26 04:00:53 AM,3.01,4.34,268.1,-2.946,99.997,1069.350,-2.956
10178,01/08/26 04:10:53 AM,2.67,4.68,256.9,-2.844,99.997,1069.350,-2.854
10179,01/08/26 04:20:53 AM,3.01,4.68,265.3,-2.844,99.997,1069.350,-2.854
10180,01/08/26 04:30:53 AM,3.01,4.68,265.3,-2.815,99.997,1069.350,-2.825
10181,01/08/26 04:40:53 AM,3.67,6.68,271.0,-2.809,99.997,1069.350,-2.819
10182,01/08/26 04:50:53 AM,4.01,5.34,273.8,-2.807,99.779,1069.350,-2.846
10183,01/08/26 05:00:53 AM,4.01,6.35,275.2,-2.895,98.593,1069.350,-3.095
10184,01/08/26 05:10:53 AM,3.67,5.34,265.3,-2.978,98.364,1069.350,-3.209
10185,01/08/26 05:20:53 AM,3.34,5.34,258.3,-3.104,98.088,1069.350,-3.372
10186,01/08/26 05:30:53 AM,4.34,7.35,262.5,-3.600,96.095,1069.350,-4.141
10187,01/08/26 05:40:53 AM,5.68,9.02,268.1,-3.952,95.048,1069.350,-4.637
10188,01/08/26 05:50:53 AM,5.34,7.35,272.4,-4.155,95.375,1069.350,-4.794
10189,01/08/26 06:00:53 AM,4.68,7.01,275.2,-4.292,94.839,1069.350,-5.005
10190,01/08/26 06:10:53 AM,4.68,6.35,276.6,-4.402,94.348,1069.350,-5.183
10191,01/08/26 06:20:53 AM,5.34,7.35,273.8,-4.346,93.809,1069.350,-5.203
10192,01/08/26 06:30:53 AM,4.68,6.35,272.4,-4.482,94.264,1069.350,-5.274
10193,01/08/26 06:40:53 AM,3.67,6.01,275.2,-4.737,94.969,1069.350,-5.430
10194,01/08/26 06:50:53 AM,2.67,4.01,276.6,-5.086,95.596,1069.350,-5.691
10195,01/08/26 07:00:53 AM,2.67,4.34,276.6,-5.198,95.630,1069.350,-5.798
10196,01/08/26 07:10:53 AM,3.01,4.01,271.0,-5.279,95.198,1069.350,-5.938
10197,01/08/26 07:20:53 AM,2.67,3.67,269.6,-5.630,94.696,1069.350,-6.357
10198,01/08/26 07:30:53 AM,2.00,3.34,276.6,-5.718,94.868,1069.350,-6.421
10199,01/08/26 07:40:53 AM,2.00,3.01,279.4,-5.831,95.686,1069.350,-6.421
10200,01/08/26 07:50:53 AM,2.67,3.67,278.0,-6.021,95.702,1069.350,-6.609
10201,01/08/26 08:00:53 AM,2.34,3.34,283.6,-6.458,95.415,1069.350,-7.083
10202,01/08/26 08:10:53 AM,2.00,2.67,282.2,-6.340,94.037,1069.350,-7.154
10203,01/08/26 08:20:53 AM,2.34,3.34,262.5,-6.860,93.991,1069.350,-7.678
10204,01/08/26 08:30:53 AM,2.67,3.67,265.3,-7.750,94.653,1069.350,-8.473
10205,01/08/26 08:40:53 AM,2.34,3.67,268.1,-7.531,94.229,1069.350,-8.313
10206,01/08/26 08:50:53 AM,3.01,5.01,286.4,-6.488,92.805,1069.350,-7.472
10207,01/08/26 09:00:53 AM,3.34,5.01,289.2,-6.019,91.197,1069.350,-7.232
10208,01/08/26 09:10:53 AM,3.01,4.68,283.6,-5.909,91.403,1069.350,-7.094
10209,01/08/26 09:20:53 AM,3.34,4.68,289.2,-5.879,91.232,1069.350,-7.088
10210,01/08/26 09:30:53 AM,4.34,7.01,292.0,-5.324,89.403,1069.350,-6.802
10211,01/08/26 09:40:53 AM,4.01,6.35,285.0,-4.863,87.724,1069.350,-6.593
10212,01/08/26 09:50:53 AM,4.01,6.01,287.8,-4.772,87.178,1069.350,-6.584
10213,01/08/26 10:00:53 AM,4.01,6.35,279.4,-4.614,87.532,1069.350,-6.375
10214,01/08/26 10:10:53 AM,4.68,7.35,275.2,-4.608,88.139,1069.350,-6.279
10215,01/08/26 10:20:53 AM,4.68,6.35,271.0,-4.584,88.525,1069.350,-6.199
10216,01/08/26 10:30:53 AM,4.68,6.68,271.0,-4.284,87.768,1069.350,-6.015
10217,01/08/26 10:40:53 AM,5.01,7.68,268.1,-3.893,86.580,1069.350,-5.807
10218,01/08/26 10:50:53 AM,5.34,7.35,280.8,-3.423,85.037,1069.350,-5.581
10219,01/08/26 11:00:53 AM,5.68,8.02,286.4,-3.120,82.507,1069.350,-5.679
10220,01/08/26 11:10:53 AM,5.68,8.68,290.6,-2.922,81.662,1069.350,-5.620
10221,01/08/26 11:20:53 AM,5.68,8.02,290.6,-2.726,80.679,1069.350,-5.588
10222,01/08/26 11:30:53 AM,5.68,8.68,292.0,-2.635,80.497,1069.350,-5.528
10223,01/08/26 11:40:53 AM,6.01,8.68,290.6,-2.590,80.667,1069.350,-5.457
10224,01/08/26 11:50:53 AM,5.34,9.35,287.8,-2.383,80.487,1069.350,-5.284
10225,01/08/26 12:00:53 PM,6.01,9.02,289.2,-2.308,79.954,1069.350,-5.298
10226,01/08/26 12:10:53 PM,6.35,9.35,282.2,-2.348,80.772,1069.350,-5.203
10227,01/08/26 12:20:53 PM,6.68,9.35,278.0,-2.380,80.699,1069.350,-5.246
10228,01/08/26 12:30:53 PM,6.68,10.35,282.2,-2.399,80.391,1069.350,-5.315
10229,01/08/26 12:40:53 PM,7.01,10.69,286.4,-2.351,80.336,1069.350,-5.277
10230,01/08/26 12:50:53 PM,7.01,9.68,289.2,-2.244,80.084,1069.350,-5.214
10231,01/08/26 01:00:53 PM,7.01,10.35,279.4,-2.136,79.924,1069.350,-5.135
10232,01/08/26 01:10:53 PM,7.01,10.02,278.0,-2.284,80.967,1069.350,-5.109
10233,01/08/26 01:20:53 PM,7.01,10.35,275.2,-2.169,80.504,1069.350,-5.072
10234,01/08/26 01:30:53 PM,7.68,11.35,282.2,-2.204,79.318,1069.350,-5.301
10235,01/08/26 01:40:53 PM,7.35,10.69,282.2,-2.126,79.959,1069.350,-5.119
10236,01/08/26 01:50:53 PM,7.68,10.69,275.2,-2.222,80.194,1069.350,-5.174
10237,01/08/26 02:00:53 PM,7.01,11.02,280.8,-2.228,79.620,1069.350,-5.275
10238,01/08/26 02:10:53 PM,6.68,9.68,276.6,-2.123,79.539,1069.350,-5.186
10239,01/08/26 02:20:53 PM,6.35,10.02,279.4,-2.279,79.548,1069.350,-5.337
10240,01/08/26 02:30:53 PM,7.01,9.68,279.4,-1.968,78.946,1069.350,-5.133
10241,01/08/26 02:40:53 PM,7.68,11.02,273.8,-2.212,78.938,1069.350,-5.372
10242,01/08/26 02:50:53 PM,7.01,10.02,279.4,-2.032,78.175,1069.350,-5.325
10243,01/08/26 03:00:53 PM,7.01,10.69,278.0,-2.249,79.002,1069.350,-5.398
10244,01/08/26 03:10:53 PM,6.68,9.35,273.8,-2.879,82.307,1069.350,-5.475
10245,01/08/26 03:20:53 PM,6.35,9.35,276.6,-2.927,82.591,1069.350,-5.477
10246,01/08/26 03:30:53 PM,6.68,10.35,268.1,-3.048,82.335,1069.350,-5.636
10247,01/08/26 03:40:53 PM,6.68,9.68,278.0,-3.069,82.603,1069.350,-5.614
10248,01/08/26 03:50:53 PM,6.35,9.68,280.8,-2.686,80.600,1069.350,-5.561
10249,01/08/26 04:00:53 PM,7.35,11.35,278.0,-2.399,78.064,1069.350,-5.701
10250,01/08/26 04:10:53 PM,8.02,11.02,279.4,-2.852,78.811,1069.350,-6.018
10251,01/08/26 04:20:53 PM,6.68,9.68,278.0,-3.187,83.272,1069.350,-5.624
10252,01/08/26 04:30:53 PM,6.68,10.02,278.0,-2.957,79.394,1069.350,-6.024
10253,01/08/26 04:40:53 PM,6.35,9.35,271.0,-3.611,82.414,1069.350,-6.175
10254,01/08/26 04:50:53 PM,6.01,8.68,269.6,-4.351,88.766,1069.350,-5.933
10255,01/08/26 05:00:53 PM,5.34,7.68,280.8,-3.981,89.673,1069.350,-5.434
10256,01/08/26 05:10:53 PM,5.34,8.68,286.4,-3.694,85.100,1069.350,-5.837
10257,01/08/26 05:20:53 PM,5.34,7.35,285.0,-3.402,80.670,1069.350,-6.250
10258,01/08/26 05:30:53 PM,5.68,8.02,279.4,-3.399,77.910,1069.350,-6.700
10259,01/08/26 05:40:53 PM,5.68,8.35,276.6,-3.938,79.904,1069.350,-6.898
10260,01/08/26 05:50:53 PM,5.68,8.02,276.6,-3.986,81.675,1069.350,-6.660
10261,01/08/26 06:00:53 PM,5.68,8.35,287.8,-4.324,86.290,1069.350,-6.276
10262,01/08/26 06:10:53 PM,5.34,7.68,282.2,-4.876,89.638,1069.350,-6.324
10263,01/08/26 06:20:53 PM,5.68,8.02,278.0,-5.407,88.544,1069.350,-7.009
10264,01/08/26 06:30:53 PM,5.34,8.02,278.0,-5.718,87.269,1069.350,-7.503
10265,01/08/26 06:40:53 PM,6.01,8.68,276.6,-5.649,85.711,1069.350,-7.668
10266,01/08/26 06:50:53 PM,5.34,7.68,285.0,-5.603,85.747,1069.350,-7.617
10267,01/08/26 07:00:53 PM,6.35,10.02,285.0,-5.418,85.696,1069.350,-7.443
10268,01/08/26 07:10:53 PM,5.68,9.02,282.2,-5.799,87.794,1069.350,-7.506
10269,01/08/26 07:20:53 PM,5.68,8.02,282.2,-5.820,87.388,1069.350,-7.587
10270,01/08/26 07:30:53 PM,5.01,7.35,283.6,-5.885,85.605,1069.350,-7.916
10271,01/08/26 07:40:53 PM,4.68,6.68,286.4,-5.895,84.526,1069.350,-8.089
10272,01/08/26 07:50:53 PM,4.34,5.68,282.2,-6.021,85.397,1069.350,-8.081
10273,01/08/26 08:00:53 PM,4.68,7.01,283.6,-6.029,85.878,1069.350,-8.017
10274,01/08/26 08:10:53 PM,5.34,8.68,285.0,-5.871,87.695,1069.350,-7.592
10275,01/08/26 08:20:53 PM,5.34,8.02,289.2,-5.911,87.420,1069.350,-7.672
10276,01/08/26 08:30:53 PM,6.01,8.68,289.2,-5.740,85.568,1069.350,-7.779
10277,01/08/26 08:40:53 PM,5.01,7.35,286.4,-5.986,86.041,1069.350,-7.950
10278,01/08/26 08:50:53 PM,5.34,8.02,285.0,-5.922,83.616,1069.350,-8.254
10279,01/08/26 09:00:53 PM,5.68,8.02,287.8,-5.732,80.735,1069.350,-8.517
10280,01/08/26 09:10:53 PM,5.68,7.68,290.6,-5.729,79.466,1069.350,-8.717
10281,01/08/26 09:20:53 PM,5.68,8.35,292.0,-5.694,79.686,1069.350,-8.648
10282,01/08/26 09:30:53 PM,5.34,8.35,294.8,-5.716,79.400,1069.350,-8.715
10283,01/08/26 09:40:53 PM,5.34,7.68,296.2,-5.973,79.837,1069.350,-8.896
10284,01/08/26 09:50:53 PM,5.68,7.68,294.8,-5.901,78.772,1069.350,-8.997
10285,01/08/26 10:00:53 PM,5.68,7.68,294.8,-5.761,77.237,1069.350,-9.111
10286,01/08/26 10:10:53 PM,4.68,6.35,292.0,-5.943,77.169,1069.350,-9.299
10287,01/08/26 10:20:53 PM,5.01,7.01,297.6,-5.976,77.534,1069.350,-9.271
10288,01/08/26 10:30:53 PM,4.68,6.68,293.4,-6.053,77.668,1069.350,-9.324
10289,01/08/26 10:40:53 PM,5.01,7.01,292.0,-6.002,77.498,1069.350,-9.303
10290,01/08/26 10:50:53 PM,5.34,7.68,290.6,-5.922,77.255,1069.350,-9.265
10291,01/08/26 11:00:53 PM,5.01,7.35,285.0,-5.997,78.218,1069.350,-9.180
10292,01/08/26 11:10:53 PM,5.34,6.68,287.8,-6.107,78.610,1069.350,-9.224
10293,01/08/26 11:20:53 PM,5.68,8.02,290.6,-5.804,77.400,1069.350,-9.126
10294,01/08/26 11:30:53 PM,5.01,8.02,299.0,-5.976,77.392,1069.350,-9.295
10295,01/08/26 11:40:53 PM,5.01,7.01,296.2,-6.112,77.559,1069.350,-9.400
10296,01/08/26 11:50:53 PM,4.01,6.68,297.6,-6.305,77.974,1069.350,-9.520
10297,01/09/26 12:00:53 AM,3.34,5.34,314.5,-6.619,78.630,1069.350,-9.720
10298,01/09/26 12:10:53 AM,2.34,3.67,321.5,-7.027,80.032,1069.350,-9.894
10299,01/09/26 12:20:53 AM,2.00,3.34,304.7,-7.263,80.822,1069.350,-10.001
10300,01/09/26 12:30:53 AM,0.33,2.00,294.8,-8.035,82.571,1069.350,-10.487
10301,01/09/26 12:40:53 AM,0.33,1.00,324.3,-8.946,85.464,1069.350,-10.950
10302,01/09/26 12:50:53 AM,1.34,2.00,54.8,-9.268,87.123,1069.350,-11.026
10303,01/09/26 01:00:53 AM,0.00,0.33,77.2,-8.785,86.613,1069.350,-10.624
10304,01/09/26 01:10:53 AM,0.00,1.00,84.2,-8.196,85.431,1069.350,-10.217
10305,01/09/26 01:20:53 AM,0.67,1.67,137.6,-8.370,84.553,1069.350,-10.518
10306,01/09/26 01:30:53 AM,1.34,1.67,228.8,-9.399,87.787,1069.350,-11.061
10307,01/09/26 01:40:53 AM,1.00,1.67,276.6,-10.099,90.124,1069.350,-11.425
10308,01/09/26 01:50:53 AM,1.00,1.67,245.7,-9.407,90.202,1069.350,-10.729
10309,01/09/26 02:00:53 AM,1.34,2.00,252.7,-9.190,89.401,1069.350,-10.626
10310,01/09/26 02:10:53 AM,1.34,2.34,251.3,-9.088,89.590,1069.350,-10.498
10311,01/09/26 02:20:53 AM,1.00,1.34,266.7,-9.139,90.216,1069.350,-10.461
10312,01/09/26 02:30:53 AM,0.67,1.00,282.2,-8.547,89.372,1069.350,-9.994
10313,01/09/26 02:40:53 AM,1.00,1.34,286.4,-8.488,88.762,1069.350,-10.022
10314,01/09/26 02:50:53 AM,1.00,1.67,289.2,-8.850,89.900,1069.350,-10.219
10315,01/09/26 03:00:53 AM,0.67,1.34,276.6,-7.917,88.220,1069.350,-9.535
10316,01/09/26 03:10:53 AM,1.00,1.67,278.0,-7.665,86.885,1069.350,-9.480
10317,01/09/26 03:20:53 AM,1.67,2.34,245.7,-7.431,86.732,1069.350,-9.272
10318,01/09/26 03:30:53 AM,1.00,1.67,235.9,-7.801,86.912,1069.350,-9.610
10319,01/09/26 03:40:53 AM,1.34,2.00,247.1,-7.885,88.144,1069.350,-9.515
10320,01/09/26 03:50:53 AM,1.34,2.00,228.8,-8.024,88.061,1069.350,-9.664
10321,01/09/26 04:00:53 AM,0.33,1.34,228.8,-8.139,88.348,1069.350,-9.736
10322,01/09/26 04:10:53 AM,0.00,0.67,228.8,-8.179,89.564,1069.350,-9.603
10323,01/09/26 04:20:53 AM,0.33,1.34,230.2,-7.413,87.872,1069.350,-9.088
10324,01/09/26 04:30:53 AM,0.67,2.00,261.1,-7.616,87.173,1069.350,-9.390
10325,01/09/26 04:40:53 AM,1.00,4.68,282.2,-7.619,88.705,1069.350,-9.171
10326,01/09/26 04:50:53 AM,2.34,4.01,283.6,-6.431,87.910,1069.350,-8.113
10327,01/09/26 05:00:53 AM,2.00,3.34,287.8,-6.485,88.145,1069.350,-8.132
10328,01/09/26 05:10:53 AM,2.34,4.34,293.4,-6.096,87.712,1069.350,-7.811
10329,01/09/26 05:20:53 AM,2.00,3.67,306.1,-5.922,87.567,1069.350,-7.661
10330,01/09/26 05:30:53 AM,2.34,4.34,296.2,-5.933,88.452,1069.350,-7.542
10331,01/09/26 05:40:53 AM,3.01,4.68,283.6,-5.724,88.196,1069.350,-7.373
10332,01/09/26 05:50:53 AM,3.34,4.68,286.4,-5.793,88.464,1069.350,-7.402
10333,01/09/26 06:00:53 AM,3.67,5.68,286.4,-5.498,87.846,1069.350,-7.201
10334,01/09/26 06:10:53 AM,3.01,4.34,286.4,-5.498,87.993,1069.350,-7.180
10335,01/09/26 06:20:53 AM,3.34,4.68,280.8,-5.474,88.226,1069.350,-7.122
10336,01/09/26 06:30:53 AM,3.01,4.68,279.4,-5.493,88.260,1069.350,-7.135
10337,01/09/26 06:40:53 AM,3.34,5.01,278.0,-5.450,88.020,1069.350,-7.128
10338,01/09/26 06:50:53 AM,3.67,5.01,279.4,-5.241,87.410,1069.350,-7.012
10339,01/09/26 07:00:53 AM,3.67,5.34,283.6,-5.118,86.696,1069.350,-6.997
10340,01/09/26 07:10:53 AM,3.34,5.01,283.6,-5.260,87.178,1069.350,-7.065
10341,01/09/26 07:20:53 AM,3.01,5.01,286.4,-5.319,87.471,1069.350,-7.080
10342,01/09/26 07:30:53 AM,3.67,4.68,287.8,-5.236,87.070,1069.350,-7.058
10343,01/09/26 07:40:53 AM,3.34,5.01,286.4,-5.362,87.279,1069.350,-7.151
10344,01/09/26 07:50:53 AM,2.67,3.67,285.0,-5.632,87.840,1069.350,-7.334
10345,01/09/26 08:00:53 AM,1.67,3.01,283.6,-6.008,88.861,1069.350,-7.557
10346,01/09/26 08:10:53 AM,1.00,2.34,269.6,-6.083,89.223,1069.350,-7.578
10347,01/09/26 08:20:53 AM,0.67,2.00,240.1,-6.868,90.436,1069.350,-8.181
10348,01/09/26 08:30:53 AM,0.67,2.00,193.7,-7.525,92.740,1069.350,-8.511
10349,01/09/26 08:40:53 AM,0.00,1.34,206.4,-6.632,91.788,1069.350,-7.757
10350,01/09/26 08:50:53 AM,0.33,1.67,212.0,-6.649,90.196,1069.350,-7.999
10351,01/09/26 09:00:53 AM,0.33,2.00,74.4,-7.045,91.168,1069.350,-8.253
10352,01/09/26 09:10:53 AM,0.67,1.34,7.0,-7.533,92.122,1069.350,-8.604
10353,01/09/26 09:20:53 AM,0.33,1.34,5.6,-7.214,91.533,1069.350,-8.370
10354,01/09/26 09:30:53 AM,1.00,2.00,14.0,-7.155,90.489,1069.350,-8.458
10355,01/09/26 09:40:53 AM,0.67,1.34,1.4,-7.359,92.073,1069.350,-8.438
10356,01/09/26 09:50:53 AM,0.33,1.34,355.2,-6.842,89.953,1069.350,-8.224
10357,01/09/26 10:00:53 AM,0.33,1.34,345.4,-5.600,88.035,1069.350,-7.274
10358,01/09/26 10:10:53 AM,1.00,2.67,247.1,-3.981,85.235,1069.350,-6.099
10359,01/09/26 10:20:53 AM,2.00,4.01,261.1,-2.914,82.028,1069.350,-5.554
10360,01/09/26 10:30:53 AM,2.67,5.68,262.5,-2.297,79.565,1069.350,-5.351
10361,01/09/26 10:40:53 AM,4.34,5.68,259.7,-2.088,78.880,1069.350,-5.261
10362,01/09/26 10:50:53 AM,4.01,6.68,261.1,-1.884,78.743,1069.350,-5.085
10363,01/09/26 11:00:53 AM,4.34,6.01,256.9,-2.281,79.947,1069.350,-5.273
10364,01/09/26 11:10:53 AM,4.01,5.68,259.7,-2.169,80.250,1069.350,-5.114
10365,01/09/26 11:20:53 AM,4.34,6.68,259.7,-1.461,78.787,1069.350,-4.666
10366,01/09/26 11:30:53 AM,5.01,7.01,259.7,-1.501,79.110,1069.350,-4.650
10367,01/09/26 11:40:53 AM,4.68,7.68,259.7,-1.300,79.136,1069.350,-4.450
10368,01/09/26 11:50:53 AM,5.01,7.35,261.1,-1.590,80.420,1069.350,-4.520
10369,01/09/26 12:00:53 PM,3.67,5.68,258.3,-0.866,79.269,1069.350,-4.005
10370,01/09/26 12:10:53 PM,4.01,5.68,265.3,-1.257,79.895,1069.350,-4.282
10371,01/09/26 12:20:53 PM,4.01,6.01,265.3,-1.555,81.370,1069.350,-4.330
10372,01/09/26 12:30:53 PM,4.34,6.35,262.5,-1.662,81.389,1069.350,-4.432
10373,01/09/26 12:40:53 PM,3.67,5.68,272.4,-1.477,81.070,1069.350,-4.303
10374,01/09/26 12:50:53 PM,4.01,6.01,262.5,-1.340,81.125,1069.350,-4.160
10375,01/09/26 01:00:53 PM,4.01,6.01,259.7,-0.901,80.069,1069.350,-3.905
10376,01/09/26 01:10:53 PM,4.34,6.01,268.1,-0.839,79.806,1069.350,-3.888
10377,01/09/26 01:20:53 PM,4.34,6.35,271.0,-1.107,80.764,1069.350,-3.991
10378,01/09/26 01:30:53 PM,4.34,7.01,265.3,-1.316,82.199,1069.350,-3.961
10379,01/09/26 01:40:53 PM,5.01,6.68,272.4,-1.206,81.276,1069.350,-4.004
10380,01/09/26 01:50:53 PM,5.01,7.01,271.0,-1.040,81.028,1069.350,-3.882
10381,01/09/26 02:00:53 PM,5.34,7.68,280.8,-1.048,80.789,1069.350,-3.930
10382,01/09/26 02:10:53 PM,5.34,7.68,279.4,-1.035,80.253,1069.350,-4.005
10383,01/09/26 02:20:53 PM,5.01,8.02,279.4,-1.123,80.458,1069.350,-4.057
10384,01/09/26 02:30:53 PM,5.01,7.35,271.0,-1.075,80.455,1069.350,-4.011
10385,01/09/26 02:40:53 PM,4.68,7.35,289.2,-1.107,80.237,1069.350,-4.078
10386,01/09/26 02:50:53 PM,4.68,6.68,278.0,-1.118,79.275,1069.350,-4.249
10387,01/09/26 03:00:53 PM,5.01,7.35,279.4,-0.839,78.714,1069.350,-4.072
10388,01/09/26 03:10:53 PM,5.01,7.68,282.2,-1.246,79.768,1069.350,-4.292
10389,01/09/26 03:20:53 PM,4.68,7.01,276.6,-0.817,78.952,1069.350,-4.010
10390,01/09/26 03:30:53 PM,4.68,6.68,280.8,-0.228,76.101,1069.350,-3.927
10391,01/09/26 03:40:53 PM,5.34,7.35,271.0,-0.241,76.251,1069.350,-3.913
10392,01/09/26 03:50:53 PM,5.01,7.01,275.2,-0.576,77.423,1069.350,-4.036
10393,01/09/26 04:00:53 PM,5.01,8.02,280.8,-0.362,77.055,1069.350,-3.891
10394,01/09/26 04:10:53 PM,5.01,7.68,275.2,-0.335,76.968,1069.350,-3.880
10395,01/09/26 04:20:53 PM,4.68,7.35,276.6,-0.045,76.158,1069.350,-3.739
10396,01/09/26 04:30:53 PM,5.01,7.01,278.0,0.032,75.114,1069.350,-3.848
10397,01/09/26 04:40:53 PM,5.34,7.68,280.8,-0.316,75.801,1069.350,-4.065
10398,01/09/26 04:50:53 PM,5.01,7.01,278.0,-0.295,76.150,1069.350,-3.983
10399,01/09/26 05:00:53 PM,5.34,7.68,272.4,-0.649,77.047,1069.350,-4.171
10400,01/09/26 05:10:53 PM,5.68,8.02,271.0,-0.893,77.945,1069.350,-4.255
10401,01/09/26 05:20:53 PM,5.34,7.68,276.6,-1.010,78.605,1069.350,-4.257
10402,01/09/26 05:30:53 PM,4.68,6.68,271.0,-1.075,78.366,1069.350,-4.360
10403,01/09/26 05:40:53 PM,4.34,6.68,268.1,-1.332,78.766,1069.350,-4.543
10404,01/09/26 05:50:53 PM,4.68,7.01,262.5,-1.533,78.627,1069.350,-4.763
10405,01/09/26 06:00:53 PM,4.01,6.35,258.3,-1.804,79.539,1069.350,-4.875
10406,01/09/26 06:10:53 PM,4.01,7.01,279.4,-2.241,81.552,1069.350,-4.972
10407,01/09/26 06:20:53 PM,5.68,8.02,294.8,-2.783,84.221,1069.350,-5.078
10408,01/09/26 06:30:53 PM,5.68,8.68,299.0,-3.040,85.403,1069.350,-5.147
10409,01/09/26 06:40:53 PM,5.34,7.68,297.6,-3.279,86.387,1069.350,-5.232
10410,01/09/26 06:50:53 PM,5.01,7.35,300.4,-3.498,87.347,1069.350,-5.302
10411,01/09/26 07:00:53 PM,5.01,7.68,303.2,-3.523,87.791,1069.350,-5.260
10412,01/09/26 07:10:53 PM,4.68,7.35,301.8,-3.547,87.909,1069.350,-5.266
10413,01/09/26 07:20:53 PM,4.68,7.01,299.0,-3.573,88.002,1069.350,-5.278
10414,01/09/26 07:30:53 PM,2.67,5.34,331.3,-3.874,88.223,1069.350,-5.542
10415,01/09/26 07:40:53 PM,1.34,3.67,133.4,-4.592,88.717,1069.350,-6.178
10416,01/09/26 07:50:53 PM,3.34,5.34,192.3,-4.753,89.294,1069.350,-6.253
10417,01/09/26 08:00:53 PM,2.67,5.34,216.2,-4.531,88.745,1069.350,-6.114
10418,01/09/26 08:10:53 PM,3.01,5.01,207.8,-4.667,88.717,1069.350,-6.252
10419,01/09/26 08:20:53 PM,2.34,4.01,235.9,-4.807,88.611,1069.350,-6.406
10420,01/09/26 08:30:53 PM,1.67,3.67,283.6,-5.080,88.939,1069.350,-6.628
10421,01/09/26 08:40:53 PM,2.00,3.01,228.8,-5.557,89.754,1069.350,-6.981
10422,01/09/26 08:50:53 PM,2.00,4.68,200.8,-5.590,90.393,1069.350,-6.922
10423,01/09/26 09:00:53 PM,3.67,8.68,202.2,-4.898,88.652,1069.350,-6.490
10424,01/09/26 09:10:53 PM,3.01,5.01,234.5,-4.705,88.061,1069.350,-6.387
10425,01/09/26 09:20:53 PM,2.34,3.67,245.7,-4.724,87.634,1069.350,-6.469
10426,01/09/26 09:30:53 PM,3.01,4.01,256.9,-4.895,87.572,1069.350,-6.647
10427,01/09/26 09:40:53 PM,3.34,5.68,276.6,-4.654,87.448,1069.350,-6.427
10428,01/09/26 09:50:53 PM,4.01,6.68,271.0,-4.107,85.490,1069.350,-6.184
10429,01/09/26 10:00:53 PM,2.34,4.01,262.5,-4.914,87.010,1069.350,-6.749
10430,01/09/26 10:10:53 PM,1.67,3.01,261.1,-5.976,90.207,1069.350,-7.331
10431,01/09/26 10:20:53 PM,2.67,4.01,227.4,-5.378,89.636,1069.350,-6.821
10432,01/09/26 10:30:53 PM,2.00,4.34,230.2,-5.147,88.948,1069.350,-6.693
10433,01/09/26 10:40:53 PM,2.67,5.68,279.4,-4.863,88.208,1069.350,-6.521
10434,01/09/26 10:50:53 PM,2.00,4.01,231.6,-5.238,88.333,1069.350,-6.873
10435,01/09/26 11:00:53 PM,2.00,3.01,198.0,-5.367,89.152,1069.350,-6.881
10436,01/09/26 11:10:53 PM,2.67,5.68,198.0,-5.096,88.412,1069.350,-6.721
10437,01/09/26 11:20:53 PM,0.33,3.01,206.4,-4.796,87.515,1069.350,-6.557
10438,01/09/26 11:30:53 PM,0.67,2.34,193.7,-5.895,89.142,1069.350,-7.404
10439,01/09/26 11:40:53 PM,1.34,2.67,224.6,-6.228,91.162,1069.350,-7.444
10440,01/09/26 11:50:53 PM,2.00,2.67,261.1,-6.976,92.790,1069.350,-7.958
10441,01/10/26 12:00:53 AM,1.67,2.34,269.6,-6.831,93.579,1069.350,-7.705
10442,01/10/26 12:10:53 AM,1.67,2.67,256.9,-6.169,92.888,1069.350,-7.143
10443,01/10/26 12:20:53 AM,1.67,2.67,230.2,-5.804,90.938,1069.350,-7.056
10444,01/10/26 12:30:53 AM,1.00,2.34,195.1,-5.659,89.783,1069.350,-7.078
10445,01/10/26 12:40:53 AM,0.33,2.00,303.2,-6.035,90.770,1069.350,-7.309
10446,01/10/26 12:50:53 AM,2.00,4.01,226.0,-6.340,91.397,1069.350,-7.522
10447,01/10/26 01:00:53 AM,3.01,4.34,231.6,-6.102,91.336,1069.350,-7.295
10448,01/10/26 01:10:53 AM,2.67,4.34,248.5,-6.356,91.444,1069.350,-7.531
10449,01/10/26 01:20:53 AM,3.67,5.68,254.1,-5.775,90.434,1069.350,-7.099
10450,01/10/26 01:30:53 AM,3.67,5.34,256.9,-5.104,87.196,1069.350,-6.909
10451,01/10/26 01:40:53 AM,2.34,4.68,251.3,-5.927,88.576,1069.350,-7.518
10452,01/10/26 01:50:53 AM,1.67,2.67,262.5,-6.702,91.379,1069.350,-7.884
10453,01/10/26 02:00:53 AM,2.34,4.68,280.8,-6.565,92.007,1069.350,-7.659
10454,01/10/26 02:10:53 AM,4.34,7.01,314.5,-6.069,91.249,1069.350,-7.274
10455,01/10/26 02:20:53 AM,4.68,6.68,327.1,-5.927,89.746,1069.350,-7.348
10456,01/10/26 02:30:53 AM,4.01,6.01,318.7,-6.094,89.839,1069.350,-7.500
10457,01/10/26 02:40:53 AM,4.01,5.68,310.3,-6.019,89.731,1069.350,-7.442
10458,01/10/26 02:50:53 AM,4.01,5.68,296.2,-6.673,90.748,1069.350,-7.944
10459,01/10/26 03:00:53 AM,3.67,6.01,290.6,-6.364,90.364,1069.350,-7.692
10460,01/10/26 03:10:53 AM,4.01,6.01,282.2,-5.895,88.022,1069.350,-7.567
10461,01/10/26 03:20:53 AM,3.34,6.01,259.7,-5.397,86.035,1069.350,-7.371
10462,01/10/26 03:30:53 AM,3.01,5.01,304.7,-5.150,85.368,1069.350,-7.229
10463,01/10/26 03:40:53 AM,4.01,6.68,283.6,-5.112,85.293,1069.350,-7.203
10464,01/10/26 03:50:53 AM,4.34,6.68,282.2,-5.437,86.177,1069.350,-7.389
10465,01/10/26 04:00:53 AM,3.67,6.01,228.8,-5.860,87.556,1069.350,-7.601
10466,01/10/26 04:10:53 AM,3.67,7.35,223.2,-5.708,87.744,1069.350,-7.424
10467,01/10/26 04:20:53 AM,3.01,4.68,234.5,-5.986,88.251,1069.350,-7.624
10468,01/10/26 04:30:53 AM,2.00,3.67,241.5,-6.292,89.325,1069.350,-7.770
10469,01/10/26 04:40:53 AM,2.34,3.67,242.9,-6.504,89.729,1069.350,-7.922
10470,01/10/26 04:50:53 AM,3.01,4.68,285.0,-6.777,89.772,1069.350,-8.186
10471,01/10/26 05:00:53 AM,3.34,6.68,294.8,-6.008,88.634,1069.350,-7.590
10472,01/10/26 05:10:53 AM,4.01,6.35,311.7,-6.330,88.121,1069.350,-7.982
10473,01/10/26 05:20:53 AM,3.67,6.01,306.1,-6.587,88.353,1069.350,-8.202
10474,01/10/26 05:30:53 AM,2.67,6.35,313.1,-6.394,87.785,1069.350,-8.095
10475,01/10/26 05:40:53 AM,1.34,3.67,195.1,-6.949,89.248,1069.350,-8.431
10476,01/10/26 05:50:53 AM,0.67,2.34,255.5,-6.284,88.060,1069.350,-7.946
10477,01/10/26 06:00:53 AM,1.00,2.67,95.5,-6.952,88.713,1069.350,-8.511
10478,01/10/26 06:10:53 AM,0.67,2.00,216.2,-7.389,90.675,1069.350,-8.664
10479,01/10/26 06:20:53 AM,1.00,2.00,234.5,-7.616,90.791,1069.350,-8.872
10480,01/10/26 06:30:53 AM,1.34,1.67,235.9,-7.863,91.826,1069.350,-8.973
10481,01/10/26 06:40:53 AM,1.67,3.01,256.9,-7.434,90.713,1069.350,-8.703
10482,01/10/26 06:50:53 AM,2.34,3.01,241.5,-8.099,90.913,1069.350,-9.334
10483,01/10/26 07:00:53 AM,2.00,2.67,247.1,-8.504,93.198,1069.350,-9.420
10484,01/10/26 07:10:53 AM,2.00,3.01,258.3,-8.214,92.564,1069.350,-9.219
10485,01/10/26 07:20:53 AM,2.67,3.34,268.1,-8.415,92.898,1069.350,-9.373
10486,01/10/26 07:30:53 AM,2.00,3.01,266.7,-8.796,93.660,1069.350,-9.648
10487,01/10/26 07:40:53 AM,1.34,2.00,303.2,-8.544,93.509,1069.350,-9.418
10488,01/10/26 07:50:53 AM,2.00,2.67,7.0,-8.099,91.821,1069.350,-9.207
10489,01/10/26 08:00:53 AM,2.34,3.34,351.0,-7.643,90.433,1069.350,-8.949
10490,01/10/26 08:10:53 AM,2.00,3.01,334.1,-7.574,90.260,1069.350,-8.905
10491,01/10/26 08:20:53 AM,2.34,3.67,339.7,-7.271,89.522,1069.350,-8.710
10492,01/10/26 08:30:53 AM,2.34,3.34,352.4,-7.279,89.192,1069.350,-8.765
10493,01/10/26 08:40:53 AM,1.00,2.00,119.3,-7.772,89.815,1069.350,-9.164
10494,01/10/26 08:50:53 AM,0.00,0.00,176.9,-8.919,93.135,1069.350,-9.841
10495,01/10/26 09:00:53 AM,0.33,1.00,248.5,-9.048,94.905,1069.350,-9.731
10496,01/10/26 09:10:53 AM,1.00,1.34,296.2,-8.673,94.246,1069.350,-9.447
10497,01/10/26 09:20:53 AM,0.67,1.34,341.2,-8.303,93.645,1069.350,-9.160
10498,01/10/26 09:30:53 AM,0.67,1.67,345.4,-7.402,90.460,1069.350,-8.707
10499,01/10/26 09:40:53 AM,1.00,2.00,23.9,-6.407,88.746,1069.350,-7.968
10500,01/10/26 09:50:53 AM,1.00,2.00,61.8,-5.600,86.651,1069.350,-7.479
10501,01/10/26 10:00:53 AM,1.34,2.34,88.4,-5.732,87.100,1069.350,-7.542
10502,01/10/26 10:10:53 AM,1.34,2.00,106.7,-5.600,87.366,1069.350,-7.373
10503,01/10/26 10:20:53 AM,1.67,3.01,115.1,-5.158,86.311,1069.350,-7.094
10504,01/10/26 10:30:53 AM,1.67,3.01,110.9,-5.651,87.887,1069.350,-7.346
10505,01/10/26 10:40:53 AM,1.34,2.34,124.9,-5.464,87.671,1069.350,-7.193
10506,01/10/26 10:50:53 AM,1.34,2.34,120.7,-5.313,87.286,1069.350,-7.101
10507,01/10/26 11:00:53 AM,1.34,2.67,103.9,-4.882,86.337,1069.350,-6.818
10508,01/10/26 11:10:53 AM,1.67,2.67,98.3,-3.691,82.812,1069.350,-6.191
10509,01/10/26 11:20:53 AM,1.67,3.01,94.1,-3.611,83.650,1069.350,-5.981
10510,01/10/26 11:30:53 AM,1.34,2.67,130.6,-3.338,82.721,1069.350,-5.859
10511,01/10/26 11:40:53 AM,1.34,2.00,120.7,-3.091,82.084,1069.350,-5.718
10512,01/10/26 11:50:53 AM,1.34,2.67,133.4,-2.909,81.465,1069.350,-5.639
10513,01/10/26 12:00:53 PM,1.67,2.67,133.4,-2.836,81.941,1069.350,-5.491
10514,01/10/26 12:10:53 PM,2.00,3.34,132.0,-1.949,78.868,1069.350,-5.128
10515,01/10/26 12:20:53 PM,1.67,3.01,113.7,-1.732,78.189,1069.350,-5.030
10516,01/10/26 12:30:53 PM,1.34,2.67,91.3,-0.935,76.020,1069.350,-4.627
10517,01/10/26 12:40:53 PM,1.34,3.01,98.3,-0.713,75.463,1069.350,-4.509
10518,01/10/26 12:50:53 PM,1.67,3.67,91.3,-0.474,74.093,1069.350,-4.520
10519,01/10/26 01:00:53 PM,2.67,3.67,73.0,-0.281,72.056,1069.350,-4.703
10520,01/10/26 01:10:53 PM,2.67,4.34,92.7,0.148,71.885,1069.350,-4.320
10521,01/10/26 01:20:53 PM,2.67,4.01,98.3,-0.252,72.641,1069.350,-4.568
10522,01/10/26 01:30:53 PM,2.67,4.34,98.3,-0.230,72.128,1069.350,-4.640
10523,01/10/26 01:40:53 PM,2.67,4.01,96.9,-0.120,72.613,1069.350,-4.445
10524,01/10/26 01:50:53 PM,2.67,3.67,85.6,0.416,70.655,1069.350,-4.291
10525,01/10/26 02:00:53 PM,2.67,5.01,73.0,0.882,68.624,1069.350,-4.231
10526,01/10/26 02:10:53 PM,2.34,4.34,77.2,1.461,66.918,1069.350,-4.011
10527,01/10/26 02:20:53 PM,2.67,4.34,99.7,1.177,67.538,1069.350,-4.160
10528,01/10/26 02:30:53 PM,2.34,3.67,92.7,1.346,67.559,1069.350,-3.994
10529,01/10/26 02:40:53 PM,2.00,3.34,91.3,1.705,67.643,1069.350,-3.634
10530,01/10/26 02:50:53 PM,2.34,3.34,88.4,0.998,69.255,1069.350,-3.998
10531,01/10/26 03:00:53 PM,2.34,3.67,102.5,1.024,70.492,1069.350,-3.737
10532,01/10/26 03:10:53 PM,2.34,3.34,103.9,1.435,69.499,1069.350,-3.531
10533,01/10/26 03:20:53 PM,2.34,3.67,88.4,1.402,68.602,1069.350,-3.736
10534,01/10/26 03:30:53 PM,2.00,3.67,101.1,1.185,71.017,1069.350,-3.483
10535,01/10/26 03:40:53 PM,2.00,3.01,92.7,1.746,69.136,1069.350,-3.302
10536,01/10/26 03:50:53 PM,2.00,3.01,96.9,1.866,68.362,1069.350,-3.338
10537,01/10/26 04:00:53 PM,2.34,3.34,106.7,1.727,69.982,1069.350,-3.158
10538,01/10/26 04:10:53 PM,2.00,3.34,106.7,1.944,69.702,1069.350,-3.003
10539,01/10/26 04:20:53 PM,2.34,3.67,105.3,1.724,70.784,1069.350,-3.008
10540,01/10/26 04:30:53 PM,2.00,3.01,92.7,1.679,70.440,1069.350,-3.117
10541,01/10/26 04:40:53 PM,2.67,4.01,87.0,2.175,67.057,1069.350,-3.300
10542,01/10/26 04:50:53 PM,2.34,4.34,87.0,2.089,66.467,1069.350,-3.500
10543,01/10/26 05:00:53 PM,2.34,3.67,87.0,1.692,67.520,1069.350,-3.670
10544,01/10/26 05:10:53 PM,1.67,3.01,78.6,1.646,67.539,1069.350,-3.711
10545,01/10/26 05:20:53 PM,1.34,2.67,87.0,1.199,69.879,1069.350,-3.685
10546,01/10/26 05:30:53 PM,1.00,1.67,88.4,1.027,71.351,1069.350,-3.572
10547,01/10/26 05:40:53 PM,1.00,2.34,89.9,1.445,70.590,1069.350,-3.313
10548,01/10/26 05:50:53 PM,1.34,2.67,82.8,1.389,70.228,1069.350,-3.436
10549,01/10/26 06:00:53 PM,1.00,1.67,89.9,0.845,72.216,1069.350,-3.587
10550,01/10/26 06:10:53 PM,0.67,1.34,80.0,0.225,74.353,1069.350,-3.797
10551,01/10/26 06:20:53 PM,1.00,1.34,67.4,-0.380,76.725,1069.350,-3.966
10552,01/10/26 06:30:53 PM,1.34,1.67,50.5,-1.311,79.498,1069.350,-4.400
10553,01/10/26 06:40:53 PM,1.34,2.00,32.3,-1.678,81.723,1069.350,-4.393
10554,01/10/26 06:50:53 PM,1.34,2.00,12.6,-1.941,82.768,1069.350,-4.482
10555,01/10/26 07:00:53 PM,1.34,2.00,11.2,-2.206,83.726,1069.350,-4.590
10556,01/10/26 07:10:53 PM,1.34,2.00,342.6,-2.823,85.544,1069.350,-4.912
10557,01/10/26 07:20:53 PM,0.67,1.67,132.0,-2.828,86.867,1069.350,-4.714
10558,01/10/26 07:30:53 PM,0.33,1.00,133.4,-2.517,85.649,1069.350,-4.595
10559,01/10/26 07:40:53 PM,0.00,1.00,129.2,-3.005,87.317,1069.350,-4.820
10560,01/10/26 07:50:53 PM,0.67,1.34,109.5,-3.198,88.444,1069.350,-4.842
10561,01/10/26 08:00:53 PM,1.00,1.67,63.2,-3.324,89.337,1069.350,-4.833
10562,01/10/26 08:10:53 PM,1.00,1.67,66.0,-3.091,89.833,1069.350,-4.530
10563,01/10/26 08:20:53 PM,0.00,0.33,70.2,-3.260,90.047,1069.350,-4.665
10564,01/10/26 08:30:53 PM,0.00,0.00,120.7,-3.799,91.218,1069.350,-5.029
10565,01/10/26 08:40:53 PM,0.33,1.34,217.6,-4.220,92.197,1069.350,-5.306
10566,01/10/26 08:50:53 PM,0.00,1.34,207.8,-3.504,92.282,1069.350,-4.583
10567,01/10/26 09:00:53 PM,0.33,1.34,119.3,-3.426,90.976,1069.350,-4.694
10568,01/10/26 09:10:53 PM,0.00,1.00,115.1,-3.777,91.656,1069.350,-4.944
10569,01/10/26 09:20:53 PM,0.00,1.34,137.6,-4.533,93.396,1069.350,-5.446
10570,01/10/26 09:30:53 PM,1.00,1.34,252.7,-4.689,94.490,1069.350,-5.449
10571,01/10/26 09:40:53 PM,0.33,0.67,259.7,-4.504,94.612,1069.350,-5.248
10572,01/10/26 09:50:53 PM,0.00,0.00,259.7,-4.464,94.717,1069.350,-5.193
10573,01/10/26 10:00:53 PM,0.00,0.00,259.7,-4.509,94.095,1069.350,-5.325
10574,01/10/26 10:10:53 PM,0.67,1.34,259.7,-5.930,94.923,1069.350,-6.624
10575,01/10/26 10:20:53 PM,1.34,1.67,259.7,-5.978,96.974,1069.350,-6.394
10576,01/10/26 10:30:53 PM,1.34,2.00,261.1,-5.970,97.295,1069.350,-6.343
10577,01/10/26 10:40:53 PM,1.00,1.34,266.7,-5.332,96.861,1069.350,-5.764
10578,01/10/26 10:50:53 PM,0.67,1.00,266.7,-5.289,96.320,1069.350,-5.795
10579,01/10/26 11:00:53 PM,0.67,1.00,266.7,-5.214,96.649,1069.350,-5.675
10580,01/10/26 11:10:53 PM,0.00,0.67,266.7,-4.893,96.825,1069.350,-5.331
10581,01/10/26 11:20:53 PM,0.33,0.67,266.7,-5.107,96.155,1069.350,-5.636
10582,01/10/26 11:30:53 PM,0.00,0.00,266.7,-5.171,97.215,1069.350,-5.556
10583,01/10/26 11:40:53 PM,0.00,0.00,266.7,-4.986,97.491,1069.350,-5.334
10584,01/10/26 11:50:53 PM,0.00,0.00,266.7,-5.163,97.932,1069.350,-5.451
10585,01/11/26 12:00:53 AM,0.00,0.00,266.7,-5.198,97.746,1069.350,-5.511
10586,01/11/26 12:10:53 AM,0.00,0.00,266.7,-5.474,98.668,1069.350,-5.664
10587,01/11/26 12:20:53 AM,0.00,0.00,266.7,-5.461,98.505,1069.350,-5.672
10588,01/11/26 12:30:53 AM,0.00,0.00,266.7,-5.775,98.860,1069.350,-5.939
10589,01/11/26 12:40:53 AM,0.00,0.00,266.7,-5.866,99.564,1069.350,-5.938
10590,01/11/26 12:50:53 AM,0.00,0.00,266.7,-5.758,99.678,1069.350,-5.814
10591,01/11/26 01:00:53 AM,0.00,0.00,266.7,-5.418,99.861,1069.350,-5.450
10592,01/11/26 01:10:53 AM,0.00,0.00,266.7,-5.986,99.232,1069.350,-6.101
10593,01/11/26 01:20:53 AM,0.00,0.00,266.7,-5.860,99.728,1069.350,-5.910
10594,01/11/26 01:30:53 AM,0.00,0.00,266.7,-6.965,98.346,1069.350,-7.197
10595,01/11/26 01:40:53 AM,0.00,0.00,266.7,-6.069,99.945,1069.350,-6.091
10596,01/11/26 01:50:53 AM,0.33,1.00,266.7,-6.137,97.560,1069.350,-6.474
10597,01/11/26 02:00:53 AM,0.67,1.00,266.7,-6.646,99.033,1069.350,-6.788
10598,01/11/26 02:10:53 AM,0.67,1.00,266.7,-6.683,97.978,1069.350,-6.964
10599,01/11/26 02:20:53 AM,1.00,1.34,266.7,-7.174,98.502,1069.350,-7.386
10600,01/11/26 02:30:53 AM,1.34,1.67,266.7,-7.541,97.993,1069.350,-7.819
10601,01/11/26 02:40:53 AM,1.34,1.67,287.8,-7.895,98.444,1069.350,-8.114
10602,01/11/26 02:50:53 AM,1.00,1.67,292.0,-7.592,98.791,1069.350,-7.766
10603,01/11/26 03:00:53 AM,1.34,1.67,278.0,-7.102,99.303,1069.350,-7.209
10604,01/11/26 03:10:53 AM,1.00,1.34,283.6,-7.490,97.874,1069.350,-7.784
10605,01/11/26 03:20:53 AM,1.00,1.34,285.0,-7.217,99.178,1069.350,-7.340
10606,01/11/26 03:30:53 AM,1.00,1.34,292.0,-6.911,98.202,1069.350,-7.162
10607,01/11/26 03:40:53 AM,1.00,1.34,303.2,-7.198,97.821,1069.350,-7.499
10608,01/11/26 03:50:53 AM,0.67,1.00,303.2,-7.281,98.383,1069.350,-7.508
10609,01/11/26 04:00:53 AM,0.67,1.34,307.5,-7.185,97.359,1069.350,-7.547
10610,01/11/26 04:10:53 AM,0.67,1.34,346.8,-6.973,96.280,1069.350,-7.480
10611,01/11/26 04:20:53 AM,0.67,1.34,324.3,-7.691,95.770,1069.350,-8.264
10612,01/11/26 04:30:53 AM,1.00,1.67,280.8,-8.493,96.875,1069.350,-8.917
10613,01/11/26 04:40:53 AM,0.67,1.34,280.8,-8.145,96.823,1069.350,-8.577
10614,01/11/26 04:50:53 AM,1.00,1.67,293.4,-8.775,97.455,1069.350,-9.123
10615,01/11/26 05:00:53 AM,0.67,1.00,310.3,-8.233,97.830,1069.350,-8.532
10616,01/11/26 05:10:53 AM,0.33,1.00,310.3,-7.646,98.125,1069.350,-7.907
10617,01/11/26 05:20:53 AM,0.00,0.00,310.3,-8.037,94.565,1069.350,-8.771
10618,01/11/26 05:30:53 AM,0.00,0.00,313.1,-8.375,97.218,1069.350,-8.754
10619,01/11/26 05:40:53 AM,0.67,1.34,313.1,-8.381,96.645,1069.350,-8.836
10620,01/11/26 05:50:53 AM,1.34,2.00,293.4,-9.273,96.097,1069.350,-9.798
10621,01/11/26 06:00:53 AM,1.00,1.34,296.2,-8.917,98.579,1069.350,-9.119
10622,01/11/26 06:10:53 AM,1.34,1.34,297.6,-8.850,97.446,1069.350,-9.199
10623,01/11/26 06:20:53 AM,1.00,1.34,297.6,-9.338,96.445,1069.350,-9.817
10624,01/11/26 06:30:53 AM,1.34,1.67,299.0,-9.405,97.818,1069.350,-9.705
10625,01/11/26 06:40:53 AM,1.00,1.34,314.5,-9.284,97.929,1069.350,-9.570
10626,01/11/26 06:50:53 AM,1.00,1.34,315.9,-8.925,98.383,1069.350,-9.152
10627,01/11/26 07:00:53 AM,1.00,1.34,317.3,-8.472,98.135,1069.350,-8.731
10628,01/11/26 07:10:53 AM,1.34,1.67,304.7,-8.742,97.046,1069.350,-9.143
10629,01/11/26 07:20:53 AM,1.34,1.67,301.8,-8.844,97.174,1069.350,-9.228
10630,01/11/26 07:30:53 AM,1.00,1.34,301.8,-8.764,96.967,1069.350,-9.176
10631,01/11/26 07:40:53 AM,0.67,1.67,294.8,-9.474,95.818,1069.350,-10.035
10632,01/11/26 07:50:53 AM,1.00,1.67,282.2,-10.212,96.846,1069.350,-10.637
10633,01/11/26 08:00:53 AM,0.67,1.34,296.2,-8.823,98.819,1069.350,-8.994
10634,01/11/26 08:10:53 AM,1.00,1.67,297.6,-9.426,95.477,1069.350,-10.032
10635,01/11/26 08:20:53 AM,0.67,1.34,296.2,-9.263,98.732,1069.350,-9.445
10636,01/11/26 08:30:53 AM,1.00,1.67,294.8,-8.917,96.944,1069.350,-9.331
10637,01/11/26 08:40:53 AM,1.34,2.00,282.2,-10.225,95.648,1069.350,-10.806
10638,01/11/26 08:50:53 AM,0.67,1.00,287.8,-9.086,99.599,1069.350,-9.157
10639,01/11/26 09:00:53 AM,1.34,1.67,289.2,-9.767,95.778,1069.350,-10.332
10640,01/11/26 09:10:53 AM,1.34,1.67,296.2,-9.858,97.357,1069.350,-10.217
10641,01/11/26 09:20:53 AM,1.34,1.67,301.8,-9.496,96.567,1069.350,-9.958
10642,01/11/26 09:30:53 AM,1.34,1.67,304.7,-8.691,94.667,1069.350,-9.408
10643,01/11/26 09:40:53 AM,1.00,1.67,306.1,-7.775,92.544,1069.350,-8.786
10644,01/11/26 09:50:53 AM,1.00,1.34,296.2,-6.863,90.864,1069.350,-8.116
10645,01/11/26 10:00:53 AM,0.67,1.34,296.2,-6.273,89.374,1069.350,-7.744
10646,01/11/26 10:10:53 AM,0.00,0.67,296.2,-5.515,89.049,1069.350,-7.042
10647,01/11/26 10:20:53 AM,0.00,0.00,297.6,-4.013,87.115,1069.350,-5.845
10648,01/11/26 10:30:53 AM,0.00,0.00,334.1,-3.560,85.631,1069.350,-5.624
10649,01/11/26 10:40:53 AM,0.33,1.34,78.6,-3.260,85.937,1069.350,-5.282
10650,01/11/26 10:50:53 AM,0.67,1.00,133.4,-3.565,87.785,1069.350,-5.302
10651,01/11/26 11:00:53 AM,0.33,1.00,129.2,-2.691,86.610,1069.350,-4.618
10652,01/11/26 11:10:53 AM,0.33,1.00,103.9,-2.169,84.337,1069.350,-4.457
10653,01/11/26 11:20:53 AM,0.00,0.00,103.9,-2.147,84.759,1069.350,-4.369
10654,01/11/26 11:30:53 AM,0.00,1.34,109.5,-0.632,80.403,1069.350,-3.587
10655,01/11/26 11:40:53 AM,0.67,1.34,130.6,-0.635,78.396,1069.350,-3.927
10656,01/11/26 11:50:53 AM,1.00,2.00,130.6,-0.579,77.975,1069.350,-3.944
10657,01/11/26 12:00:53 PM,1.34,2.34,126.4,-0.651,78.932,1069.350,-3.852
10658,01/11/26 12:10:53 PM,1.34,2.34,129.2,-0.292,77.580,1069.350,-3.732
10659,01/11/26 12:20:53 PM,0.67,1.67,115.1,0.847,74.763,1069.350,-3.121
10660,01/11/26 12:30:53 PM,1.34,3.01,136.2,0.845,74.620,1069.350,-3.149
10661,01/11/26 12:40:53 PM,1.34,2.67,120.7,0.818,75.465,1069.350,-3.024
10662,01/11/26 12:50:53 PM,1.34,2.67,117.9,1.585,72.587,1069.350,-2.804
10663,01/11/26 01:00:53 PM,1.00,2.67,122.1,2.164,70.768,1069.350,-2.588
10664,01/11/26 01:10:53 PM,1.34,2.34,123.5,1.880,70.834,1069.350,-2.848
10665,01/11/26 01:20:53 PM,1.34,2.34,117.9,2.378,69.526,1069.350,-2.620
10666,01/11/26 01:30:53 PM,1.34,2.67,116.5,2.633,68.627,1069.350,-2.551
10667,01/11/26 01:40:53 PM,1.34,2.67,112.3,2.668,68.453,1069.350,-2.551
10668,01/11/26 01:50:53 PM,2.00,4.01,99.7,2.968,66.502,1069.350,-2.654
10669,01/11/26 02:00:53 PM,2.34,4.34,105.3,2.250,68.440,1069.350,-2.955
10670,01/11/26 02:10:53 PM,2.34,3.67,87.0,3.204,65.161,1069.350,-2.702
10671,01/11/26 02:20:53 PM,2.00,3.67,91.3,3.217,64.224,1069.350,-2.885
10672,01/11/26 02:30:53 PM,1.67,3.01,106.7,3.558,63.436,1069.350,-2.727
10673,01/11/26 02:40:53 PM,2.34,3.67,96.9,4.314,60.586,1069.350,-2.629
10674,01/11/26 02:50:53 PM,2.00,3.01,95.5,3.459,62.498,1069.350,-3.021
10675,01/11/26 03:00:53 PM,1.67,3.01,109.5,3.349,63.355,1069.350,-2.942
10676,01/11/26 03:10:53 PM,1.67,2.67,101.1,3.901,61.836,1069.350,-2.745
10677,01/11/26 03:20:53 PM,1.67,2.34,126.4,4.620,59.730,1069.350,-2.531
10678,01/11/26 03:30:53 PM,1.67,2.34,124.9,4.587,59.997,1069.350,-2.502
10679,01/11/26 03:40:53 PM,1.34,2.34,116.5,4.759,59.205,1069.350,-2.519
10680,01/11/26 03:50:53 PM,1.34,2.34,112.3,4.941,58.372,1069.350,-2.539
10681,01/11/26 04:00:53 PM,1.00,2.00,110.9,4.612,58.375,1069.350,-2.848
10682,01/11/26 04:10:53 PM,1.34,2.34,116.5,5.153,56.611,1069.350,-2.752
10683,01/11/26 04:20:53 PM,1.00,2.00,127.8,5.175,55.616,1069.350,-2.970
10684,01/11/26 04:30:53 PM,0.67,2.00,108.1,5.499,55.383,1069.350,-2.723
10685,01/11/26 04:40:53 PM,1.00,2.00,127.8,5.231,54.916,1069.350,-3.087
10686,01/11/26 04:50:53 PM,0.67,1.67,147.4,5.175,56.565,1069.350,-2.742
10687,01/11/26 05:00:53 PM,0.67,1.34,153.0,5.260,58.117,1069.350,-2.298
10688,01/11/26 05:10:53 PM,0.67,1.34,160.0,5.003,58.718,1069.350,-2.401
10689,01/11/26 05:20:53 PM,0.33,1.34,165.7,5.427,56.574,1069.350,-2.504
10690,01/11/26 05:30:53 PM,0.67,1.34,172.7,5.177,57.069,1069.350,-2.621
10691,01/11/26 05:40:53 PM,0.33,1.67,153.0,4.660,58.885,1069.350,-2.686
10692,01/11/26 05:50:53 PM,0.00,0.00,144.6,4.923,57.819,1069.350,-2.684
10693,01/11/26 06:00:53 PM,0.00,0.00,144.6,5.177,57.192,1069.350,-2.592
10694,01/11/26 06:10:53 PM,0.00,0.00,144.6,3.944,60.792,1069.350,-2.933
10695,01/11/26 06:20:53 PM,0.00,0.00,144.6,2.486,65.571,1069.350,-3.303
10696,01/11/26 06:30:53 PM,0.00,0.00,144.6,1.759,68.124,1069.350,-3.487
10697,01/11/26 06:40:53 PM,0.00,0.67,144.6,0.858,71.241,1069.350,-3.756
10698,01/11/26 06:50:53 PM,0.33,1.00,144.6,-0.035,74.913,1069.350,-3.949
10699,01/11/26 07:00:53 PM,0.00,0.67,144.6,-0.110,75.520,1069.350,-3.914
10700,01/11/26 07:10:53 PM,0.33,1.00,144.6,-0.488,76.454,1069.350,-4.117
10701,01/11/26 07:20:53 PM,1.00,1.67,11.2,-1.611,80.691,1069.350,-4.496
10702,01/11/26 07:30:53 PM,1.00,2.00,349.6,-1.297,79.203,1069.350,-4.436
10703,01/11/26 07:40:53 PM,1.00,1.67,317.3,-2.136,82.902,1069.350,-4.652
10704,01/11/26 07:50:53 PM,1.34,1.67,286.4,-2.378,83.366,1069.350,-4.815
10705,01/11/26 08:00:53 PM,1.00,1.67,278.0,-3.402,85.672,1069.350,-5.462
10706,01/11/26 08:10:53 PM,1.00,1.34,280.8,-3.675,87.587,1069.350,-5.441
10707,01/11/26 08:20:53 PM,1.34,2.00,275.2,-4.324,88.061,1069.350,-6.010
10708,01/11/26 08:30:53 PM,1.67,2.00,285.0,-5.139,91.629,1069.350,-6.298
10709,01/11/26 08:40:53 PM,1.00,1.67,285.0,-4.045,89.630,1069.350,-5.503
10710,01/11/26 08:50:53 PM,0.33,1.00,285.0,-3.541,86.938,1069.350,-5.406
10711,01/11/26 09:00:53 PM,1.00,1.67,290.6,-4.281,89.114,1069.350,-5.812
10712,01/11/26 09:10:53 PM,1.00,1.67,301.8,-4.179,89.049,1069.350,-5.721
10713,01/11/26 09:20:53 PM,1.00,1.34,306.1,-3.836,88.565,1069.350,-5.454
10714,01/11/26 09:30:53 PM,1.67,2.34,290.6,-3.823,88.127,1069.350,-5.506
10715,01/11/26 09:40:53 PM,1.67,2.00,279.4,-3.807,87.895,1069.350,-5.525
10716,01/11/26 09:50:53 PM,1.34,2.00,292.0,-3.879,88.444,1069.350,-5.514
10717,01/11/26 10:00:53 PM,1.00,1.67,296.2,-3.691,87.828,1069.350,-5.420
10718,01/11/26 10:10:53 PM,1.00,1.67,259.7,-4.501,89.293,1069.350,-6.004
10719,01/11/26 10:20:53 PM,1.00,2.00,255.5,-5.241,91.850,1069.350,-6.368
10720,01/11/26 10:30:53 PM,1.00,1.34,262.5,-4.968,92.638,1069.350,-5.985
10721,01/11/26 10:40:53 PM,1.00,1.34,262.5,-4.903,91.722,1069.350,-6.051
10722,01/11/26 10:50:53 PM,1.00,1.67,269.6,-5.118,91.695,1069.350,-6.268
10723,01/11/26 11:00:53 PM,1.00,1.67,322.9,-4.775,92.229,1069.350,-5.852
10724,01/11/26 11:10:53 PM,1.34,1.67,313.1,-4.407,90.835,1069.350,-5.686
10725,01/11/26 11:20:53 PM,1.34,2.00,294.8,-4.316,91.115,1069.350,-5.556
10726,01/11/26 11:30:53 PM,1.34,1.67,292.0,-4.316,91.002,1069.350,-5.572
10727,01/11/26 11:40:53 PM,1.00,1.34,294.8,-4.340,91.650,1069.350,-5.503
10728,01/11/26 11:50:53 PM,1.34,1.67,294.8,-4.434,91.525,1069.350,-5.614
10729,01/12/26 12:00:53 AM,0.67,1.00,294.8,-4.399,91.958,1069.350,-5.517
10730,01/12/26 12:10:53 AM,0.00,0.67,294.8,-4.228,91.176,1069.350,-5.460
10731,01/12/26 12:20:53 AM,0.33,1.00,294.8,-4.716,91.698,1069.350,-5.869
10732,01/12/26 12:30:53 AM,0.00,0.00,294.8,-4.799,93.489,1069.350,-5.698
10733,01/12/26 12:40:53 AM,0.00,0.00,294.8,-4.603,93.117,1069.350,-5.555
10734,01/12/26 12:50:53 AM,0.00,0.00,294.8,-4.670,92.680,1069.350,-5.684
10735,01/12/26 01:00:53 AM,0.67,1.67,289.2,-5.075,92.895,1069.350,-6.056
10736,01/12/26 01:10:53 AM,1.34,1.67,283.6,-5.029,94.305,1069.350,-5.813
10737,01/12/26 01:20:53 AM,1.00,1.34,283.6,-4.549,92.146,1069.350,-5.639
10738,01/12/26 01:30:53 AM,1.00,1.34,283.6,-5.268,93.457,1069.350,-6.168
10739,01/12/26 01:40:53 AM,1.34,1.67,283.6,-5.745,95.312,1069.350,-6.387
10740,01/12/26 01:50:53 AM,1.00,1.34,297.6,-5.517,94.978,1069.350,-6.205
10741,01/12/26 02:00:53 AM,1.00,1.34,301.8,-6.163,95.558,1069.350,-6.770
10742,01/12/26 02:10:53 AM,1.00,1.34,301.8,-5.624,95.908,1069.350,-6.185
10743,01/12/26 02:20:53 AM,1.34,1.67,301.8,-5.549,94.827,1069.350,-6.258
10744,01/12/26 02:30:53 AM,1.34,1.67,296.2,-5.351,94.687,1069.350,-6.080
10745,01/12/26 02:40:53 AM,1.00,1.67,303.2,-5.021,94.298,1069.350,-5.806
10746,01/12/26 02:50:53 AM,1.34,2.00,299.0,-4.842,93.495,1069.350,-5.740
10747,01/12/26 03:00:53 AM,1.34,2.34,282.2,-5.051,93.199,1069.350,-5.989
10748,01/12/26 03:10:53 AM,1.34,1.67,287.8,-5.236,93.750,1069.350,-6.096
10749,01/12/26 03:20:53 AM,1.34,2.00,286.4,-5.002,93.156,1069.350,-5.946
10750,01/12/26 03:30:53 AM,1.34,2.00,283.6,-4.997,92.468,1069.350,-6.038
10751,01/12/26 03:40:53 AM,1.00,1.67,282.2,-5.338,92.831,1069.350,-6.326
10752,01/12/26 03:50:53 AM,1.00,1.67,275.2,-5.568,94.139,1069.350,-6.372
10753,01/12/26 04:00:53 AM,1.00,1.67,275.2,-5.161,92.964,1069.350,-6.131
10754,01/12/26 04:10:53 AM,1.00,1.67,271.0,-5.758,93.169,1069.350,-6.696
10755,01/12/26 04:20:53 AM,1.34,2.00,278.0,-6.683,94.687,1069.350,-7.406
10756,01/12/26 04:30:53 AM,1.67,2.67,296.2,-6.083,95.248,1069.350,-6.732
10757,01/12/26 04:40:53 AM,2.00,2.67,300.4,-5.858,93.693,1069.350,-6.722
10758,01/12/26 04:50:53 AM,2.00,2.67,294.8,-6.541,94.466,1069.350,-7.295
10759,01/12/26 05:00:53 AM,1.34,1.67,290.6,-6.233,94.922,1069.350,-6.926
10760,01/12/26 05:10:53 AM,1.34,2.34,292.0,-5.976,94.307,1069.350,-6.755
10761,01/12/26 05:20:53 AM,1.67,2.34,290.6,-5.836,93.399,1069.350,-6.741
10762,01/12/26 05:30:53 AM,1.67,2.67,294.8,-5.823,93.176,1069.350,-6.759
10763,01/12/26 05:40:53 AM,1.00,2.34,303.2,-5.844,93.156,1069.350,-6.783
10764,01/12/26 05:50:53 AM,1.00,2.00,320.1,-5.654,92.406,1069.350,-6.699
10765,01/12/26 06:00:53 AM,0.67,1.34,262.5,-6.423,92.953,1069.350,-7.386
10766,01/12/26 06:10:53 AM,0.67,1.00,282.2,-6.949,95.483,1069.350,-7.563
10767,01/12/26 06:20:53 AM,0.67,2.00,292.0,-5.850,94.574,1069.350,-6.593
10768,01/12/26 06:30:53 AM,1.34,2.67,285.0,-5.600,91.099,1069.350,-6.831
10769,01/12/26 06:40:53 AM,1.67,2.67,276.6,-6.115,92.125,1069.350,-7.196
10770,01/12/26 06:50:53 AM,1.67,2.67,294.8,-6.595,93.689,1069.350,-7.456
10771,01/12/26 07:00:53 AM,1.34,2.67,306.1,-5.796,91.650,1069.350,-6.947
10772,01/12/26 07:10:53 AM,0.33,1.00,324.3,-6.788,93.228,1069.350,-7.711
10773,01/12/26 07:20:53 AM,0.00,0.67,43.5,-7.683,94.502,1069.350,-8.427
10774,01/12/26 07:30:53 AM,0.00,0.00,60.4,-7.903,96.066,1069.350,-8.436
10775,01/12/26 07:40:53 AM,0.00,0.00,56.2,-7.582,96.869,1069.350,-8.009
10776,01/12/26 07:50:53 AM,0.67,1.67,1.4,-7.161,95.343,1069.350,-7.793
10777,01/12/26 08:00:53 AM,0.67,1.34,0.0,-6.659,95.125,1069.350,-7.323
10778,01/12/26 08:10:53 AM,0.67,1.00,54.8,-7.509,93.947,1069.350,-8.329
10779,01/12/26 08:20:53 AM,0.33,1.00,68.8,-8.335,95.834,1069.350,-8.897
10780,01/12/26 08:30:53 AM,0.67,1.34,355.2,-8.528,96.805,1069.350,-8.961
10781,01/12/26 08:40:53 AM,0.33,0.67,355.2,-7.724,97.932,1069.350,-8.010
10782,01/12/26 08:50:53 AM,0.00,0.33,355.2,-7.603,96.953,1069.350,-8.019
10783,01/12/26 09:00:53 AM,0.33,1.34,346.8,-7.793,96.410,1069.350,-8.280
10784,01/12/26 09:10:53 AM,1.00,1.34,311.7,-8.592,96.709,1069.350,-9.038
10785,01/12/26 09:20:53 AM,1.00,1.34,311.7,-8.254,97.595,1069.350,-8.584
10786,01/12/26 09:30:53 AM,0.67,1.00,311.7,-7.383,96.892,1069.350,-7.807
10787,01/12/26 09:40:53 AM,0.67,1.00,311.7,-7.005,95.760,1069.350,-7.581
10788,01/12/26 09:50:53 AM,0.67,1.00,311.7,-6.182,94.505,1069.350,-6.932
10789,01/12/26 10:00:53 AM,0.00,0.00,311.7,-5.118,92.384,1069.350,-6.170
10790,01/12/26 10:10:53 AM,0.00,0.00,311.7,-5.279,92.850,1069.350,-6.264
10791,01/12/26 10:20:53 AM,0.33,1.34,286.4,-5.059,93.129,1069.350,-6.007
10792,01/12/26 10:30:53 AM,0.67,1.34,248.5,-4.544,92.497,1069.350,-5.584
10793,01/12/26 10:40:53 AM,0.67,1.67,237.3,-3.504,90.092,1069.350,-4.900
10794,01/12/26 10:50:53 AM,0.00,0.00,237.3,-2.077,85.924,1069.350,-4.119
10795,01/12/26 11:00:53 AM,0.00,0.00,237.3,-1.825,84.210,1069.350,-4.139
10796,01/12/26 11:10:53 AM,0.00,0.00,237.3,-1.453,82.631,1069.350,-4.026
10797,01/12/26 11:20:53 AM,0.00,0.00,237.3,-1.330,84.483,1069.350,-3.610
10798,01/12/26 11:30:53 AM,0.33,1.34,231.6,-1.217,85.341,1069.350,-3.364
10799,01/12/26 11:40:53 AM,0.67,1.34,102.5,-0.689,84.306,1069.350,-3.008
10800,01/12/26 11:50:53 AM,1.00,1.67,92.7,-0.501,83.001,1069.350,-3.033
10801,01/12/26 12:00:53 PM,1.00,1.67,113.7,-0.871,84.448,1069.350,-3.164
10802,01/12/26 12:10:53 PM,1.00,1.67,116.5,-0.836,84.424,1069.350,-3.134
10803,01/12/26 12:20:53 PM,0.67,1.34,110.9,-0.474,81.636,1069.350,-3.229
10804,01/12/26 12:30:53 PM,0.67,1.34,110.9,0.424,79.040,1069.350,-2.785
10805,01/12/26 12:40:53 PM,0.00,1.34,113.7,0.746,78.207,1069.350,-2.614
10806,01/12/26 12:50:53 PM,0.00,0.67,113.7,1.274,76.368,1069.350,-2.422
10807,01/12/26 01:00:53 PM,0.00,0.00,61.8,1.788,73.136,1069.350,-2.507
10808,01/12/26 01:10:53 PM,0.00,1.00,67.4,1.939,71.037,1069.350,-2.753
10809,01/12/26 01:20:53 PM,0.67,1.67,179.7,2.057,69.915,1069.350,-2.854
10810,01/12/26 01:30:53 PM,0.33,1.67,195.1,2.569,70.518,1069.350,-2.246
10811,01/12/26 01:40:53 PM,0.67,1.67,212.0,3.268,68.539,1069.350,-1.959
10812,01/12/26 01:50:53 PM,0.67,1.67,213.4,2.995,68.797,1069.350,-2.170
10813,01/12/26 02:00:53 PM,0.33,1.00,227.4,3.872,65.783,1069.350,-1.937
10814,01/12/26 02:10:53 PM,0.33,1.34,276.6,4.872,62.840,1069.350,-1.607
10815,01/12/26 02:20:53 PM,0.33,1.34,195.1,5.949,60.551,1069.350,-1.092
10816,01/12/26 02:30:53 PM,0.67,1.67,186.7,6.185,59.741,1069.350,-1.053
10817,01/12/26 02:40:53 PM,0.67,2.67,110.9,6.625,59.397,1069.350,-0.717
10818,01/12/26 02:50:53 PM,0.67,2.00,176.9,7.008,56.931,1069.350,-0.937
10819,01/12/26 03:00:53 PM,0.67,2.34,157.2,6.716,59.068,1069.350,-0.707
10820,01/12/26 03:10:53 PM,0.33,1.67,140.4,7.142,58.845,1069.350,-0.358
10821,01/12/26 03:20:53 PM,0.67,2.67,228.8,8.427,54.896,1069.350,-0.108
10822,01/12/26 03:30:53 PM,1.67,2.67,242.9,7.845,56.274,1069.350,-0.311
10823,01/12/26 03:40:53 PM,2.00,3.34,231.6,7.689,55.450,1069.350,-0.659
10824,01/12/26 03:50:53 PM,2.67,3.67,249.9,7.193,54.151,1069.350,-1.446
10825,01/12/26 04:00:53 PM,2.00,3.34,254.1,7.089,54.894,1069.350,-1.357
10826,01/12/26 04:10:53 PM,2.00,3.01,251.3,7.201,54.195,1069.350,-1.427
10827,01/12/26 04:20:53 PM,2.00,2.67,256.9,6.893,54.313,1069.350,-1.685
10828,01/12/26 04:30:53 PM,2.00,3.67,303.2,7.070,52.013,1069.350,-2.106
10829,01/12/26 04:40:53 PM,2.00,3.34,273.8,7.470,50.900,1069.350,-2.028
10830,01/12/26 04:50:53 PM,2.34,4.01,280.8,7.949,46.387,1069.350,-2.839
10831,01/12/26 05:00:53 PM,2.67,4.34,293.4,7.794,48.310,1069.350,-2.435
10832,01/12/26 05:10:53 PM,2.67,4.34,276.6,7.762,46.744,1069.350,-2.908
10833,01/12/26 05:20:53 PM,2.34,3.67,271.0,7.113,45.585,1069.350,-3.837
10834,01/12/26 05:30:53 PM,2.34,3.34,272.4,6.132,50.782,1069.350,-3.298
10835,01/12/26 05:40:53 PM,2.67,4.01,280.8,5.821,53.185,1069.350,-2.967
10836,01/12/26 05:50:53 PM,1.67,3.01,355.2,5.059,58.807,1069.350,-2.328
10837,01/12/26 06:00:53 PM,0.67,2.67,22.5,4.019,66.781,1069.350,-1.593
10838,01/12/26 06:10:53 PM,0.00,1.00,355.2,3.504,69.587,1069.350,-1.527
10839,01/12/26 06:20:53 PM,1.00,2.00,84.2,3.081,74.955,1069.350,-0.923
10840,01/12/26 06:30:53 PM,0.33,1.34,77.2,2.504,77.562,1069.350,-1.016
10841,01/12/26 06:40:53 PM,0.33,1.00,77.2,1.799,78.801,1069.350,-1.486
10842,01/12/26 06:50:53 PM,0.00,0.33,77.2,1.116,76.516,1069.350,-2.549
10843,01/12/26 07:00:53 PM,0.00,0.00,77.2,0.327,76.136,1069.350,-3.382
10844,01/12/26 07:10:53 PM,0.00,0.00,77.2,-0.536,78.941,1069.350,-3.738
10845,01/12/26 07:20:53 PM,0.33,1.00,35.1,-0.670,81.067,1069.350,-3.514
10846,01/12/26 07:30:53 PM,0.33,1.34,335.5,-1.252,81.343,1069.350,-4.038
10847,01/12/26 07:40:53 PM,1.34,1.67,299.0,-2.260,84.154,1069.350,-4.575
10848,01/12/26 07:50:53 PM,1.00,1.34,279.4,-2.201,85.870,1069.350,-4.250
10849,01/12/26 08:00:53 PM,1.00,1.34,310.3,-2.136,85.711,1069.350,-4.210
10850,01/12/26 08:10:53 PM,1.00,1.67,311.7,-2.147,87.211,1069.350,-3.990
10851,01/12/26 08:20:53 PM,1.34,1.67,307.5,-2.445,89.047,1069.350,-4.007
10852,01/12/26 08:30:53 PM,1.34,1.67,304.7,-2.496,89.990,1069.350,-3.918
10853,01/12/26 08:40:53 PM,1.67,2.34,279.4,-3.252,91.302,1069.350,-4.474
10854,01/12/26 08:50:53 PM,1.34,1.67,283.6,-2.579,91.560,1069.350,-3.769
10855,01/12/26 09:00:53 PM,1.34,2.00,306.1,-2.496,90.733,1069.350,-3.808
10856,01/12/26 09:10:53 PM,1.34,1.67,299.0,-2.287,90.095,1069.350,-3.695
10857,01/12/26 09:20:53 PM,1.00,1.34,297.6,-3.027,91.882,1069.350,-4.167
10858,01/12/26 09:30:53 PM,1.00,1.67,308.9,-2.724,90.822,1069.350,-4.021
10859,01/12/26 09:40:53 PM,1.34,2.00,278.0,-2.297,86.493,1069.350,-4.248
10860,01/12/26 09:50:53 PM,1.34,2.00,266.7,-2.064,84.504,1069.350,-4.328
10861,01/12/26 10:00:53 PM,1.00,2.00,278.0,-0.911,78.500,1069.350,-4.178
10862,01/12/26 10:10:53 PM,0.33,1.34,35.1,-2.745,86.409,1069.350,-4.702
10863,01/12/26 10:20:53 PM,0.67,2.34,50.5,-3.126,88.360,1069.350,-4.783
10864,01/12/26 10:30:53 PM,1.00,2.00,56.2,-3.498,92.702,1069.350,-4.517
10865,01/12/26 10:40:53 PM,0.67,2.00,61.8,-3.694,94.757,1069.350,-4.421
10866,01/12/26 10:50:53 PM,0.33,1.67,35.1,-3.171,91.856,1069.350,-4.314
10867,01/12/26 11:00:53 PM,0.67,1.34,339.7,-3.335,90.365,1069.350,-4.693
10868,01/12/26 11:10:53 PM,0.67,1.34,322.9,-2.876,89.758,1069.350,-4.328
10869,01/12/26 11:20:53 PM,0.00,0.33,322.9,-2.745,89.400,1069.350,-4.251
10870,01/12/26 11:30:53 PM,0.00,0.00,322.9,-2.917,90.506,1069.350,-4.258
10871,01/12/26 11:40:53 PM,0.00,0.00,322.9,-2.893,90.871,1069.350,-4.181
10872,01/12/26 11:50:53 PM,0.00,0.67,322.9,-3.356,92.787,1069.350,-4.364
10873,01/13/26 12:00:53 AM,0.67,1.00,322.9,-3.161,92.216,1069.350,-4.252
10874,01/13/26 12:10:53 AM,0.00,0.67,322.9,-3.750,93.852,1069.350,-4.604
10875,01/13/26 12:20:53 AM,0.67,1.34,78.6,-3.509,93.176,1069.350,-4.460
10876,01/13/26 12:30:53 AM,1.00,1.34,147.4,-4.828,94.833,1069.350,-5.539
10877,01/13/26 12:40:53 AM,1.67,2.00,278.0,-4.847,96.168,1069.350,-5.375
10878,01/13/26 12:50:53 AM,1.34,1.67,280.8,-4.675,95.189,1069.350,-5.338
10879,01/13/26 01:00:53 AM,1.00,1.34,280.8,-4.807,95.921,1069.350,-5.369
10880,01/13/26 01:10:53 AM,1.00,1.34,292.0,-4.834,94.260,1069.350,-5.625
10881,01/13/26 01:20:53 AM,0.67,1.00,308.9,-4.539,94.125,1069.350,-5.350
10882,01/13/26 01:30:53 AM,1.34,1.67,303.2,-4.271,92.326,1069.350,-5.338
10883,01/13/26 01:40:53 AM,1.34,2.00,287.8,-4.828,93.361,1069.350,-5.745
10884,01/13/26 01:50:53 AM,1.34,1.67,280.8,-4.614,93.878,1069.350,-5.459
10885,01/13/26 02:00:53 AM,0.33,1.34,308.9,-4.850,93.100,1069.350,-5.803
10886,01/13/26 02:10:53 AM,1.00,1.34,37.9,-5.450,96.437,1069.350,-5.939
10887,01/13/26 02:20:53 AM,0.33,1.00,36.5,-4.713,95.239,1069.350,-5.369
10888,01/13/26 02:30:53 AM,0.00,1.34,22.5,-4.346,93.043,1069.350,-5.310
10889,01/13/26 02:40:53 AM,1.34,2.34,262.5,-5.560,94.263,1069.350,-6.347
10890,01/13/26 02:50:53 AM,2.00,2.34,283.6,-6.037,96.991,1069.350,-6.450
10891,01/13/26 03:00:53 AM,1.67,2.00,280.8,-5.413,96.205,1069.350,-5.934
10892,01/13/26 03:10:53 AM,2.00,2.34,272.4,-5.708,95.412,1069.350,-6.336
10893,01/13/26 03:20:53 AM,2.00,2.34,282.2,-5.826,96.381,1069.350,-6.322
10894,01/13/26 03:30:53 AM,1.67,2.67,301.8,-4.539,94.429,1069.350,-5.308
10895,01/13/26 03:40:53 AM,2.34,3.67,317.3,-3.906,91.730,1069.350,-5.061
10896,01/13/26 03:50:53 AM,1.34,2.67,272.4,-3.699,89.189,1069.350,-5.226
10897,01/13/26 04:00:53 AM,1.67,3.01,287.8,-2.624,83.354,1069.350,-5.059
10898,01/13/26 04:10:53 AM,2.00,2.67,256.9,-3.590,87.871,1069.350,-5.314
10899,01/13/26 04:20:53 AM,1.67,2.67,273.8,-3.461,86.850,1069.350,-5.341
10900,01/13/26 04:30:53 AM,1.00,1.67,296.2,-3.482,86.644,1069.350,-5.393
10901,01/13/26 04:40:53 AM,0.67,1.67,307.5,-3.158,83.758,1069.350,-5.519
10902,01/13/26 04:50:53 AM,0.33,1.34,207.8,-3.464,84.382,1069.350,-5.722
10903,01/13/26 05:00:53 AM,0.67,2.00,293.4,-2.997,79.072,1069.350,-6.116
10904,01/13/26 05:10:53 AM,1.67,2.67,344.0,-3.429,79.190,1069.350,-6.518
10905,01/13/26 05:20:53 AM,1.00,2.00,345.4,-3.753,79.960,1069.350,-6.708
10906,01/13/26 05:30:53 AM,0.67,1.34,112.3,-4.389,86.168,1069.350,-6.358
10907,01/13/26 05:40:53 AM,0.67,1.34,129.2,-5.137,91.562,1069.350,-6.306
10908,01/13/26 05:50:53 AM,0.33,1.00,132.0,-5.965,94.350,1069.350,-6.738
10909,01/13/26 06:00:53 AM,0.00,0.00,132.0,-6.051,95.401,1069.350,-6.679
10910,01/13/26 06:10:53 AM,0.00,0.00,132.0,-6.112,96.124,1069.350,-6.642
10911,01/13/26 06:20:53 AM,0.00,1.34,137.6,-5.635,95.027,1069.350,-6.316
10912,01/13/26 06:30:53 AM,1.00,1.34,294.8,-6.222,91.713,1069.350,-7.360
10913,01/13/26 06:40:53 AM,1.34,2.00,325.7,-6.839,91.925,1069.350,-7.943
10914,01/13/26 06:50:53 AM,1.34,2.00,341.2,-6.260,91.865,1069.350,-7.377
10915,01/13/26 07:00:53 AM,1.34,2.34,328.5,-5.391,93.747,1069.350,-6.250
10916,01/13/26 07:10:53 AM,0.33,1.34,336.9,-5.389,92.039,1069.350,-6.488
10917,01/13/26 07:20:53 AM,0.33,1.00,33.7,-6.493,91.861,1069.350,-7.608
10918,01/13/26 07:30:53 AM,0.33,1.34,59.0,-7.777,94.629,1069.350,-8.503
10919,01/13/26 07:40:53 AM,1.00,1.34,50.5,-7.627,94.882,1069.350,-8.320
10920,01/13/26 07:50:53 AM,0.33,1.00,49.1,-6.954,93.127,1069.350,-7.890
10921,01/13/26 08:00:53 AM,0.33,1.00,44.9,-6.635,93.526,1069.350,-7.518
10922,01/13/26 08:10:53 AM,1.34,2.00,303.2,-7.423,92.882,1069.350,-8.390
10923,01/13/26 08:20:53 AM,1.67,2.34,280.8,-8.099,95.596,1069.350,-8.694
10924,01/13/26 08:30:53 AM,1.34,1.67,283.6,-7.233,95.344,1069.350,-7.865
10925,01/13/26 08:40:53 AM,1.67,2.34,296.2,-6.954,94.862,1069.350,-7.652
10926,01/13/26 08:50:53 AM,1.34,2.00,308.9,-6.238,94.861,1069.350,-6.939
10927,01/13/26 09:00:53 AM,1.00,2.00,325.7,-5.201,92.767,1069.350,-6.199
10928,01/13/26 09:10:53 AM,0.00,1.00,334.1,-5.606,92.055,1069.350,-6.701
10929,01/13/26 09:20:53 AM,0.33,1.34,286.4,-6.037,93.294,1069.350,-6.956
10930,01/13/26 09:30:53 AM,1.67,2.34,292.0,-5.375,91.154,1069.350,-6.600
10931,01/13/26 09:40:53 AM,1.67,3.01,279.4,-5.195,88.591,1069.350,-6.793
10932,01/13/26 09:50:53 AM,1.34,2.34,273.8,-5.665,88.139,1069.350,-7.323
10933,01/13/26 10:00:53 AM,1.34,2.00,282.2,-4.919,91.032,1069.350,-6.165
10934,01/13/26 10:10:53 AM,1.34,2.67,275.2,-3.850,84.215,1069.350,-6.127
10935,01/13/26 10:20:53 AM,1.34,3.01,248.5,-2.407,78.338,1069.350,-5.663
10936,01/13/26 10:30:53 AM,1.67,3.01,245.7,-2.045,78.218,1069.350,-5.330
10937,01/13/26 10:40:53 AM,0.33,1.34,286.4,-0.957,71.176,1069.350,-5.516
10938,01/13/26 10:50:53 AM,0.67,1.67,127.8,-2.185,82.612,1069.350,-4.746
10939,01/13/26 11:00:53 AM,1.00,1.67,81.4,-2.906,86.528,1069.350,-4.843
10940,01/13/26 11:10:53 AM,1.34,2.00,54.8,-1.780,82.298,1069.350,-4.400
10941,01/13/26 11:20:53 AM,1.00,2.00,71.6,-0.300,77.453,1069.350,-3.762
10942,01/13/26 11:30:53 AM,0.67,2.00,53.3,0.309,76.732,1069.350,-3.295
10943,01/13/26 11:40:53 AM,1.34,2.34,82.8,1.673,74.450,1069.350,-2.378
10944,01/13/26 11:50:53 AM,1.34,2.00,66.0,2.217,72.207,1069.350,-2.265
10945,01/13/26 12:00:53 PM,1.34,2.34,61.8,2.858,70.002,1069.350,-2.067
10946,01/13/26 12:10:53 PM,0.33,1.34,59.0,4.284,63.137,1069.350,-2.101
10947,01/13/26 12:20:53 PM,0.67,1.67,130.6,4.105,64.565,1069.350,-1.968
10948,01/13/26 12:30:53 PM,0.67,1.67,116.5,4.469,64.704,1069.350,-1.593
10949,01/13/26 12:40:53 PM,0.67,1.34,136.2,4.483,66.242,1069.350,-1.260
10950,01/13/26 12:50:53 PM,1.00,2.00,167.1,4.823,65.823,1069.350,-1.022
10951,01/13/26 01:00:53 PM,1.00,2.00,183.9,5.260,66.897,1069.350,-0.383
10952,01/13/26 01:10:53 PM,1.34,2.34,220.4,6.075,62.255,1069.350,-0.593
10953,01/13/26 01:20:53 PM,1.00,2.00,263.9,7.708,54.534,1069.350,-0.870
10954,01/13/26 01:30:53 PM,1.34,3.67,271.0,8.512,49.172,1069.350,-1.534
10955,01/13/26 01:40:53 PM,2.34,3.67,261.1,9.094,42.818,1069.350,-2.872
10956,01/13/26 01:50:53 PM,2.67,4.34,261.1,9.239,42.719,1069.350,-2.771
10957,01/13/26 02:00:53 PM,3.01,4.68,280.8,9.443,42.272,1069.350,-2.728
10958,01/13/26 02:10:53 PM,3.34,4.68,279.4,9.641,41.488,1069.350,-2.801
10959,01/13/26 02:20:53 PM,3.34,5.01,263.9,9.826,41.895,1069.350,-2.502
10960,01/13/26 02:30:53 PM,3.34,4.68,263.9,9.821,41.685,1069.350,-2.574
10961,01/13/26 02:40:53 PM,3.01,4.68,283.6,8.995,42.823,1069.350,-2.960
10962,01/13/26 02:50:53 PM,3.01,4.68,276.6,8.807,44.933,1069.350,-2.484
10963,01/13/26 03:00:53 PM,3.34,5.01,259.7,9.121,44.894,1069.350,-2.209
10964,01/13/26 03:10:53 PM,3.67,5.34,265.3,9.199,43.957,1069.350,-2.423
10965,01/13/26 03:20:53 PM,3.67,5.01,268.1,9.523,43.149,1069.350,-2.379
10966,01/13/26 03:30:53 PM,3.67,5.01,269.6,9.727,43.767,1069.350,-2.001
10967,01/13/26 03:40:53 PM,3.67,5.34,290.6,9.630,44.732,1069.350,-1.794
10968,01/13/26 03:50:53 PM,4.68,6.01,292.0,9.488,44.947,1069.350,-1.859
10969,01/13/26 04:00:53 PM,4.68,6.68,287.8,9.301,45.858,1069.350,-1.757
10970,01/13/26 04:10:53 PM,4.01,5.68,290.6,9.314,46.665,1069.350,-1.509
10971,01/13/26 04:20:53 PM,3.34,5.01,259.7,9.770,46.731,1069.350,-1.072
10972,01/13/26 04:30:53 PM,3.67,5.01,263.9,9.306,47.372,1069.350,-1.312
10973,01/13/26 04:40:53 PM,3.34,5.68,265.3,9.030,51.363,1069.350,-0.461
10974,01/13/26 04:50:53 PM,3.67,5.01,268.1,8.507,52.773,1069.350,-0.575
10975,01/13/26 05:00:53 PM,3.01,4.34,266.7,8.705,52.966,1069.350,-0.341
10976,01/13/26 05:10:53 PM,3.01,4.34,265.3,8.349,54.400,1069.350,-0.305
10977,01/13/26 05:20:53 PM,2.67,4.34,273.8,8.427,52.885,1069.350,-0.620
10978,01/13/26 05:30:53 PM,3.01,4.34,286.4,7.933,53.446,1069.350,-0.935
10979,01/13/26 05:40:53 PM,2.00,3.34,269.6,7.150,57.305,1069.350,-0.714
10980,01/13/26 05:50:53 PM,1.34,2.34,266.7,6.354,59.774,1069.350,-0.886
10981,01/13/26 06:00:53 PM,0.67,1.67,279.4,6.153,59.930,1069.350,-1.040
10982,01/13/26 06:10:53 PM,1.67,2.67,285.0,5.250,62.289,1069.350,-1.368
10983,01/13/26 06:20:53 PM,2.00,3.01,287.8,3.751,68.009,1069.350,-1.602
10984,01/13/26 06:30:53 PM,1.67,2.34,297.6,2.941,70.896,1069.350,-1.815
10985,01/13/26 06:40:53 PM,1.67,2.67,308.9,2.770,70.298,1069.350,-2.095
10986,01/13/26 06:50:53 PM,2.34,3.01,292.0,3.199,67.778,1069.350,-2.176
10987,01/13/26 07:00:53 PM,3.01,3.67,285.0,3.515,66.426,1069.350,-2.146
10988,01/13/26 07:10:53 PM,3.34,3.67,282.2,3.499,67.007,1069.350,-2.044
10989,01/13/26 07:20:53 PM,3.34,4.34,278.0,4.086,64.758,1069.350,-1.946
10990,01/13/26 07:30:53 PM,3.01,3.67,287.8,4.247,63.882,1069.350,-1.977
10991,01/13/26 07:40:53 PM,2.34,3.34,292.0,4.523,62.013,1069.350,-2.117
10992,01/13/26 07:50:53 PM,1.67,3.01,124.9,3.464,66.261,1069.350,-2.229
10993,01/13/26 08:00:53 PM,0.67,2.00,36.5,4.440,62.296,1069.350,-2.134
10994,01/13/26 08:10:53 PM,2.00,3.01,32.3,2.847,71.177,1069.350,-1.852
10995,01/13/26 08:20:53 PM,1.67,2.67,15.4,1.963,77.801,1069.350,-1.500
10996,01/13/26 08:30:53 PM,0.00,1.34,87.0,1.630,79.866,1069.350,-1.469
10997,01/13/26 08:40:53 PM,0.00,0.00,105.3,1.435,80.734,1069.350,-1.512
10998,01/13/26 08:50:53 PM,0.67,1.67,167.1,0.622,85.049,1069.350,-1.602
10999,01/13/26 09:00:53 PM,0.67,1.34,189.5,0.292,86.122,1069.350,-1.756
11000,01/13/26 09:10:53 PM,1.00,1.34,220.4,0.212,85.486,1069.350,-1.935
11001,01/13/26 09:20:53 PM,0.67,1.34,272.4,-0.075,87.619,1069.350,-1.884
11002,01/13/26 09:30:53 PM,0.00,0.00,303.2,0.073,88.006,1069.350,-1.678
11003,01/13/26 09:40:53 PM,0.00,0.00,303.2,-0.053,87.561,1069.350,-1.872
11004,01/13/26 09:50:53 PM,1.00,1.67,287.8,-1.632,90.202,1069.350,-3.031
11005,01/13/26 10:00:53 PM,1.34,1.67,286.4,-1.415,91.301,1069.350,-2.653
11006,01/13/26 10:10:53 PM,1.67,2.34,278.0,-1.008,90.736,1069.350,-2.334
11007,01/13/26 10:20:53 PM,2.00,2.67,265.3,-0.890,90.985,1069.350,-2.180
11008,01/13/26 10:30:53 PM,1.34,1.67,276.6,-1.145,92.111,1069.350,-2.267
11009,01/13/26 10:40:53 PM,1.00,1.67,285.0,-0.817,91.310,1069.350,-2.059
11010,01/13/26 10:50:53 PM,1.34,1.67,294.8,-0.750,90.275,1069.350,-2.147
11011,01/13/26 11:00:53 PM,1.67,2.34,297.6,-0.914,90.312,1069.350,-2.304
11012,01/13/26 11:10:53 PM,1.67,2.34,279.4,-1.407,91.939,1069.350,-2.552
11013,01/13/26 11:20:53 PM,1.67,2.34,306.1,-0.694,90.346,1069.350,-2.081
11014,01/13/26 11:30:53 PM,1.34,2.34,283.6,-0.758,89.400,1069.350,-2.287
11015,01/13/26 11:40:53 PM,0.33,1.67,198.0,-0.935,90.713,1069.350,-2.265
11016,01/13/26 11:50:53 PM,0.00,1.34,266.7,-0.659,88.763,1069.350,-2.285
11017,01/14/26 12:00:53 AM,2.00,3.67,289.2,0.204,85.728,1069.350,-1.905
11018,01/14/26 12:10:53 AM,3.34,4.68,273.8,1.979,78.225,1069.350,-1.411
11019,01/14/26 12:20:53 AM,2.67,5.34,258.3,2.389,75.209,1069.350,-1.547
11020,01/14/26 12:30:53 AM,2.00,3.34,272.4,2.073,75.908,1069.350,-1.728
11021,01/14/26 12:40:53 AM,1.67,2.34,261.1,1.467,77.572,1069.350,-2.023
11022,01/14/26 12:50:53 AM,2.00,3.67,251.3,1.057,78.782,1069.350,-2.213
11023,01/14/26 01:00:53 AM,2.34,3.01,263.9,0.861,79.083,1069.350,-2.352
11024,01/14/26 01:10:53 AM,2.34,3.34,282.2,0.244,81.401,1069.350,-2.565
11025,01/14/26 01:20:53 AM,2.00,3.01,289.2,0.362,81.300,1069.350,-2.466
11026,01/14/26 01:30:53 AM,0.33,1.67,300.4,0.842,79.246,1069.350,-2.343
11027,01/14/26 01:40:53 AM,1.67,3.67,50.5,1.298,76.982,1069.350,-2.290
11028,01/14/26 01:50:53 AM,1.34,2.67,95.5,-1.640,89.015,1069.350,-3.217
11029,01/14/26 02:00:53 AM,0.67,1.67,56.2,-1.984,91.722,1069.350,-3.156
11030,01/14/26 02:10:53 AM,0.00,0.00,96.9,-2.061,93.248,1069.350,-3.011
11031,01/14/26 02:20:53 AM,0.33,1.00,89.9,-2.067,94.623,1069.350,-2.820
11032,01/14/26 02:30:53 AM,0.00,1.00,115.1,-2.415,95.358,1069.350,-3.063
11033,01/14/26 02:40:53 AM,0.33,1.67,144.6,-2.641,96.132,1069.350,-3.180
11034,01/14/26 02:50:53 AM,1.34,1.67,259.7,-3.346,96.518,1069.350,-3.830
11035,01/14/26 03:00:53 AM,1.67,2.00,268.1,-3.970,96.814,1069.350,-4.411
11036,01/14/26 03:10:53 AM,1.67,2.00,269.6,-3.946,97.852,1069.350,-4.246
11037,01/14/26 03:20:53 AM,1.34,2.00,276.6,-3.767,97.873,1069.350,-4.064
11038,01/14/26 03:30:53 AM,1.00,1.67,290.6,-3.469,97.946,1069.350,-3.757
11039,01/14/26 03:40:53 AM,1.00,1.34,290.6,-3.453,96.707,1069.350,-3.910
11040,01/14/26 03:50:53 AM,1.00,1.34,290.6,-3.764,97.089,1069.350,-4.168
11041,01/14/26 04:00:53 AM,0.67,1.00,290.6,-3.037,97.581,1069.350,-3.375
11042,01/14/26 04:10:53 AM,1.00,1.67,290.6,-3.606,95.814,1069.350,-4.186
11043,01/14/26 04:20:53 AM,1.34,1.67,290.6,-4.402,97.163,1069.350,-4.795
11044,01/14/26 04:30:53 AM,1.34,1.67,290.6,-4.582,97.668,1069.350,-4.906
11045,01/14/26 04:40:53 AM,1.34,1.67,290.6,-4.675,97.978,1069.350,-4.957
11046,01/14/26 04:50:53 AM,0.67,1.34,290.6,-4.265,99.171,1069.350,-4.387
11047,01/14/26 05:00:53 AM,0.33,0.67,290.6,-3.212,99.384,1069.350,-3.305
11048,01/14/26 05:10:53 AM,1.00,1.67,290.6,-4.163,96.960,1069.350,-4.584
11049,01/14/26 05:20:53 AM,1.00,1.34,290.6,-4.485,98.865,1069.350,-4.648
11050,01/14/26 05:30:53 AM,0.67,1.00,290.6,-4.447,98.425,1069.350,-4.669
11051,01/14/26 05:40:53 AM,0.00,0.67,290.6,-4.281,99.625,1069.350,-4.343
11052,01/14/26 05:50:53 AM,0.00,0.00,290.6,-4.145,99.388,1069.350,-4.238
11053,01/14/26 06:00:53 AM,0.00,0.33,290.6,-4.088,99.715,1069.350,-4.137
11054,01/14/26 06:10:53 AM,0.00,0.00,290.6,-3.799,99.493,1069.350,-3.878
11055,01/14/26 06:20:53 AM,0.33,1.67,275.2,-4.844,97.964,1069.350,-5.128
11056,01/14/26 06:30:53 AM,1.00,1.34,262.5,-5.375,98.514,1069.350,-5.585
11057,01/14/26 06:40:53 AM,1.34,1.67,279.4,-5.496,98.917,1069.350,-5.653
11058,01/14/26 06:50:53 AM,1.00,1.34,306.1,-5.000,99.458,1069.350,-5.085
11059,01/14/26 07:00:53 AM,1.00,1.34,308.9,-5.104,99.097,1069.350,-5.237
11060,01/14/26 07:10:53 AM,1.00,1.34,310.3,-5.137,99.248,1069.350,-5.250
11061,01/14/26 07:20:53 AM,1.00,1.00,308.9,-4.702,99.579,1069.350,-4.770
11062,01/14/26 07:30:53 AM,1.34,1.67,304.7,-4.952,98.264,1069.350,-5.196
11063,01/14/26 07:40:53 AM,1.34,2.00,276.6,-5.724,97.734,1069.350,-6.038
11064,01/14/26 07:50:53 AM,1.34,1.67,285.0,-5.512,98.744,1069.350,-5.692
11065,01/14/26 08:00:53 AM,1.67,2.00,280.8,-6.032,97.867,1069.350,-6.328
11066,01/14/26 08:10:53 AM,1.67,1.67,293.4,-5.726,99.225,1069.350,-5.842
11067,01/14/26 08:20:53 AM,1.34,1.67,299.0,-5.123,99.405,1069.350,-5.215
11068,01/14/26 08:30:53 AM,1.34,2.00,287.8,-4.874,98.590,1069.350,-5.074
11069,01/14/26 08:40:53 AM,1.34,2.00,292.0,-4.981,98.007,1069.350,-5.259
11070,01/14/26 08:50:53 AM,1.34,1.67,299.0,-4.769,98.422,1069.350,-4.992
11071,01/14/26 09:00:53 AM,0.67,1.67,307.5,-4.394,97.812,1069.350,-4.699
11072,01/14/26 09:10:53 AM,0.00,0.00,307.5,-5.051,96.828,1069.350,-5.488
11073,01/14/26 09:20:53 AM,0.00,0.00,307.5,-5.796,97.484,1069.350,-6.144
11074,01/14/26 09:30:53 AM,0.00,0.00,307.5,-5.364,97.359,1069.350,-5.729
11075,01/14/26 09:40:53 AM,0.00,0.00,307.5,-4.544,94.400,1069.350,-5.317
11076,01/14/26 09:50:53 AM,0.00,0.00,307.5,-2.895,91.432,1069.350,-4.101
11077,01/14/26 10:00:53 AM,0.00,1.00,307.5,-2.721,89.831,1069.350,-4.164
11078,01/14/26 10:10:53 AM,1.00,1.34,304.7,-3.222,89.899,1069.350,-4.650
11079,01/14/26 10:20:53 AM,0.67,1.00,294.8,-2.308,90.632,1069.350,-3.637
11080,01/14/26 10:30:53 AM,0.00,1.00,293.4,-0.997,89.255,1069.350,-2.545
11081,01/14/26 10:40:53 AM,0.00,0.00,293.4,0.091,88.125,1069.350,-1.642
11082,01/14/26 10:50:53 AM,0.00,0.00,293.4,1.373,86.668,1069.350,-0.605
11083,01/14/26 11:00:53 AM,0.33,1.00,259.7,2.721,83.966,1069.350,0.285
11084,01/14/26 11:10:53 AM,0.67,1.67,150.2,2.861,83.705,1069.350,0.379
11085,01/14/26 11:20:53 AM,1.00,1.67,122.1,3.196,82.242,1069.350,0.464
11086,01/14/26 11:30:53 AM,1.00,1.67,103.9,3.413,81.448,1069.350,0.542
11087,01/14/26 11:40:53 AM,1.00,1.34,112.3,3.944,79.548,1069.350,0.734
11088,01/14/26 11:50:53 AM,1.00,1.67,112.3,4.003,79.332,1069.350,0.754
11089,01/14/26 12:00:53 PM,1.00,1.67,115.1,4.338,78.177,1069.350,0.877
11090,01/14/26 12:10:53 PM,1.00,2.00,117.9,4.620,76.677,1069.350,0.882
11091,01/14/26 12:20:53 PM,1.34,2.00,126.4,4.480,75.813,1069.350,0.590
11092,01/14/26 12:30:53 PM,1.34,2.34,112.3,4.845,74.247,1069.350,0.654
11093,01/14/26 12:40:53 PM,1.34,2.34,82.8,5.585,69.749,1069.350,0.503
11094,01/14/26 12:50:53 PM,1.00,2.34,84.2,5.979,68.040,1069.350,0.538
11095,01/14/26 01:00:53 PM,1.00,2.00,50.5,6.207,66.897,1069.350,0.522
11096,01/14/26 01:10:53 PM,1.00,2.00,66.0,7.051,64.976,1069.350,0.923
11097,01/14/26 01:20:53 PM,1.34,2.34,130.6,6.850,66.693,1069.350,1.094
11098,01/14/26 01:30:53 PM,1.34,2.34,129.2,6.759,66.880,1069.350,1.046
11099,01/14/26 01:40:53 PM,1.34,2.34,122.1,7.134,65.489,1069.350,1.111
11100,01/14/26 01:50:53 PM,1.34,2.34,117.9,7.075,65.646,1069.350,1.088
11101,01/14/26 02:00:53 PM,1.00,2.34,110.9,7.681,63.127,1069.350,1.121
11102,01/14/26 02:10:53 PM,1.00,2.00,130.6,7.912,62.031,1069.350,1.097
11103,01/14/26 02:20:53 PM,1.00,2.00,129.2,7.917,64.266,1069.350,1.594
11104,01/14/26 02:30:53 PM,1.00,2.34,119.3,8.322,62.734,1069.350,1.642
11105,01/14/26 02:40:53 PM,1.00,2.34,130.6,8.352,61.675,1069.350,1.433
11106,01/14/26 02:50:53 PM,1.00,2.00,130.6,8.523,61.588,1069.350,1.575
11107,01/14/26 03:00:53 PM,1.00,2.34,108.1,8.941,60.716,1069.350,1.771
11108,01/14/26 03:10:53 PM,1.00,2.00,110.9,9.472,59.200,1069.350,1.918
11109,01/14/26 03:20:53 PM,1.34,2.67,129.2,9.049,59.768,1069.350,1.653
11110,01/14/26 03:30:53 PM,1.34,2.34,122.1,8.963,60.220,1069.350,1.677
11111,01/14/26 03:40:53 PM,1.00,2.00,117.9,9.376,59.274,1069.350,1.845
11112,01/14/26 03:50:53 PM,0.67,1.67,109.5,9.692,58.535,1069.350,1.967
11113,01/14/26 04:00:53 PM,0.67,1.67,103.9,10.078,57.882,1069.350,2.173
11114,01/14/26 04:10:53 PM,1.00,1.67,123.5,9.949,58.804,1069.350,2.273
11115,01/14/26 04:20:53 PM,1.00,1.67,106.7,9.963,58.585,1069.350,2.234
11116,01/14/26 04:30:53 PM,0.67,1.34,88.4,10.215,57.247,1069.350,2.146
11117,01/14/26 04:40:53 PM,0.67,2.00,106.7,10.207,57.209,1069.350,2.130
11118,01/14/26 04:50:53 PM,0.67,1.67,99.7,10.169,57.340,1069.350,2.126
11119,01/14/26 05:00:53 PM,1.00,1.67,113.7,9.553,59.034,1069.350,1.955
11120,01/14/26 05:10:53 PM,0.67,1.67,124.9,9.628,59.046,1069.350,2.029
11121,01/14/26 05:20:53 PM,0.33,1.00,103.9,9.705,59.014,1069.350,2.093
11122,01/14/26 05:30:53 PM,0.67,1.34,127.8,9.306,61.065,1069.350,2.196
11123,01/14/26 05:40:53 PM,1.00,1.34,130.6,8.697,63.296,1069.350,2.122
11124,01/14/26 05:50:53 PM,0.67,1.34,137.6,8.386,64.253,1069.350,2.037
11125,01/14/26 06:00:53 PM,0.33,1.00,137.6,8.116,64.776,1069.350,1.894
11126,01/14/26 06:10:53 PM,0.00,0.33,137.6,7.984,66.238,1069.350,2.080
11127,01/14/26 06:20:53 PM,0.00,0.00,137.6,6.813,69.859,1069.350,1.704
11128,01/14/26 06:30:53 PM,0.00,1.00,137.6,5.502,73.590,1069.350,1.166
11129,01/14/26 06:40:53 PM,1.00,1.34,137.6,3.630,76.535,1069.350,-0.104
11130,01/14/26 06:50:53 PM,1.00,1.34,294.8,2.636,79.556,1069.350,-0.540
11131,01/14/26 07:00:53 PM,1.34,1.67,301.8,1.778,81.956,1069.350,-0.972
11132,01/14/26 07:10:53 PM,1.00,1.34,320.1,1.306,84.427,1069.350,-1.029
11133,01/14/26 07:20:53 PM,0.67,1.34,300.4,0.917,85.881,1069.350,-1.179
11134,01/14/26 07:30:53 PM,1.00,1.34,266.7,0.469,87.341,1069.350,-1.391
11135,01/14/26 07:40:53 PM,1.00,1.67,285.0,-0.496,90.086,1069.350,-1.924
11136,01/14/26 07:50:53 PM,1.34,1.67,290.6,0.134,89.238,1069.350,-1.429
11137,01/14/26 08:00:53 PM,1.34,2.00,294.8,-0.075,88.559,1069.350,-1.740
11138,01/14/26 08:10:53 PM,1.67,2.00,307.5,0.180,89.209,1069.350,-1.388
11139,01/14/26 08:20:53 PM,1.34,2.00,276.6,0.091,89.075,1069.350,-1.497
11140,01/14/26 08:30:53 PM,1.00,1.34,261.1,-0.860,91.556,1069.350,-2.066
11141,01/14/26 08:40:53 PM,1.34,2.00,279.4,-0.217,89.909,1069.350,-1.675
11142,01/14/26 08:50:53 PM,1.00,1.67,296.2,-0.346,89.783,1069.350,-1.821
11143,01/14/26 09:00:53 PM,0.67,1.00,313.1,-0.142,89.097,1069.350,-1.724
11144,01/14/26 09:10:53 PM,0.67,1.00,336.9,-0.206,89.712,1069.350,-1.694
11145,01/14/26 09:20:53 PM,0.33,1.00,327.1,-0.002,88.368,1069.350,-1.697
11146,01/14/26 09:30:53 PM,0.67,1.67,301.8,-0.750,90.391,1069.350,-2.130
11147,01/14/26 09:40:53 PM,1.00,1.34,285.0,-1.209,91.633,1069.350,-2.400
11148,01/14/26 09:50:53 PM,0.67,1.34,287.8,-1.397,93.037,1069.350,-2.382
11149,01/14/26 10:00:53 PM,1.00,1.34,315.9,-1.193,92.033,1069.350,-2.326
11150,01/14/26 10:10:53 PM,0.33,1.67,304.7,-1.174,91.185,1069.350,-2.432
11151,01/14/26 10:20:53 PM,1.00,1.34,273.8,-1.951,93.365,1069.350,-2.885
11152,01/14/26 10:30:53 PM,1.00,1.34,280.8,-1.801,94.130,1069.350,-2.626
11153,01/14/26 10:40:53 PM,0.67,1.34,314.5,-1.976,94.032,1069.350,-2.814
11154,01/14/26 10:50:53 PM,0.67,1.34,314.5,-1.868,94.192,1069.350,-2.684
11155,01/14/26 11:00:53 PM,1.00,1.67,301.8,-1.951,93.689,1069.350,-2.838
11156,01/14/26 11:10:53 PM,0.67,1.00,293.4,-2.456,94.943,1069.350,-3.162
11157,01/14/26 11:20:53 PM,0.67,1.34,289.2,-2.533,95.166,1069.350,-3.208
11158,01/14/26 11:30:53 PM,1.00,1.34,289.2,-2.598,95.332,1069.350,-3.249
11159,01/14/26 11:40:53 PM,1.00,1.34,313.1,-2.756,94.810,1069.350,-3.480
11160,01/14/26 11:50:53 PM,1.00,1.34,320.1,-2.758,95.244,1069.350,-3.421
11161,01/15/26 12:00:53 AM,1.00,1.34,301.8,-2.461,94.710,1069.350,-3.200
11162,01/15/26 12:10:53 AM,0.67,1.34,303.2,-2.630,94.505,1069.350,-3.397
11163,01/15/26 12:20:53 AM,0.67,1.00,303.2,-2.641,94.653,1069.350,-3.387
11164,01/15/26 12:30:53 AM,0.67,1.34,303.2,-2.595,94.405,1069.350,-3.377
11165,01/15/26 12:40:53 AM,1.00,1.67,297.6,-2.874,94.258,1069.350,-3.675
11166,01/15/26 12:50:53 AM,1.00,1.34,293.4,-2.863,94.383,1069.350,-3.647
11167,01/15/26 01:00:53 AM,0.00,0.67,296.2,-2.909,95.821,1069.350,-3.490
11168,01/15/26 01:10:53 AM,0.33,1.00,296.2,-2.713,95.578,1069.350,-3.329
11169,01/15/26 01:20:53 AM,0.00,0.00,296.2,-2.941,94.151,1069.350,-3.757
11170,01/15/26 01:30:53 AM,0.67,1.34,294.8,-3.595,94.884,1069.350,-4.305
11171,01/15/26 01:40:53 AM,1.67,2.00,283.6,-4.035,95.828,1069.350,-4.612
11172,01/15/26 01:50:53 AM,1.67,2.34,289.2,-3.638,94.789,1069.350,-4.361
11173,01/15/26 02:00:53 AM,1.67,2.34,290.6,-3.608,94.311,1069.350,-4.398
11174,01/15/26 02:10:53 AM,1.34,2.34,283.6,-3.627,94.391,1069.350,-4.406
11175,01/15/26 02:20:53 AM,1.67,2.34,282.2,-3.691,93.672,1069.350,-4.571
11176,01/15/26 02:30:53 AM,1.34,2.00,300.4,-3.466,93.234,1069.350,-4.409
11177,01/15/26 02:40:53 AM,0.67,1.34,314.5,-3.289,92.404,1069.350,-4.352
11178,01/15/26 02:50:53 AM,1.00,2.00,315.9,-3.136,92.218,1069.350,-4.227
11179,01/15/26 03:00:53 AM,1.00,2.67,332.7,-3.399,92.668,1069.350,-4.423
11180,01/15/26 03:10:53 AM,0.67,1.34,268.1,-3.847,93.497,1069.350,-4.750
11181,01/15/26 03:20:53 AM,0.33,1.34,261.1,-3.943,93.982,1069.350,-4.777
11182,01/15/26 03:30:53 AM,0.00,0.67,287.8,-3.724,95.322,1069.350,-4.372
11183,01/15/26 03:40:53 AM,0.00,0.00,287.8,-3.442,93.071,1069.350,-4.408
11184,01/15/26 03:50:53 AM,0.00,0.00,287.8,-3.823,92.963,1069.350,-4.802
11185,01/15/26 04:00:53 AM,0.00,1.00,300.4,-3.300,91.456,1069.350,-4.499
11186,01/15/26 04:10:53 AM,0.33,1.00,28.1,-3.474,89.061,1069.350,-5.022
11187,01/15/26 04:20:53 AM,0.00,0.00,51.9,-5.096,93.460,1069.350,-5.997
11188,01/15/26 04:30:53 AM,0.00,0.00,51.9,-5.010,96.973,1069.350,-5.428
11189,01/15/26 04:40:53 AM,0.00,0.00,88.4,-4.110,96.175,1069.350,-4.639
11190,01/15/26 04:50:53 AM,0.67,1.67,240.1,-5.450,94.408,1069.350,-6.217
11191,01/15/26 05:00:53 AM,0.33,1.34,314.5,-4.965,97.630,1069.350,-5.294
11192,01/15/26 05:10:53 AM,0.33,1.67,313.1,-4.045,94.551,1069.350,-4.799
11193,01/15/26 05:20:53 AM,1.67,3.34,263.9,-3.772,90.924,1069.350,-5.044
11194,01/15/26 05:30:53 AM,1.00,3.67,283.6,-2.281,83.337,1069.350,-4.725
11195,01/15/26 05:40:53 AM,1.00,3.01,238.7,-2.716,87.060,1069.350,-4.574
11196,01/15/26 05:50:53 AM,0.33,1.34,262.5,-2.954,88.740,1069.350,-4.556
11197,01/15/26 06:00:53 AM,0.67,2.00,249.9,-2.796,88.560,1069.350,-4.427
11198,01/15/26 06:10:53 AM,1.34,3.01,290.6,-0.549,79.190,1069.350,-3.709
11199,01/15/26 06:20:53 AM,2.67,4.68,294.8,-0.035,76.020,1069.350,-3.753
11200,01/15/26 06:30:53 AM,3.01,5.01,259.7,0.955,71.904,1069.350,-3.539
11201,01/15/26 06:40:53 AM,1.67,3.67,248.5,0.488,72.784,1069.350,-3.827
11202,01/15/26 06:50:53 AM,1.34,3.01,241.5,-0.533,76.815,1069.350,-4.099
11203,01/15/26 07:00:53 AM,1.00,2.67,189.5,-0.860,77.018,1069.350,-4.381
11204,01/15/26 07:10:53 AM,1.34,2.67,61.8,-2.777,84.288,1069.350,-5.062
11205,01/15/26 07:20:53 AM,1.00,2.34,94.1,-3.616,88.098,1069.350,-5.306
11206,01/15/26 07:30:53 AM,0.00,1.34,314.5,-4.238,91.011,1069.350,-5.494
11207,01/15/26 07:40:53 AM,0.00,1.34,320.1,-4.061,91.444,1069.350,-5.256
11208,01/15/26 07:50:53 AM,0.67,2.00,285.0,-4.297,90.658,1069.350,-5.603
11209,01/15/26 08:00:53 AM,0.67,2.00,195.1,-4.155,89.834,1069.350,-5.582
11210,01/15/26 08:10:53 AM,1.00,2.67,147.4,-4.659,89.726,1069.350,-6.097
11211,01/15/26 08:20:53 AM,0.67,1.67,88.4,-5.600,93.800,1069.350,-6.451
11212,01/15/26 08:30:53 AM,0.67,2.34,16.8,-5.010,93.165,1069.350,-5.953
11213,01/15/26 08:40:53 AM,1.34,3.01,63.2,-4.472,90.515,1069.350,-5.797
11214,01/15/26 08:50:53 AM,2.00,3.01,66.0,-2.764,84.247,1069.350,-5.056
11215,01/15/26 09:00:53 AM,1.34,3.01,16.8,-4.372,91.135,1069.350,-5.609
11216,01/15/26 09:10:53 AM,0.67,1.67,144.6,-5.933,93.201,1069.350,-6.865
11217,01/15/26 09:20:53 AM,1.34,2.00,190.9,-6.858,95.372,1069.350,-7.487
11218,01/15/26 09:30:53 AM,0.67,1.34,220.4,-6.490,94.382,1069.350,-7.256
11219,01/15/26 09:40:53 AM,1.34,1.67,278.0,-6.201,93.413,1069.350,-7.102
11220,01/15/26 09:50:53 AM,0.67,1.34,276.6,-5.179,92.277,1069.350,-6.246
11221,01/15/26 10:00:53 AM,1.34,2.00,283.6,-4.536,91.241,1069.350,-5.756
11222,01/15/26 10:10:53 AM,1.00,1.67,263.9,-3.667,90.932,1069.350,-4.939
11223,01/15/26 10:20:53 AM,1.00,1.34,261.1,-2.675,89.389,1069.350,-4.184
11224,01/15/26 10:30:53 AM,0.67,1.34,265.3,-1.622,87.729,1069.350,-3.394
11225,01/15/26 10:40:53 AM,1.00,2.00,245.7,-1.013,87.575,1069.350,-2.816
11226,01/15/26 10:50:53 AM,0.67,1.67,254.1,-0.195,86.636,1069.350,-2.155
11227,01/15/26 11:00:53 AM,1.34,1.67,268.1,0.094,86.227,1069.350,-1.935
11228,01/15/26 11:10:53 AM,1.34,2.00,262.5,0.947,85.048,1069.350,-1.282
11229,01/15/26 11:20:53 AM,1.00,2.00,263.9,1.671,84.063,1069.350,-0.730
11230,01/15/26 11:30:53 AM,1.67,3.34,233.1,2.553,79.145,1069.350,-0.692
11231,01/15/26 11:40:53 AM,1.67,3.01,221.8,2.960,77.505,1069.350,-0.583
11232,01/15/26 11:50:53 AM,1.67,2.67,234.5,3.740,73.944,1069.350,-0.471
11233,01/15/26 12:00:53 PM,1.34,2.67,205.0,4.780,70.703,1069.350,-0.083
11234,01/15/26 12:10:53 PM,2.00,4.01,248.5,6.252,65.092,1069.350,0.187
11235,01/15/26 12:20:53 PM,1.67,3.67,276.6,7.582,56.561,1069.350,-0.488
11236,01/15/26 12:30:53 PM,1.67,2.67,249.9,8.180,52.644,1069.350,-0.912
11237,01/15/26 12:40:53 PM,1.34,2.67,223.2,8.802,51.771,1069.350,-0.564
11238,01/15/26 12:50:53 PM,2.00,4.34,150.2,7.823,63.110,1069.350,1.252
11239,01/15/26 01:00:53 PM,2.34,4.34,91.3,5.778,74.159,1069.350,1.540
11240,01/15/26 01:10:53 PM,2.00,3.34,96.9,5.974,74.156,1069.350,1.729
11241,01/15/26 01:20:53 PM,2.34,3.34,102.5,5.553,75.302,1069.350,1.536
11242,01/15/26 01:30:53 PM,2.00,3.01,115.1,5.906,73.028,1069.350,1.450
11243,01/15/26 01:40:53 PM,2.00,3.34,124.9,5.976,73.338,1069.350,1.576
11244,01/15/26 01:50:53 PM,1.34,2.67,109.5,6.314,72.338,1069.350,1.711
11245,01/15/26 02:00:53 PM,0.67,1.67,117.9,7.274,68.882,1069.350,1.949
11246,01/15/26 02:10:53 PM,0.67,2.00,123.5,7.215,68.296,1069.350,1.773
11247,01/15/26 02:20:53 PM,0.67,1.34,146.0,7.898,65.782,1069.350,1.902
11248,01/15/26 02:30:53 PM,0.33,1.67,158.6,8.598,63.886,1069.350,2.158
11249,01/15/26 02:40:53 PM,0.33,1.00,206.4,9.831,60.797,1069.350,2.630
11250,01/15/26 02:50:53 PM,0.67,2.00,169.9,10.512,58.573,1069.350,2.747
11251,01/15/26 03:00:53 PM,1.67,4.34,165.7,9.853,59.857,1069.350,2.432
11252,01/15/26 03:10:53 PM,3.34,4.68,251.3,10.113,53.802,1069.350,1.185
11253,01/15/26 03:20:53 PM,3.01,4.34,258.3,10.593,51.534,1069.350,1.032
11254,01/15/26 03:30:53 PM,3.34,5.68,279.4,10.150,52.576,1069.350,0.899
11255,01/15/26 03:40:53 PM,4.34,7.01,279.4,9.392,53.056,1069.350,0.321
11256,01/15/26 03:50:53 PM,4.01,6.35,283.6,9.188,53.321,1069.350,0.200
11257,01/15/26 04:00:53 PM,3.67,5.34,273.8,9.220,54.131,1069.350,0.438
11258,01/15/26 04:10:53 PM,4.34,6.68,276.6,9.129,53.039,1069.350,0.072
11259,01/15/26 04:20:53 PM,5.34,7.68,273.8,8.898,52.541,1069.350,-0.272
11260,01/15/26 04:30:53 PM,5.34,7.01,279.4,8.888,52.815,1069.350,-0.210
11261,01/15/26 04:40:53 PM,5.01,7.35,290.6,8.826,53.703,1069.350,-0.038
11262,01/15/26 04:50:53 PM,4.34,6.01,282.2,8.598,55.801,1069.350,0.277
11263,01/15/26 05:00:53 PM,4.34,6.01,278.0,8.432,57.414,1069.350,0.515
11264,01/15/26 05:10:53 PM,3.67,5.68,279.4,8.287,58.138,1069.350,0.552
11265,01/15/26 05:20:53 PM,4.01,6.35,283.6,7.888,58.927,1069.350,0.363
11266,01/15/26 05:30:53 PM,4.01,6.01,287.8,7.421,60.595,1069.350,0.308
11267,01/15/26 05:40:53 PM,4.34,5.68,293.4,7.073,60.494,1069.350,-0.043
11268,01/15/26 05:50:53 PM,4.68,6.35,299.0,6.520,61.503,1069.350,-0.339
11269,01/15/26 06:00:53 PM,4.68,6.68,301.8,6.046,62.405,1069.350,-0.588
11270,01/15/26 06:10:53 PM,4.34,6.01,300.4,5.488,64.013,1069.350,-0.769
11271,01/15/26 06:20:53 PM,4.68,6.35,304.7,4.845,65.968,1069.350,-0.971
11272,01/15/26 06:30:53 PM,5.01,6.68,311.7,4.384,68.540,1069.350,-0.889
11273,01/15/26 06:40:53 PM,5.01,7.01,317.3,4.006,70.027,1069.350,-0.959
11274,01/15/26 06:50:53 PM,5.01,6.68,317.3,3.759,70.681,1069.350,-1.070
11275,01/15/26 07:00:53 PM,4.68,6.01,314.5,3.805,69.926,1069.350,-1.172
11276,01/15/26 07:10:53 PM,5.01,6.35,314.5,3.780,69.497,1069.350,-1.280
11277,01/15/26 07:20:53 PM,4.68,6.35,314.5,3.754,68.922,1069.350,-1.418
11278,01/15/26 07:30:53 PM,4.68,6.01,317.3,3.354,70.114,1069.350,-1.569
11279,01/15/26 07:40:53 PM,4.34,6.01,313.1,3.204,70.413,1069.350,-1.655
11280,01/15/26 07:50:53 PM,3.67,5.01,313.1,3.016,70.478,1069.350,-1.823
11281,01/15/26 08:00:53 PM,4.01,5.34,307.5,3.357,68.656,1069.350,-1.851
11282,01/15/26 08:10:53 PM,3.67,6.35,304.7,3.343,68.183,1069.350,-1.958
11283,01/15/26 08:20:53 PM,3.01,5.34,299.0,3.234,68.019,1069.350,-2.095
11284,01/15/26 08:30:53 PM,3.01,4.01,297.6,3.231,67.465,1069.350,-2.208
11285,01/15/26 08:40:53 PM,2.67,3.67,304.7,3.075,68.231,1069.350,-2.205
11286,01/15/26 08:50:53 PM,3.34,5.34,314.5,2.780,69.740,1069.350,-2.193
11287,01/15/26 09:00:53 PM,4.34,6.01,321.5,2.931,69.456,1069.350,-2.103
11288,01/15/26 09:10:53 PM,4.34,5.68,318.7,2.915,68.808,1069.350,-2.245
11289,01/15/26 09:20:53 PM,4.01,5.68,324.3,2.775,69.128,1069.350,-2.316
11290,01/15/26 09:30:53 PM,4.01,6.35,318.7,2.700,69.191,1069.350,-2.376
11291,01/15/26 09:40:53 PM,4.01,5.68,321.5,2.791,68.356,1069.350,-2.453
11292,01/15/26 09:50:53 PM,4.01,6.01,320.1,2.952,67.170,1069.350,-2.534
11293,01/15/26 10:00:53 PM,4.01,5.68,321.5,3.172,65.896,1069.350,-2.582
11294,01/15/26 10:10:53 PM,4.01,5.01,321.5,3.140,65.136,1069.350,-2.769
11295,01/15/26 10:20:53 PM,4.01,5.34,324.3,3.185,64.614,1069.350,-2.834
11296,01/15/26 10:30:53 PM,4.01,5.34,307.5,3.011,65.171,1069.350,-2.884
11297,01/15/26 10:40:53 PM,4.34,6.68,301.8,2.984,65.023,1069.350,-2.941
11298,01/15/26 10:50:53 PM,4.01,5.34,300.4,3.097,63.995,1069.350,-3.047
11299,01/15/26 11:00:53 PM,3.67,5.34,303.2,3.161,62.702,1069.350,-3.260
11300,01/15/26 11:10:53 PM,3.67,5.01,301.8,3.089,62.025,1069.350,-3.473
11301,01/15/26 11:20:53 PM,4.01,5.34,303.2,2.767,63.888,1069.350,-3.383
11302,01/15/26 11:30:53 PM,3.01,4.01,301.8,2.617,63.679,1069.350,-3.570
11303,01/15/26 11:40:53 PM,2.34,3.34,289.2,2.866,61.056,1069.350,-3.894
11304,01/15/26 11:50:53 PM,3.34,4.68,273.8,4.260,54.611,1069.350,-4.069
11305,01/16/26 12:00:53 AM,1.67,4.01,308.9,4.038,54.868,1069.350,-4.213
11306,01/16/26 12:10:53 AM,1.34,2.67,102.5,1.065,68.299,1069.350,-4.118
11307,01/16/26 12:20:53 AM,2.00,3.67,102.5,0.646,69.805,1069.350,-4.231
11308,01/16/26 12:30:53 AM,0.67,2.34,286.4,2.646,59.791,1069.350,-4.380
11309,01/16/26 12:40:53 AM,0.67,2.00,299.0,2.260,61.199,1069.350,-4.437
11310,01/16/26 12:50:53 AM,2.00,2.67,285.0,1.046,66.494,1069.350,-4.492
11311,01/16/26 01:00:53 AM,2.00,2.67,290.6,0.829,66.719,1069.350,-4.654
11312,01/16/26 01:10:53 AM,2.00,2.67,278.0,0.818,66.192,1069.350,-4.770
11313,01/16/26 01:20:53 AM,2.34,3.67,282.2,0.539,66.659,1069.350,-4.944
11314,01/16/26 01:30:53 AM,2.67,3.34,279.4,0.909,65.576,1069.350,-4.806
11315,01/16/26 01:40:53 AM,3.01,4.68,285.0,0.831,65.434,1069.350,-4.910
11316,01/16/26 01:50:53 AM,3.01,4.01,278.0,1.081,63.540,1069.350,-5.059
11317,01/16/26 02:00:53 AM,3.34,5.68,286.4,1.724,60.063,1069.350,-5.191
11318,01/16/26 02:10:53 AM,4.01,6.01,299.0,2.622,56.431,1069.350,-5.167
11319,01/16/26 02:20:53 AM,4.01,5.34,306.1,2.282,57.534,1069.350,-5.232
11320,01/16/26 02:30:53 AM,3.01,4.68,293.4,1.692,59.979,1069.350,-5.240
11321,01/16/26 02:40:53 AM,2.00,3.34,252.7,1.134,61.238,1069.350,-5.494
11322,01/16/26 02:50:53 AM,2.67,4.34,244.3,1.823,58.892,1069.350,-5.357
11323,01/16/26 03:00:53 AM,3.01,4.68,249.9,2.183,57.307,1069.350,-5.377
11324,01/16/26 03:10:53 AM,3.67,5.68,279.4,2.242,56.979,1069.350,-5.397
11325,01/16/26 03:20:53 AM,3.34,4.68,283.6,1.271,61.080,1069.350,-5.399
11326,01/16/26 03:30:53 AM,3.67,5.01,294.8,1.185,61.100,1069.350,-5.476
11327,01/16/26 03:40:53 AM,3.67,5.01,294.8,0.665,62.754,1069.350,-5.618
11328,01/16/26 03:50:53 AM,3.01,4.68,287.8,1.199,60.664,1069.350,-5.556
11329,01/16/26 04:00:53 AM,3.34,5.34,294.8,1.534,58.965,1069.350,-5.613
11330,01/16/26 04:10:53 AM,3.67,6.01,289.2,1.467,59.005,1069.350,-5.667
11331,01/16/26 04:20:53 AM,4.01,6.35,301.8,1.797,57.362,1069.350,-5.727
11332,01/16/26 04:30:53 AM,4.68,6.35,304.7,1.520,58.152,1069.350,-5.808
11333,01/16/26 04:40:53 AM,4.01,6.01,301.8,1.416,58.585,1069.350,-5.809
11334,01/16/26 04:50:53 AM,3.67,5.68,297.6,1.161,59.382,1069.350,-5.872
11335,01/16/26 05:00:53 AM,4.34,6.35,296.2,0.775,60.456,1069.350,-6.002
11336,01/16/26 05:10:53 AM,4.34,6.35,283.6,0.585,60.529,1069.350,-6.166
11337,01/16/26 05:20:53 AM,3.34,5.01,266.7,0.416,61.117,1069.350,-6.200
11338,01/16/26 05:30:53 AM,3.01,5.01,268.1,0.185,61.378,1069.350,-6.363
11339,01/16/26 05:40:53 AM,2.00,4.34,271.0,0.003,62.033,1069.350,-6.397
11340,01/16/26 05:50:53 AM,1.67,3.34,273.8,-0.214,62.396,1069.350,-6.527
11341,01/16/26 06:00:53 AM,3.67,6.01,315.9,0.973,57.430,1069.350,-6.486
11342,01/16/26 06:10:53 AM,3.01,5.01,310.3,1.252,55.421,1069.350,-6.687
11343,01/16/26 06:20:53 AM,1.00,2.34,276.6,0.539,57.024,1069.350,-6.986
11344,01/16/26 06:30:53 AM,1.00,3.34,276.6,0.813,55.488,1069.350,-7.083
11345,01/16/26 06:40:53 AM,2.34,4.68,315.9,1.132,54.203,1069.350,-7.088
11346,01/16/26 06:50:53 AM,1.67,3.67,311.7,0.609,56.046,1069.350,-7.144
11347,01/16/26 07:00:53 AM,2.34,5.01,81.4,-0.539,60.024,1069.350,-7.338
11348,01/16/26 07:10:53 AM,2.34,4.34,78.6,-4.978,80.310,1069.350,-7.848
11349,01/16/26 07:20:53 AM,1.67,3.01,61.8,-6.517,88.843,1069.350,-8.062
11350,01/16/26 07:30:53 AM,1.00,2.34,77.2,-6.981,91.553,1069.350,-8.136
11351,01/16/26 07:40:53 AM,1.00,1.67,120.7,-7.402,94.316,1069.350,-8.172
11352,01/16/26 07:50:53 AM,0.67,1.67,151.6,-7.627,96.486,1069.350,-8.105
11353,01/16/26 08:00:53 AM,0.00,0.00,155.8,-7.804,97.458,1069.350,-8.152
11354,01/16/26 08:10:53 AM,0.00,0.00,155.8,-7.606,97.894,1069.350,-7.897
11355,01/16/26 08:20:53 AM,0.00,0.00,155.8,-7.445,97.331,1069.350,-7.811
11356,01/16/26 08:30:53 AM,0.00,0.00,160.0,-7.364,97.075,1069.350,-7.764
11357,01/16/26 08:40:53 AM,0.33,1.00,193.7,-7.421,97.191,1069.350,-7.805
11358,01/16/26 08:50:53 AM,1.00,1.67,273.8,-7.592,97.180,1069.350,-7.977
11359,01/16/26 09:00:53 AM,1.00,1.67,306.1,-7.820,97.136,1069.350,-8.211
11360,01/16/26 09:10:53 AM,0.67,1.34,310.3,-7.796,97.282,1069.350,-8.168
11361,01/16/26 09:20:53 AM,0.33,1.00,310.3,-7.826,96.846,1069.350,-8.255
11362,01/16/26 09:30:53 AM,0.67,1.34,310.3,-7.075,96.309,1069.350,-7.578
11363,01/16/26 09:40:53 AM,1.00,1.34,310.3,-6.651,95.993,1069.350,-7.197
11364,01/16/26 09:50:53 AM,1.00,1.34,310.3,-5.742,95.538,1069.350,-6.353
11365,01/16/26 10:00:53 AM,1.00,1.67,328.5,-4.764,92.023,1069.350,-5.870
11366,01/16/26 10:10:53 AM,1.00,1.67,144.6,-3.777,87.385,1069.350,-5.572
11367,01/16/26 10:20:53 AM,1.00,1.67,14.0,-2.718,82.545,1069.350,-5.279
11368,01/16/26 10:30:53 AM,0.67,1.34,66.0,-1.598,77.992,1069.350,-4.933
11369,01/16/26 10:40:53 AM,1.34,2.67,61.8,-1.244,75.816,1069.350,-4.962
11370,01/16/26 10:50:53 AM,1.00,2.00,96.9,-0.742,74.437,1069.350,-4.718
11371,01/16/26 11:00:53 AM,1.34,2.34,126.4,-0.753,74.676,1069.350,-4.687
11372,01/16/26 11:10:53 AM,1.34,2.34,122.1,-0.555,74.635,1069.350,-4.502
11373,01/16/26 11:20:53 AM,1.34,2.00,129.2,-0.426,74.900,1069.350,-4.330
11374,01/16/26 11:30:53 AM,1.34,2.34,134.8,-0.198,74.488,1069.350,-4.182
11375,01/16/26 11:40:53 AM,1.67,3.01,108.1,0.322,73.350,1069.350,-3.884
11376,01/16/26 11:50:53 AM,1.67,3.34,108.1,0.534,72.895,1069.350,-3.762
11377,01/16/26 12:00:53 PM,2.34,3.67,88.4,1.148,70.231,1069.350,-3.667
11378,01/16/26 12:10:53 PM,2.34,4.34,103.9,1.158,71.585,1069.350,-3.402
11379,01/16/26 12:20:53 PM,2.67,4.34,98.3,1.520,70.687,1069.350,-3.223
11380,01/16/26 12:30:53 PM,3.34,5.34,98.3,1.885,69.129,1069.350,-3.170
11381,01/16/26 12:40:53 PM,4.01,6.01,82.8,2.129,68.144,1069.350,-3.129
11382,01/16/26 12:50:53 PM,3.67,5.34,92.7,2.333,67.539,1069.350,-3.053
11383,01/16/26 01:00:53 PM,3.34,5.68,96.9,2.410,68.461,1069.350,-2.797
11384,01/16/26 01:10:53 PM,3.34,5.01,103.9,2.574,67.274,1069.350,-2.875
11385,01/16/26 01:20:53 PM,3.01,5.34,95.5,2.668,67.091,1069.350,-2.822
11386,01/16/26 01:30:53 PM,3.01,4.68,101.1,2.797,67.343,1069.350,-2.648
11387,01/16/26 01:40:53 PM,2.67,5.01,96.9,3.410,65.805,1069.350,-2.374
11388,01/16/26 01:50:53 PM,3.01,5.34,66.0,3.730,63.297,1069.350,-2.593
11389,01/16/26 02:00:53 PM,3.34,5.34,68.8,3.692,62.489,1069.350,-2.802
11390,01/16/26 02:10:53 PM,3.67,5.68,74.4,3.847,61.944,1069.350,-2.772
11391,01/16/26 02:20:53 PM,3.01,5.68,75.8,4.008,63.214,1069.350,-2.346
11392,01/16/26 02:30:53 PM,3.34,5.01,75.8,3.829,64.109,1069.350,-2.327
11393,01/16/26 02:40:53 PM,2.67,4.68,80.0,4.207,63.099,1069.350,-2.182
11394,01/16/26 02:50:53 PM,2.67,4.34,73.0,4.153,63.267,1069.350,-2.197
11395,01/16/26 03:00:53 PM,2.34,4.68,74.4,4.191,63.752,1069.350,-2.058
11396,01/16/26 03:10:53 PM,3.01,4.68,87.0,4.212,63.552,1069.350,-2.080
11397,01/16/26 03:20:53 PM,2.34,4.34,95.5,4.352,62.905,1069.350,-2.086
11398,01/16/26 03:30:53 PM,2.34,3.67,85.6,4.585,62.603,1069.350,-1.930
11399,01/16/26 03:40:53 PM,2.00,3.67,95.5,4.250,63.848,1069.350,-1.982
11400,01/16/26 03:50:53 PM,2.34,4.01,84.2,4.620,62.647,1069.350,-1.887
11401,01/16/26 04:00:53 PM,2.34,4.01,94.1,4.405,62.982,1069.350,-2.019
11402,01/16/26 04:10:53 PM,2.34,3.34,89.9,4.333,63.267,1069.350,-2.026
11403,01/16/26 04:20:53 PM,2.00,3.01,98.3,4.212,64.610,1069.350,-1.857
11404,01/16/26 04:30:53 PM,1.67,3.34,94.1,4.349,63.830,1069.350,-1.891
11405,01/16/26 04:40:53 PM,1.34,3.01,88.4,4.523,63.569,1069.350,-1.781
11406,01/16/26 04:50:53 PM,1.67,3.01,95.5,4.041,65.464,1069.350,-1.842
11407,01/16/26 05:00:53 PM,1.34,2.67,98.3,3.936,65.570,1069.350,-1.920
11408,01/16/26 05:10:53 PM,1.34,2.34,106.7,3.853,66.305,1069.350,-1.848
11409,01/16/26 05:20:53 PM,1.34,2.34,89.9,3.354,67.373,1069.350,-2.109
11410,01/16/26 05:30:53 PM,1.34,2.34,73.0,2.797,69.377,1069.350,-2.247
11411,01/16/26 05:40:53 PM,1.00,1.67,88.4,2.402,70.900,1069.350,-2.333
11412,01/16/26 05:50:53 PM,1.00,1.67,84.2,2.057,72.506,1069.350,-2.364
11413,01/16/26 06:00:53 PM,1.00,1.34,81.4,1.708,73.906,1069.350,-2.443
11414,01/16/26 06:10:53 PM,0.33,1.34,81.4,1.166,76.220,1069.350,-2.553
11415,01/16/26 06:20:53 PM,0.00,0.00,81.4,0.574,78.259,1069.350,-2.773
11416,01/16/26 06:30:53 PM,0.00,0.00,81.4,0.062,79.060,1069.350,-3.135
11417,01/16/26 06:40:53 PM,0.33,1.00,81.4,-0.549,79.651,1069.350,-3.631
11418,01/16/26 06:50:53 PM,0.33,1.00,53.3,-1.268,82.315,1069.350,-3.896
11419,01/16/26 07:00:53 PM,0.00,0.00,53.3,-1.102,82.475,1069.350,-3.707
11420,01/16/26 07:10:53 PM,0.33,1.00,35.1,-1.171,82.152,1069.350,-3.827
11421,01/16/26 07:20:53 PM,1.00,1.67,310.3,-2.236,85.066,1069.350,-4.409
11422,01/16/26 07:30:53 PM,1.00,1.67,287.8,-2.919,87.907,1069.350,-4.647
11423,01/16/26 07:40:53 PM,1.00,1.67,297.6,-2.989,88.457,1069.350,-4.633
11424,01/16/26 07:50:53 PM,1.00,1.67,306.1,-2.927,88.736,1069.350,-4.530
11425,01/16/26 08:00:53 PM,0.67,1.34,313.1,-2.753,88.943,1069.350,-4.327
11426,01/16/26 08:10:53 PM,1.00,1.67,331.3,-2.544,88.557,1069.350,-4.179
11427,01/16/26 08:20:53 PM,1.34,2.00,329.9,-2.871,88.949,1069.350,-4.443
11428,01/16/26 08:30:53 PM,1.34,1.67,289.2,-3.177,88.495,1069.350,-4.813
11429,01/16/26 08:40:53 PM,1.34,2.00,280.8,-3.120,86.378,1069.350,-5.076
11430,01/16/26 08:50:53 PM,1.67,2.34,263.9,-3.233,86.439,1069.350,-5.178
11431,01/16/26 09:00:53 PM,3.01,4.68,306.1,-2.228,81.036,1069.350,-5.043
11432,01/16/26 09:10:53 PM,2.00,4.34,304.7,-1.898,77.993,1069.350,-5.225
11433,01/16/26 09:20:53 PM,1.00,2.34,64.6,-3.627,84.048,1069.350,-5.934
11434,01/16/26 09:30:53 PM,1.34,4.01,136.2,-3.241,80.769,1069.350,-6.076
11435,01/16/26 09:40:53 PM,3.01,5.68,301.8,-0.960,69.609,1069.350,-5.811
11436,01/16/26 09:50:53 PM,4.01,6.35,304.7,-1.246,71.342,1069.350,-5.764
11437,01/16/26 10:00:53 PM,3.01,4.68,279.4,-1.622,73.062,1069.350,-5.815
11438,01/16/26 10:10:53 PM,1.34,2.00,207.8,-3.091,78.727,1069.350,-6.264
11439,01/16/26 10:20:53 PM,3.01,5.01,283.6,-1.517,72.488,1069.350,-5.817
11440,01/16/26 10:30:53 PM,2.67,4.68,276.6,-1.525,71.937,1069.350,-5.924
11441,01/16/26 10:40:53 PM,3.34,6.01,245.7,-1.930,73.686,1069.350,-6.001
11442,01/16/26 10:50:53 PM,5.34,7.35,207.8,-1.734,73.494,1069.350,-5.846
11443,01/16/26 11:00:53 PM,4.68,7.01,189.5,-1.906,74.887,1069.350,-5.767
11444,01/16/26 11:10:53 PM,4.34,5.68,189.5,-1.836,74.768,1069.350,-5.720
11445,01/16/26 11:20:53 PM,4.68,7.35,209.2,-1.501,73.251,1069.350,-5.664
11446,01/16/26 11:30:53 PM,4.01,7.01,214.8,-1.525,72.947,1069.350,-5.742
11447,01/16/26 11:40:53 PM,1.67,4.68,224.6,-1.480,72.630,1069.350,-5.755
11448,01/16/26 11:50:53 PM,1.34,3.01,301.8,-1.346,71.452,1069.350,-5.840
11449,01/17/26 12:00:53 AM,0.67,1.67,256.9,-2.338,75.314,1069.350,-6.111
11450,01/17/26 12:10:53 AM,1.34,2.67,258.3,-2.616,76.745,1069.350,-6.135
11451,01/17/26 12:20:53 AM,2.34,3.01,285.0,-3.453,80.255,1069.350,-6.367
11452,01/17/26 12:30:53 AM,2.00,3.34,286.4,-3.638,83.078,1069.350,-6.097
11453,01/17/26 12:40:53 AM,2.67,3.67,300.4,-3.855,84.367,1069.350,-6.109
11454,01/17/26 12:50:53 AM,2.00,3.34,262.5,-4.078,84.038,1069.350,-6.379
11455,01/17/26 01:00:53 AM,1.67,3.67,279.4,-4.335,85.039,1069.350,-6.477
11456,01/17/26 01:10:53 AM,1.34,2.00,314.5,-4.415,86.140,1069.350,-6.388
11457,01/17/26 01:20:53 AM,1.00,2.00,255.5,-4.407,85.913,1069.350,-6.415
11458,01/17/26 01:30:53 AM,1.34,3.01,89.9,-3.799,83.839,1069.350,-6.136
11459,01/17/26 01:40:53 AM,0.33,1.34,150.2,-4.150,84.556,1069.350,-6.369
11460,01/17/26 01:50:53 AM,0.00,0.67,154.4,-4.815,87.088,1069.350,-6.640
11461,01/17/26 02:00:53 AM,0.33,1.34,148.8,-5.209,88.402,1069.350,-6.834
11462,01/17/26 02:10:53 AM,0.33,1.00,144.6,-5.498,89.702,1069.350,-6.930
11463,01/17/26 02:20:53 AM,0.00,0.67,144.6,-5.649,90.733,1069.350,-6.932
11464,01/17/26 02:30:53 AM,1.00,2.00,147.4,-6.088,91.025,1069.350,-7.325
11465,01/17/26 02:40:53 AM,1.34,2.00,315.9,-5.954,90.877,1069.350,-7.213
11466,01/17/26 02:50:53 AM,0.67,1.34,234.5,-6.297,91.917,1069.350,-7.406
11467,01/17/26 03:00:53 AM,0.33,1.67,137.6,-6.161,92.673,1069.350,-7.165
11468,01/17/26 03:10:53 AM,0.33,1.34,126.4,-6.126,92.181,1069.350,-7.199
11469,01/17/26 03:20:53 AM,0.67,1.34,126.4,-6.254,92.399,1069.350,-7.296
11470,01/17/26 03:30:53 AM,0.00,1.00,126.4,-6.750,93.906,1069.350,-7.580
11471,01/17/26 03:40:53 AM,1.00,1.34,89.9,-6.842,94.990,1069.350,-7.523
11472,01/17/26 03:50:53 AM,1.00,1.67,336.9,-6.595,95.373,1069.350,-7.225
11473,01/17/26 04:00:53 AM,1.34,1.67,296.2,-6.791,94.849,1069.350,-7.492
11474,01/17/26 04:10:53 AM,1.34,1.67,283.6,-7.233,95.064,1069.350,-7.903
11475,01/17/26 04:20:53 AM,0.67,1.67,287.8,-6.791,96.225,1069.350,-7.306
11476,01/17/26 04:30:53 AM,0.67,1.00,287.8,-6.606,95.248,1069.350,-7.253
11477,01/17/26 04:40:53 AM,1.00,1.34,287.8,-6.801,95.653,1069.350,-7.393
11478,01/17/26 04:50:53 AM,1.00,1.67,297.6,-7.265,95.535,1069.350,-7.871
11479,01/17/26 05:00:53 AM,0.67,1.00,300.4,-6.992,96.390,1069.350,-7.484
11480,01/17/26 05:10:53 AM,0.00,0.67,300.4,-6.925,94.147,1069.350,-7.721
11481,01/17/26 05:20:53 AM,0.67,1.34,332.7,-7.890,96.139,1069.350,-8.413
11482,01/17/26 05:30:53 AM,0.33,1.00,60.4,-8.453,96.704,1069.350,-8.900
11483,01/17/26 05:40:53 AM,0.00,0.00,60.4,-8.485,98.347,1069.350,-8.717
11484,01/17/26 05:50:53 AM,0.00,0.00,60.4,-7.895,99.203,1069.350,-8.016
11485,01/17/26 06:00:53 AM,0.67,1.34,36.5,-7.745,97.969,1069.350,-8.026
11486,01/17/26 06:10:53 AM,0.00,0.00,33.7,-7.753,98.343,1069.350,-7.985
11487,01/17/26 06:20:53 AM,0.00,0.00,33.7,-7.525,98.025,1069.350,-7.799
11488,01/17/26 06:30:53 AM,0.67,1.34,292.0,-7.777,96.730,1069.350,-8.222
11489,01/17/26 06:40:53 AM,1.34,1.67,282.2,-8.646,96.158,1069.350,-9.164
11490,01/17/26 06:50:53 AM,1.00,1.67,280.8,-8.137,97.725,1069.350,-8.450
11491,01/17/26 07:00:53 AM,0.67,1.00,280.8,-7.689,97.530,1069.350,-8.028
11492,01/17/26 07:10:53 AM,1.00,1.34,280.8,-8.190,95.709,1069.350,-8.769
11493,01/17/26 07:20:53 AM,0.67,1.34,285.0,-8.590,97.227,1069.350,-8.968
11494,01/17/26 07:30:53 AM,0.00,1.00,286.4,-7.903,97.513,1069.350,-8.244
11495,01/17/26 07:40:53 AM,0.33,0.67,286.4,-8.120,97.630,1069.350,-8.446
11496,01/17/26 07:50:53 AM,0.00,0.00,286.4,-7.997,97.157,1069.350,-8.385
11497,01/17/26 08:00:53 AM,0.33,1.34,286.4,-8.531,96.547,1069.350,-8.998
11498,01/17/26 08:10:53 AM,1.00,1.34,286.4,-8.879,96.449,1069.350,-9.358
11499,01/17/26 08:20:53 AM,0.67,1.34,286.4,-8.378,97.673,1069.350,-8.698
11500,01/17/26 08:30:53 AM,0.67,1.00,286.4,-8.067,97.684,1069.350,-8.385
11501,01/17/26 08:40:53 AM,0.67,1.00,286.4,-8.241,96.852,1069.350,-8.669
11502,01/17/26 08:50:53 AM,1.00,1.34,290.6,-8.689,96.364,1069.350,-9.180
11503,01/17/26 09:00:53 AM,0.67,1.34,321.5,-8.611,97.601,1069.350,-8.940
11504,01/17/26 09:10:53 AM,0.33,1.34,324.3,-7.895,98.003,1069.350,-8.172
11505,01/17/26 09:20:53 AM,0.33,1.00,322.9,-8.407,96.008,1069.350,-8.946
11506,01/17/26 09:30:53 AM,0.67,1.34,315.9,-8.694,96.068,1069.350,-9.224
11507,01/17/26 09:40:53 AM,0.67,1.67,311.7,-8.002,95.618,1069.350,-8.594
11508,01/17/26 09:50:53 AM,0.33,1.00,315.9,-6.651,91.617,1069.350,-7.799
11509,01/17/26 10:00:53 AM,0.00,0.00,315.9,-4.689,89.839,1069.350,-6.110
11510,01/17/26 10:10:53 AM,0.00,0.00,315.9,-3.442,85.183,1069.350,-5.577
11511,01/17/26 10:20:53 AM,0.00,0.00,315.9,-2.986,84.485,1069.350,-5.237
11512,01/17/26 10:30:53 AM,0.00,0.67,321.5,-1.994,81.830,1069.350,-4.685
11513,01/17/26 10:40:53 AM,0.67,2.00,57.6,-1.968,81.807,1069.350,-4.663
11514,01/17/26 10:50:53 AM,0.67,1.67,43.5,-2.163,82.979,1069.350,-4.666
11515,01/17/26 11:00:53 AM,0.67,1.34,85.6,-1.520,80.932,1069.350,-4.367
11516,01/17/26 11:10:53 AM,0.33,1.00,134.8,-0.809,79.081,1069.350,-3.981
11517,01/17/26 11:20:53 AM,0.33,1.34,122.1,-0.595,78.544,1069.350,-3.863
11518,01/17/26 11:30:53 AM,0.33,1.00,99.7,0.083,76.201,1069.350,-3.607
11519,01/17/26 11:40:53 AM,0.67,1.67,127.8,-0.096,76.696,1069.350,-3.695
11520,01/17/26 11:50:53 AM,1.00,1.67,120.7,0.142,76.635,1069.350,-3.474
11521,01/17/26 12:00:53 PM,1.00,1.67,91.3,0.791,75.445,1069.350,-3.054
11522,01/17/26 12:10:53 PM,1.00,2.00,82.8,0.984,74.817,1069.350,-2.979
11523,01/17/26 12:20:53 PM,1.00,2.34,122.1,1.287,74.246,1069.350,-2.788
11524,01/17/26 12:30:53 PM,1.00,2.00,147.4,1.346,73.935,1069.350,-2.788
11525,01/17/26 12:40:53 PM,1.00,2.34,126.4,1.671,73.167,1069.350,-2.614
11526,01/17/26 12:50:53 PM,1.00,2.34,143.2,2.116,72.143,1069.350,-2.374
11527,01/17/26 01:00:53 PM,1.00,2.00,124.9,2.601,69.879,1069.350,-2.338
11528,01/17/26 01:10:53 PM,1.00,2.34,112.3,3.134,67.965,1069.350,-2.201
11529,01/17/26 01:20:53 PM,1.34,2.67,117.9,3.279,67.366,1069.350,-2.182
11530,01/17/26 01:30:53 PM,1.67,3.34,92.7,3.858,65.168,1069.350,-2.078
11531,01/17/26 01:40:53 PM,1.67,2.67,99.7,3.968,65.496,1069.350,-1.905
11532,01/17/26 01:50:53 PM,1.67,3.34,99.7,4.349,63.864,1069.350,-1.884
11533,01/17/26 02:00:53 PM,2.34,3.67,99.7,4.601,62.635,1069.350,-1.908
11534,01/17/26 02:10:53 PM,2.00,3.01,84.2,4.893,60.179,1069.350,-2.173
11535,01/17/26 02:20:53 PM,2.00,3.67,88.4,5.287,58.770,1069.350,-2.122
11536,01/17/26 02:30:53 PM,2.34,3.67,96.9,5.408,56.970,1069.350,-2.428
11537,01/17/26 02:40:53 PM,2.34,3.67,99.7,5.821,54.273,1069.350,-2.695
11538,01/17/26 02:50:53 PM,2.00,3.67,80.0,6.384,50.562,1069.350,-3.123
11539,01/17/26 03:00:53 PM,1.67,3.34,81.4,6.528,51.351,1069.350,-2.782
11540,01/17/26 03:10:53 PM,1.34,3.34,106.7,6.579,51.369,1069.350,-2.730
11541,01/17/26 03:20:53 PM,1.34,2.67,122.1,6.550,52.155,1069.350,-2.552
11542,01/17/26 03:30:53 PM,1.00,3.01,113.7,6.775,51.843,1069.350,-2.424
11543,01/17/26 03:40:53 PM,1.34,3.01,73.0,7.236,50.480,1069.350,-2.357
11544,01/17/26 03:50:53 PM,1.34,2.67,66.0,7.311,49.847,1069.350,-2.458
11545,01/17/26 04:00:53 PM,1.34,2.67,87.0,7.461,48.591,1069.350,-2.663
11546,01/17/26 04:10:53 PM,0.67,2.00,120.7,7.429,49.274,1069.350,-2.505
11547,01/17/26 04:20:53 PM,1.00,1.67,123.5,7.504,47.279,1069.350,-2.991
11548,01/17/26 04:30:53 PM,0.67,1.34,49.1,7.566,46.418,1069.350,-3.181
11549,01/17/26 04:40:53 PM,0.67,1.67,66.0,8.027,43.171,1069.350,-3.730
11550,01/17/26 04:50:53 PM,0.33,1.67,89.9,8.362,42.635,1069.350,-3.593
11551,01/17/26 05:00:53 PM,0.67,1.67,132.0,7.805,45.560,1069.350,-3.212
11552,01/17/26 05:10:53 PM,0.67,1.67,127.8,7.526,45.336,1069.350,-3.533
11553,01/17/26 05:20:53 PM,0.67,1.34,126.4,7.622,44.231,1069.350,-3.775
11554,01/17/26 05:30:53 PM,0.67,1.00,143.2,7.427,45.002,1069.350,-3.722
11555,01/17/26 05:40:53 PM,0.67,1.00,153.0,7.386,45.303,1069.350,-3.671
11556,01/17/26 05:50:53 PM,0.33,0.67,153.0,7.352,43.925,1069.350,-4.113
11557,01/17/26 06:00:53 PM,0.33,1.00,153.0,6.818,49.136,1069.350,-3.106
11558,01/17/26 06:10:53 PM,0.33,0.67,153.0,6.188,52.630,1069.350,-2.766
11559,01/17/26 06:20:53 PM,0.00,0.00,153.0,5.301,54.675,1069.350,-3.081
11560,01/17/26 06:30:53 PM,0.00,1.67,160.0,4.354,56.742,1069.350,-3.470
11561,01/17/26 06:40:53 PM,0.67,1.67,272.4,3.183,59.976,1069.350,-3.832
11562,01/17/26 06:50:53 PM,0.67,1.67,317.3,1.212,65.011,1069.350,-4.632
11563,01/17/26 07:00:53 PM,1.00,2.00,313.1,0.555,71.269,1069.350,-4.042
11564,01/17/26 07:10:53 PM,1.34,2.00,286.4,0.837,72.689,1069.350,-3.507
11565,01/17/26 07:20:53 PM,1.00,1.67,255.5,0.022,76.503,1069.350,-3.614
11566,01/17/26 07:30:53 PM,1.34,2.00,263.9,0.242,76.104,1069.350,-3.470
11567,01/17/26 07:40:53 PM,1.34,2.34,265.3,-0.316,78.178,1069.350,-3.653
11568,01/17/26 07:50:53 PM,1.34,1.67,278.0,-0.914,80.975,1069.350,-3.768
11569,01/17/26 08:00:53 PM,1.00,1.34,279.4,-1.112,82.416,1069.350,-3.726
11570,01/17/26 08:10:53 PM,1.00,1.34,280.8,-1.228,82.837,1069.350,-3.772
11571,01/17/26 08:20:53 PM,1.34,2.67,290.6,-0.732,80.026,1069.350,-3.747
11572,01/17/26 08:30:53 PM,0.67,2.00,308.9,-0.978,81.592,1069.350,-3.729
11573,01/17/26 08:40:53 PM,1.00,2.00,294.8,-0.587,80.186,1069.350,-3.579
11574,01/17/26 08:50:53 PM,1.00,1.67,262.5,-0.643,80.597,1069.350,-3.565
11575,01/17/26 09:00:53 PM,1.00,1.67,252.7,-1.035,81.535,1069.350,-3.794
11576,01/17/26 09:10:53 PM,1.34,2.34,271.0,-1.643,83.522,1069.350,-4.070
11577,01/17/26 09:20:53 PM,1.00,1.67,265.3,-1.791,83.622,1069.350,-4.199
11578,01/17/26 09:30:53 PM,1.34,1.67,285.0,-2.190,86.018,1069.350,-4.216
11579,01/17/26 09:40:53 PM,1.00,1.67,299.0,-1.413,81.244,1069.350,-4.212
11580,01/17/26 09:50:53 PM,1.00,2.34,297.6,-1.756,82.156,1069.350,-4.399
11581,01/17/26 10:00:53 PM,0.00,1.00,293.4,-2.128,83.642,1069.350,-4.526
11582,01/17/26 10:10:53 PM,0.00,0.67,292.0,-2.053,83.952,1069.350,-4.404
11583,01/17/26 10:20:53 PM,0.00,1.34,310.3,-2.222,83.470,1069.350,-4.646
11584,01/17/26 10:30:53 PM,0.67,1.34,329.9,-2.386,83.972,1069.350,-4.728
11585,01/17/26 10:40:53 PM,0.67,1.34,329.9,-2.426,84.218,1069.350,-4.728
11586,01/17/26 10:50:53 PM,1.00,1.34,321.5,-2.708,85.103,1069.350,-4.867
11587,01/17/26 11:00:53 PM,1.00,1.67,293.4,-3.016,86.308,1069.350,-4.985
11588,01/17/26 11:10:53 PM,0.67,1.34,299.0,-3.187,87.454,1069.350,-4.979
11589,01/17/26 11:20:53 PM,0.33,0.67,299.0,-2.887,88.145,1069.350,-4.579
11590,01/17/26 11:30:53 PM,0.33,0.67,299.0,-2.683,87.916,1069.350,-4.412
11591,01/17/26 11:40:53 PM,0.67,1.67,329.9,-2.994,88.673,1069.350,-4.606
11592,01/17/26 11:50:53 PM,1.34,1.67,7.0,-2.917,89.232,1069.350,-4.446
11593,01/18/26 12:00:53 AM,1.34,1.67,14.0,-3.102,89.902,1069.350,-4.530
11594,01/18/26 12:10:53 AM,0.67,1.00,15.4,-4.120,92.374,1069.350,-5.181
11595,01/18/26 12:20:53 AM,0.33,1.00,15.4,-4.450,95.035,1069.350,-5.135
11596,01/18/26 12:30:53 AM,0.00,0.00,15.4,-4.614,95.302,1069.350,-5.261
11597,01/18/26 12:40:53 AM,0.33,1.34,5.6,-4.817,95.351,1069.350,-5.457
11598,01/18/26 12:50:53 AM,1.00,1.34,308.9,-5.182,95.306,1069.350,-5.827
11599,01/18/26 01:00:53 AM,1.00,1.34,308.9,-5.104,95.435,1069.350,-5.731
11600,01/18/26 01:10:53 AM,1.34,1.67,307.5,-5.458,94.926,1069.350,-6.154
11601,01/18/26 01:20:53 AM,1.34,1.67,303.2,-5.549,95.294,1069.350,-6.194
11602,01/18/26 01:30:53 AM,1.34,1.67,303.2,-5.638,95.532,1069.350,-6.250
11603,01/18/26 01:40:53 AM,1.00,1.67,315.9,-5.356,95.227,1069.350,-6.011
11604,01/18/26 01:50:53 AM,1.00,1.67,322.9,-4.968,94.493,1069.350,-5.726
11605,01/18/26 02:00:53 AM,1.00,1.34,310.3,-4.871,94.446,1069.350,-5.636
11606,01/18/26 02:10:53 AM,1.34,1.67,287.8,-4.850,94.693,1069.350,-5.581
11607,01/18/26 02:20:53 AM,0.67,1.67,290.6,-4.938,93.893,1069.350,-5.780
11608,01/18/26 02:30:53 AM,0.33,1.00,289.2,-5.244,94.298,1069.350,-6.028
11609,01/18/26 02:40:53 AM,0.67,1.34,289.2,-5.895,94.612,1069.350,-6.632
11610,01/18/26 02:50:53 AM,0.67,1.34,290.6,-6.246,96.426,1069.350,-6.735
11611,01/18/26 03:00:53 AM,0.67,1.34,296.2,-5.842,96.321,1069.350,-6.346
11612,01/18/26 03:10:53 AM,0.33,1.00,303.2,-5.557,94.891,1069.350,-6.257
11613,01/18/26 03:20:53 AM,0.00,0.67,303.2,-5.367,94.493,1069.350,-6.123
11614,01/18/26 03:30:53 AM,0.00,1.00,301.8,-5.485,94.047,1069.350,-6.302
11615,01/18/26 03:40:53 AM,0.67,1.00,292.0,-5.879,94.716,1069.350,-6.602
11616,01/18/26 03:50:53 AM,1.00,1.34,292.0,-6.587,95.309,1069.350,-7.226
11617,01/18/26 04:00:53 AM,0.67,1.00,292.0,-6.619,96.216,1069.350,-7.135
11618,01/18/26 04:10:53 AM,0.67,1.00,293.4,-6.480,95.938,1069.350,-7.034
11619,01/18/26 04:20:53 AM,0.67,1.00,293.4,-6.182,95.552,1069.350,-6.789
11620,01/18/26 04:30:53 AM,0.33,0.67,293.4,-5.903,95.143,1069.350,-6.567
11621,01/18/26 04:40:53 AM,0.67,1.00,293.4,-6.019,94.720,1069.350,-6.741
11622,01/18/26 04:50:53 AM,0.67,1.34,275.2,-6.238,94.768,1069.350,-6.952
11623,01/18/26 05:00:53 AM,1.00,1.67,227.4,-6.651,95.380,1069.350,-7.280
11624,01/18/26 05:10:53 AM,1.00,1.67,279.4,-7.477,94.861,1069.350,-8.173
11625,01/18/26 05:20:53 AM,0.67,1.34,314.5,-7.512,96.939,1069.350,-7.930
11626,01/18/26 05:30:53 AM,0.67,1.34,334.1,-6.793,97.012,1069.350,-7.202
11627,01/18/26 05:40:53 AM,0.67,1.00,334.1,-6.072,95.775,1069.350,-6.649
11628,01/18/26 05:50:53 AM,0.33,1.00,335.5,-6.230,95.804,1069.350,-6.803
11629,01/18/26 06:00:53 AM,0.00,0.00,335.5,-7.252,95.120,1069.350,-7.914
11630,01/18/26 06:10:53 AM,0.00,0.00,335.5,-7.367,96.548,1069.350,-7.837
11631,01/18/26 06:20:53 AM,0.00,0.00,332.7,-7.517,96.063,1069.350,-8.051
11632,01/18/26 06:30:53 AM,0.00,0.00,317.3,-7.882,96.440,1069.350,-8.365
11633,01/18/26 06:40:53 AM,0.00,0.00,318.7,-7.694,97.334,1069.350,-8.059
11634,01/18/26 06:50:53 AM,0.00,0.00,328.5,-7.190,96.835,1069.350,-7.622
11635,01/18/26 07:00:53 AM,0.00,0.00,334.1,-6.568,95.465,1069.350,-7.186
11636,01/18/26 07:10:53 AM,0.00,0.00,322.9,-7.509,94.905,1069.350,-8.199
11637,01/18/26 07:20:53 AM,0.00,0.00,297.6,-8.466,95.854,1069.350,-9.025
11638,01/18/26 07:30:53 AM,1.00,1.34,289.2,-8.587,96.323,1069.350,-9.084
11639,01/18/26 07:40:53 AM,0.67,1.34,301.8,-8.372,98.639,1069.350,-8.566
11640,01/18/26 07:50:53 AM,0.67,1.34,303.2,-8.120,97.939,1069.350,-8.405
11641,01/18/26 08:00:53 AM,0.67,1.00,303.2,-7.732,98.294,1069.350,-7.971
11642,01/18/26 08:10:53 AM,0.00,1.00,303.2,-7.429,97.353,1069.350,-7.792
11643,01/18/26 08:20:53 AM,0.33,1.00,303.2,-7.903,96.616,1069.350,-8.363
11644,01/18/26 08:30:53 AM,0.00,0.67,303.2,-7.895,97.530,1069.350,-8.234
11645,01/18/26 08:40:53 AM,0.00,0.00,303.2,-7.488,98.479,1069.350,-7.703
11646,01/18/26 08:50:53 AM,0.00,0.00,303.2,-7.801,97.253,1069.350,-8.177
11647,01/18/26 09:00:53 AM,0.00,0.00,303.2,-8.225,97.159,1069.350,-8.612
11648,01/18/26 09:10:53 AM,0.67,1.67,301.8,-9.064,95.222,1069.350,-9.705
11649,01/18/26 09:20:53 AM,1.00,1.34,301.8,-8.812,97.749,1069.350,-9.121
11650,01/18/26 09:30:53 AM,0.00,0.67,301.8,-6.705,95.151,1069.350,-7.365
11651,01/18/26 09:40:53 AM,0.33,1.00,301.8,-6.603,90.639,1069.350,-7.890
11652,01/18/26 09:50:53 AM,0.33,1.00,301.8,-6.426,90.985,1069.350,-7.666
11653,01/18/26 10:00:53 AM,0.33,0.67,301.8,-5.316,89.560,1069.350,-6.771
11654,01/18/26 10:10:53 AM,0.00,0.00,301.8,-4.002,88.408,1069.350,-5.641
11655,01/18/26 10:20:53 AM,0.00,0.00,301.8,-3.166,86.966,1069.350,-5.032
11656,01/18/26 10:30:53 AM,0.00,0.00,301.8,-2.225,85.554,1069.350,-4.322
11657,01/18/26 10:40:53 AM,0.00,0.00,297.6,-0.943,82.481,1069.350,-3.550
11658,01/18/26 10:50:53 AM,0.33,1.34,233.1,-1.099,83.201,1069.350,-3.587
11659,01/18/26 11:00:53 AM,0.67,1.34,164.3,-1.083,84.546,1069.350,-3.357
11660,01/18/26 11:10:53 AM,0.33,1.34,133.4,-0.590,81.866,1069.350,-3.305
11661,01/18/26 11:20:53 AM,0.00,1.00,126.4,-0.388,81.253,1069.350,-3.208
11662,01/18/26 11:30:53 AM,0.33,1.00,132.0,0.156,79.368,1069.350,-2.991
11663,01/18/26 11:40:53 AM,0.67,1.67,133.4,0.266,78.587,1069.350,-3.017
11664,01/18/26 11:50:53 AM,1.00,2.00,129.2,0.416,78.726,1069.350,-2.847
11665,01/18/26 12:00:53 PM,1.67,2.67,109.5,0.405,77.923,1069.350,-2.995
11666,01/18/26 12:10:53 PM,1.67,3.01,98.3,0.762,76.956,1069.350,-2.816
11667,01/18/26 12:20:53 PM,1.67,3.01,115.1,0.882,77.491,1069.350,-2.606
11668,01/18/26 12:30:53 PM,1.67,2.67,108.1,1.287,75.203,1069.350,-2.616
11669,01/18/26 12:40:53 PM,1.67,3.01,98.3,1.649,72.772,1069.350,-2.708
11670,01/18/26 12:50:53 PM,1.67,3.01,102.5,1.971,72.703,1069.350,-2.410
11671,01/18/26 01:00:53 PM,1.67,3.34,84.2,2.625,70.747,1069.350,-2.148
11672,01/18/26 01:10:53 PM,2.00,3.01,75.8,2.622,70.082,1069.350,-2.278
11673,01/18/26 01:20:53 PM,1.67,3.67,84.2,2.743,69.468,1069.350,-2.281
11674,01/18/26 01:30:53 PM,1.67,2.67,108.1,3.325,67.141,1069.350,-2.183
11675,01/18/26 01:40:53 PM,1.34,2.67,106.7,3.290,66.018,1069.350,-2.445
11676,01/18/26 01:50:53 PM,0.67,2.00,109.5,4.132,62.567,1069.350,-2.367
11677,01/18/26 02:00:53 PM,1.34,2.67,120.7,4.319,62.486,1069.350,-2.208
11678,01/18/26 02:10:53 PM,1.34,2.67,143.2,3.679,63.519,1069.350,-2.594
11679,01/18/26 02:20:53 PM,0.67,2.00,116.5,4.410,60.673,1069.350,-2.519
11680,01/18/26 02:30:53 PM,0.67,1.67,84.2,5.534,57.945,1069.350,-2.080
11681,01/18/26 02:40:53 PM,0.33,1.67,95.5,5.266,58.122,1069.350,-2.291
11682,01/18/26 02:50:53 PM,1.00,2.00,81.4,5.906,57.382,1069.350,-1.863
11683,01/18/26 03:00:53 PM,0.67,1.67,108.1,5.971,56.818,1069.350,-1.936
11684,01/18/26 03:10:53 PM,0.67,1.67,126.4,6.330,56.242,1069.350,-1.738
11685,01/18/26 03:20:53 PM,0.67,2.34,1.4,6.657,54.907,1069.350,-1.758
11686,01/18/26 03:30:53 PM,2.67,4.01,255.5,6.528,53.510,1069.350,-2.227
11687,01/18/26 03:40:53 PM,3.01,4.34,242.9,6.142,56.025,1069.350,-1.966
11688,01/18/26 03:50:53 PM,3.01,4.68,240.1,6.196,55.419,1069.350,-2.063
11689,01/18/26 04:00:53 PM,3.34,4.68,252.7,5.842,56.248,1069.350,-2.193
11690,01/18/26 04:10:53 PM,3.01,4.34,261.1,5.708,55.880,1069.350,-2.407
11691,01/18/26 04:20:53 PM,3.01,4.01,249.9,5.893,55.882,1069.350,-2.234
11692,01/18/26 04:30:53 PM,3.01,4.68,255.5,5.697,57.400,1069.350,-2.055
11693,01/18/26 04:40:53 PM,3.34,4.68,262.5,5.569,56.599,1069.350,-2.365
11694,01/18/26 04:50:53 PM,3.34,5.34,251.3,5.459,55.094,1069.350,-2.831
11695,01/18/26 05:00:53 PM,3.67,5.01,254.1,5.303,54.997,1069.350,-3.000
11696,01/18/26 05:10:53 PM,3.34,4.68,268.1,5.150,56.023,1069.350,-2.895
11697,01/18/26 05:20:53 PM,4.01,5.34,266.7,4.641,56.800,1069.350,-3.187
11698,01/18/26 05:30:53 PM,3.01,4.68,283.6,4.421,57.647,1069.350,-3.196
11699,01/18/26 05:40:53 PM,2.67,4.68,292.0,4.169,57.729,1069.350,-3.413
11700,01/18/26 05:50:53 PM,3.34,5.68,289.2,3.622,58.457,1069.350,-3.761
11701,01/18/26 06:00:53 PM,3.67,5.68,279.4,3.086,60.465,1069.350,-3.816
11702,01/18/26 06:10:53 PM,3.67,5.68,278.0,2.606,62.129,1069.350,-3.909
11703,01/18/26 06:20:53 PM,3.01,5.01,268.1,2.041,63.471,1069.350,-4.161
11704,01/18/26 06:30:53 PM,3.01,4.01,273.8,1.215,65.879,1069.350,-4.453
11705,01/18/26 06:40:53 PM,2.67,4.01,285.0,0.856,66.262,1069.350,-4.720
11706,01/18/26 06:50:53 PM,2.67,4.01,293.4,0.732,66.400,1069.350,-4.811
11707,01/18/26 07:00:53 PM,2.67,4.01,310.3,0.571,66.737,1069.350,-4.898
11708,01/18/26 07:10:53 PM,3.67,5.34,299.0,0.429,67.445,1069.350,-4.894
11709,01/18/26 07:20:53 PM,4.01,4.68,313.1,0.542,66.551,1069.350,-4.962
11710,01/18/26 07:30:53 PM,3.67,5.34,314.5,0.547,66.265,1069.350,-5.014
11711,01/18/26 07:40:53 PM,2.34,4.01,310.3,-0.107,68.609,1069.350,-5.182
11712,01/18/26 07:50:53 PM,0.67,3.01,294.8,-0.632,70.694,1069.350,-5.293
11713,01/18/26 08:00:53 PM,0.67,1.67,258.3,-1.147,72.865,1069.350,-5.391
11714,01/18/26 08:10:53 PM,1.34,2.67,286.4,-1.316,73.765,1069.350,-5.393
11715,01/18/26 08:20:53 PM,1.34,2.34,294.8,-1.962,76.342,1069.350,-5.568
11716,01/18/26 08:30:53 PM,1.67,2.67,241.5,-1.906,76.394,1069.350,-5.505
11717,01/18/26 08:40:53 PM,1.34,2.67,262.5,-1.171,72.859,1069.350,-5.416
11718,01/18/26 08:50:53 PM,1.67,3.34,273.8,-1.010,71.888,1069.350,-5.437
11719,01/18/26 09:00:53 PM,1.34,2.00,252.7,-1.560,73.240,1069.350,-5.723
11720,01/18/26 09:10:53 PM,1.00,2.34,314.5,-2.313,76.353,1069.350,-5.908
11721,01/18/26 09:20:53 PM,0.33,1.00,88.4,-3.209,80.340,1069.350,-6.115
11722,01/18/26 09:30:53 PM,0.67,1.34,85.6,-3.262,80.684,1069.350,-6.111
11723,01/18/26 09:40:53 PM,0.67,1.34,57.6,-3.169,80.760,1069.350,-6.008
11724,01/18/26 09:50:53 PM,1.00,1.67,32.3,-3.560,83.967,1069.350,-5.881
11725,01/18/26 10:00:53 PM,0.33,1.34,54.8,-3.651,87.137,1069.350,-5.485
11726,01/18/26 10:10:53 PM,0.00,1.34,50.5,-3.584,88.730,1069.350,-5.180
11727,01/18/26 10:20:53 PM,1.00,1.34,32.3,-3.576,89.775,1069.350,-5.018
11728,01/18/26 10:30:53 PM,0.00,0.67,32.3,-4.037,90.840,1069.350,-5.319
11729,01/18/26 10:40:53 PM,0.33,1.34,18.3,-4.380,92.328,1069.350,-5.446
11730,01/18/26 10:50:53 PM,1.34,1.67,300.4,-5.010,92.703,1069.350,-6.018
11731,01/18/26 11:00:53 PM,1.00,1.34,303.2,-4.943,93.918,1069.350,-5.781
11732,01/18/26 11:10:53 PM,0.67,1.34,313.1,-4.753,93.983,1069.350,-5.583
11733,01/18/26 11:20:53 PM,0.33,1.34,321.5,-4.193,92.117,1069.350,-5.290
11734,01/18/26 11:30:53 PM,0.00,0.67,314.5,-4.206,92.251,1069.350,-5.284
11735,01/18/26 11:40:53 PM,0.00,0.67,314.5,-4.665,93.016,1069.350,-5.631
11736,01/18/26 11:50:53 PM,0.00,0.00,314.5,-5.099,94.385,1069.350,-5.871
11737,01/19/26 12:00:53 AM,0.00,0.00,314.5,-5.171,95.410,1069.350,-5.801
11738,01/19/26 12:10:53 AM,0.00,0.00,314.5,-5.415,95.846,1069.350,-5.985
11739,01/19/26 12:20:53 AM,0.00,0.00,314.5,-5.300,96.255,1069.350,-5.815
11740,01/19/26 12:30:53 AM,0.00,0.00,314.5,-5.375,96.133,1069.350,-5.906
11741,01/19/26 12:40:53 AM,0.67,1.34,314.5,-5.941,95.807,1069.350,-6.515
11742,01/19/26 12:50:53 AM,1.00,1.34,314.5,-6.297,96.817,1069.350,-6.733
11743,01/19/26 01:00:53 AM,1.00,1.34,314.5,-6.249,97.035,1069.350,-6.656
11744,01/19/26 01:10:53 AM,1.00,1.67,334.1,-6.094,97.037,1069.350,-6.501
11745,01/19/26 01:20:53 AM,1.00,1.67,345.4,-5.758,96.730,1069.350,-6.207
11746,01/19/26 01:30:53 AM,1.00,1.67,286.4,-6.354,95.166,1069.350,-7.013
11747,01/19/26 01:40:53 AM,1.00,1.67,244.3,-7.563,96.458,1069.350,-8.044
11748,01/19/26 01:50:53 AM,1.00,1.67,271.0,-7.351,97.266,1069.350,-7.725
11749,01/19/26 02:00:53 AM,0.67,1.00,271.0,-6.544,97.554,1069.350,-6.881
11750,01/19/26 02:10:53 AM,0.33,0.67,271.0,-5.764,97.438,1069.350,-6.118
11751,01/19/26 02:20:53 AM,0.00,0.67,271.0,-5.461,96.606,1069.350,-5.927
11752,01/19/26 02:30:53 AM,0.33,1.67,271.0,-6.021,95.540,1069.350,-6.631
11753,01/19/26 02:40:53 AM,1.34,1.67,283.6,-8.002,95.377,1069.350,-8.626
11754,01/19/26 02:50:53 AM,1.00,1.34,285.0,-7.466,97.856,1069.350,-7.762
11755,01/19/26 03:00:53 AM,0.33,0.67,285.0,-6.903,98.325,1069.350,-7.138
11756,01/19/26 03:10:53 AM,0.67,1.34,294.8,-6.898,97.922,1069.350,-7.186
11757,01/19/26 03:20:53 AM,0.33,1.00,336.9,-6.748,98.511,1069.350,-6.959
11758,01/19/26 03:30:53 AM,0.00,0.00,336.9,-6.710,96.632,1069.350,-7.170
11759,01/19/26 03:40:53 AM,0.00,0.67,336.9,-7.490,97.618,1069.350,-7.818
11760,01/19/26 03:50:53 AM,0.67,1.00,321.5,-8.233,96.841,1069.350,-8.662
11761,01/19/26 04:00:53 AM,0.67,1.00,322.9,-7.839,99.103,1069.350,-7.972
11762,01/19/26 04:10:53 AM,0.33,0.67,327.1,-7.110,99.677,1069.350,-7.168
11763,01/19/26 04:20:53 AM,0.00,0.00,327.1,-6.836,99.571,1069.350,-6.908
11764,01/19/26 04:30:53 AM,0.00,0.67,327.1,-7.421,98.824,1069.350,-7.591
11765,01/19/26 04:40:53 AM,1.00,1.34,310.3,-8.678,97.157,1069.350,-9.065
11766,01/19/26 04:50:53 AM,0.67,1.00,317.3,-8.700,98.999,1069.350,-8.847
11767,01/19/26 05:00:53 AM,0.33,0.67,332.7,-7.801,99.997,1069.350,-7.819
11768,01/19/26 05:10:53 AM,0.00,0.67,332.7,-7.587,99.387,1069.350,-7.683
11769,01/19/26 05:20:53 AM,0.00,0.33,332.7,-8.464,98.210,1069.350,-8.714
11770,01/19/26 05:30:53 AM,0.00,0.00,332.7,-8.565,99.013,1069.350,-8.711
11771,01/19/26 05:40:53 AM,0.00,0.00,332.7,-8.667,99.304,1069.350,-8.775
11772,01/19/26 05:50:53 AM,0.33,1.34,318.7,-9.300,97.417,1069.350,-9.652
11773,01/19/26 06:00:53 AM,1.00,1.34,289.2,-9.930,97.371,1069.350,-10.287
11774,01/19/26 06:10:53 AM,0.67,1.34,317.3,-8.767,99.173,1069.350,-8.892
11775,01/19/26 06:20:53 AM,0.33,1.00,341.2,-8.828,97.687,1069.350,-9.145
11776,01/19/26 06:30:53 AM,0.00,0.00,339.7,-8.949,97.487,1069.350,-9.292
11777,01/19/26 06:40:53 AM,0.00,0.00,324.3,-9.193,97.168,1069.350,-9.578
11778,01/19/26 06:50:53 AM,0.67,1.34,287.8,-9.397,97.046,1069.350,-9.797
11779,01/19/26 07:00:53 AM,0.67,1.00,285.0,-8.986,97.293,1069.350,-9.355
11780,01/19/26 07:10:53 AM,0.33,1.00,285.0,-9.112,96.986,1069.350,-9.520
11781,01/19/26 07:20:53 AM,0.67,1.00,285.0,-9.930,96.599,1069.350,-10.387
11782,01/19/26 07:30:53 AM,0.33,0.67,285.0,-9.643,97.050,1069.350,-10.042
11783,01/19/26 07:40:53 AM,0.00,0.00,285.0,-9.729,96.612,1069.350,-10.185
11784,01/19/26 07:50:53 AM,0.00,0.00,285.0,-10.204,96.399,1069.350,-10.687
11785,01/19/26 08:00:53 AM,0.00,0.67,285.0,-10.179,97.142,1069.350,-10.565
11786,01/19/26 08:10:53 AM,0.00,0.67,285.0,-9.713,97.520,1069.350,-10.051
11787,01/19/26 08:20:53 AM,0.00,0.33,300.4,-9.241,97.937,1069.350,-9.526
11788,01/19/26 08:30:53 AM,0.00,0.00,306.1,-9.005,97.296,1069.350,-9.373
11789,01/19/26 08:40:53 AM,0.00,0.00,306.1,-9.279,97.020,1069.350,-9.683
11790,01/19/26 08:50:53 AM,0.67,1.34,286.4,-10.217,96.410,1069.350,-10.698
11791,01/19/26 09:00:53 AM,1.00,1.34,275.2,-10.523,96.355,1069.350,-11.011
11792,01/19/26 09:10:53 AM,0.33,1.00,266.7,-10.566,96.310,1069.350,-11.059
11793,01/19/26 09:20:53 AM,0.00,0.33,278.0,-10.271,96.468,1069.350,-10.745
11794,01/19/26 09:30:53 AM,0.00,0.00,299.0,-9.174,96.661,1069.350,-9.625
11795,01/19/26 09:40:53 AM,0.00,0.00,299.0,-8.523,96.188,1069.350,-9.038
11796,01/19/26 09:50:53 AM,0.00,0.00,299.0,-8.086,95.908,1069.350,-8.639
11797,01/19/26 10:00:53 AM,0.67,1.34,189.5,-7.989,97.038,1069.350,-8.393
11798,01/19/26 10:10:53 AM,0.33,1.34,130.6,-7.705,96.779,1069.350,-8.143
11799,01/19/26 10:20:53 AM,0.00,0.33,130.6,-6.826,96.497,1069.350,-7.304
11800,01/19/26 10:30:53 AM,0.00,0.00,130.6,-5.456,96.448,1069.350,-5.944
11801,01/19/26 10:40:53 AM,0.00,0.67,116.5,-5.005,94.060,1069.350,-5.823
11802,01/19/26 10:50:53 AM,0.00,0.00,112.3,-4.391,93.887,1069.350,-5.236
11803,01/19/26 11:00:53 AM,0.00,0.33,112.3,-3.287,90.237,1069.350,-4.664
11804,01/19/26 11:10:53 AM,0.00,0.00,122.1,-2.531,87.478,1069.350,-4.329
11805,01/19/26 11:20:53 AM,0.67,1.67,137.6,-2.713,87.164,1069.350,-4.556
11806,01/19/26 11:30:53 AM,0.33,1.00,127.8,-1.793,84.779,1069.350,-4.018
11807,01/19/26 11:40:53 AM,0.00,0.67,134.8,-0.356,80.861,1069.350,-3.241
11808,01/19/26 11:50:53 AM,0.33,1.34,120.7,-0.512,81.617,1069.350,-3.269
11809,01/19/26 12:00:53 PM,0.00,1.00,115.1,1.006,78.184,1069.350,-2.365
11810,01/19/26 12:10:53 PM,0.67,1.34,108.1,1.317,77.214,1069.350,-2.231
11811,01/19/26 12:20:53 PM,0.67,1.34,116.5,1.491,76.524,1069.350,-2.183
11812,01/19/26 12:30:53 PM,0.67,1.34,109.5,2.046,73.991,1069.350,-2.100
11813,01/19/26 12:40:53 PM,0.33,1.34,108.1,3.247,68.872,1069.350,-1.914
11814,01/19/26 12:50:53 PM,0.67,1.67,105.3,3.494,68.914,1069.350,-1.669
11815,01/19/26 01:00:53 PM,1.00,2.00,119.3,3.641,66.801,1069.350,-1.950
11816,01/19/26 01:10:53 PM,1.00,2.00,119.3,3.786,65.190,1069.350,-2.142
11817,01/19/26 01:20:53 PM,1.34,2.67,122.1,3.649,64.195,1069.350,-2.480
11818,01/19/26 01:30:53 PM,1.00,2.34,103.9,4.282,60.830,1069.350,-2.605
11819,01/19/26 01:40:53 PM,1.00,2.34,127.8,4.598,59.657,1069.350,-2.569
11820,01/19/26 01:50:53 PM,1.00,2.67,109.5,5.006,58.743,1069.350,-2.392
11821,01/19/26 02:00:53 PM,0.67,1.67,130.6,5.287,56.995,1069.350,-2.535
11822,01/19/26 02:10:53 PM,0.33,1.00,351.0,5.392,55.914,1069.350,-2.695
11823,01/19/26 02:20:53 PM,0.67,1.67,183.9,5.475,56.281,1069.350,-2.529
11824,01/19/26 02:30:53 PM,0.67,2.00,109.5,6.201,55.013,1069.350,-2.157
11825,01/19/26 02:40:53 PM,1.00,2.00,123.5,6.134,55.171,1069.350,-2.181
11826,01/19/26 02:50:53 PM,0.67,1.67,137.6,6.968,53.382,1069.350,-1.850
11827,01/19/26 03:00:53 PM,1.00,2.67,203.6,6.563,51.736,1069.350,-2.649
11828,01/19/26 03:10:53 PM,1.00,3.01,226.0,6.735,51.000,1069.350,-2.682
11829,01/19/26 03:20:53 PM,1.34,2.67,203.6,6.472,51.991,1069.350,-2.667
11830,01/19/26 03:30:53 PM,1.34,3.01,157.2,6.598,51.305,1069.350,-2.729
11831,01/19/26 03:40:53 PM,1.00,3.01,190.9,7.510,49.810,1069.350,-2.284
11832,01/19/26 03:50:53 PM,1.67,3.34,266.7,6.866,50.738,1069.350,-2.630
11833,01/19/26 04:00:53 PM,2.00,3.34,255.5,6.979,50.591,1069.350,-2.565
11834,01/19/26 04:10:53 PM,2.00,3.34,272.4,6.711,49.310,1069.350,-3.157
11835,01/19/26 04:20:53 PM,2.00,4.01,262.5,6.823,50.298,1069.350,-2.787
11836,01/19/26 04:30:53 PM,1.67,3.01,252.7,7.070,50.134,1069.350,-2.603
11837,01/19/26 04:40:53 PM,2.00,3.67,287.8,6.861,49.102,1069.350,-3.075
11838,01/19/26 04:50:53 PM,2.00,3.67,299.0,6.687,49.749,1069.350,-3.060
11839,01/19/26 05:00:53 PM,2.34,4.34,261.1,6.620,50.246,1069.350,-2.989
11840,01/19/26 05:10:53 PM,2.67,4.01,252.7,6.105,51.301,1069.350,-3.187
11841,01/19/26 05:20:53 PM,2.67,4.01,247.1,5.802,51.240,1069.350,-3.483
11842,01/19/26 05:30:53 PM,2.34,4.01,252.7,5.499,53.547,1069.350,-3.176
11843,01/19/26 05:40:53 PM,2.00,3.01,280.8,4.971,56.982,1069.350,-2.835
11844,01/19/26 05:50:53 PM,2.67,4.01,290.6,4.196,57.733,1069.350,-3.387
11845,01/19/26 06:00:53 PM,2.00,3.67,280.8,3.778,57.287,1069.350,-3.883
11846,01/19/26 06:10:53 PM,1.67,2.67,256.9,2.973,63.151,1069.350,-3.343
11847,01/19/26 06:20:53 PM,2.00,2.67,234.5,1.609,70.210,1069.350,-3.228
11848,01/19/26 06:30:53 PM,2.00,3.01,230.2,-0.187,79.300,1069.350,-3.337
11849,01/19/26 06:40:53 PM,1.67,2.67,251.3,-1.086,83.792,1069.350,-3.480
11850,01/19/26 06:50:53 PM,1.34,3.34,290.6,-1.171,81.959,1069.350,-3.858
11851,01/19/26 07:00:53 PM,1.67,4.01,258.3,-0.957,78.836,1069.350,-4.166
11852,01/19/26 07:10:53 PM,1.67,4.34,278.0,-0.962,78.476,1069.350,-4.232
11853,01/19/26 07:20:53 PM,0.67,2.34,238.7,-1.300,78.914,1069.350,-4.487
11854,01/19/26 07:30:53 PM,1.00,2.00,247.1,-2.064,82.089,1069.350,-4.712
11855,01/19/26 07:40:53 PM,1.67,4.34,275.2,-2.423,82.289,1069.350,-5.031
11856,01/19/26 07:50:53 PM,2.00,4.01,315.9,-2.356,81.938,1069.350,-5.022
11857,01/19/26 08:00:53 PM,0.67,2.67,285.0,-2.860,83.615,1069.350,-5.249
11858,01/19/26 08:10:53 PM,1.34,3.34,195.1,-3.220,85.136,1069.350,-5.366
11859,01/19/26 08:20:53 PM,1.34,2.67,214.8,-3.220,84.254,1069.350,-5.502
11860,01/19/26 08:30:53 PM,2.34,5.68,279.4,-2.657,80.575,1069.350,-5.537
11861,01/19/26 08:40:53 PM,2.34,4.01,290.6,-2.828,80.172,1069.350,-5.770
11862,01/19/26 08:50:53 PM,2.67,5.34,301.8,-2.855,79.704,1069.350,-5.873
11863,01/19/26 09:00:53 PM,2.67,5.68,289.2,-2.729,78.523,1069.350,-5.946
11864,01/19/26 09:10:53 PM,1.00,1.67,272.4,-3.673,82.203,1069.350,-6.269
11865,01/19/26 09:20:53 PM,1.67,2.00,249.9,-4.056,83.690,1069.350,-6.411
11866,01/19/26 09:30:53 PM,1.67,2.34,266.7,-4.118,84.685,1069.350,-6.318
11867,01/19/26 09:40:53 PM,2.00,3.01,290.6,-4.496,85.690,1069.350,-6.536
11868,01/19/26 09:50:53 PM,1.34,2.34,254.1,-5.233,87.779,1069.350,-6.950
11869,01/19/26 10:00:53 PM,1.67,2.34,251.3,-5.866,90.454,1069.350,-7.186
11870,01/19/26 10:10:53 PM,2.00,3.01,244.3,-6.051,91.263,1069.350,-7.255
11871,01/19/26 10:20:53 PM,3.01,4.01,237.3,-6.064,92.363,1069.350,-7.112
11872,01/19/26 10:30:53 PM,2.34,3.67,255.5,-6.448,93.173,1069.350,-7.381
11873,01/19/26 10:40:53 PM,1.34,2.67,304.7,-6.675,93.861,1069.350,-7.511
11874,01/19/26 10:50:53 PM,2.34,3.67,300.4,-6.115,92.949,1069.350,-7.081
11875,01/19/26 11:00:53 PM,1.34,3.34,329.9,-6.429,92.717,1069.350,-7.425
11876,01/19/26 11:10:53 PM,0.00,1.00,313.1,-6.943,94.272,1069.350,-7.722
11877,01/19/26 11:20:53 PM,0.00,1.34,271.0,-7.171,94.533,1069.350,-7.913
11878,01/19/26 11:30:53 PM,1.34,1.67,147.4,-7.769,96.962,1069.350,-8.183
11879,01/19/26 11:40:53 PM,0.67,1.34,122.1,-8.083,97.584,1069.350,-8.415
11880,01/19/26 11:50:53 PM,0.00,0.33,119.3,-7.842,97.527,1069.350,-8.181
11881,01/20/26 12:00:53 AM,0.33,1.34,102.5,-7.552,97.481,1069.350,-7.898
11882,01/20/26 12:10:53 AM,0.67,1.34,29.5,-7.450,97.374,1069.350,-7.810
11883,01/20/26 12:20:53 AM,1.00,2.00,2.8,-7.437,97.522,1069.350,-7.778
11884,01/20/26 12:30:53 AM,1.00,1.67,22.5,-7.340,97.583,1069.350,-7.673
11885,01/20/26 12:40:53 AM,0.33,1.00,30.9,-7.102,97.620,1069.350,-7.430
11886,01/20/26 12:50:53 AM,0.33,1.34,63.2,-6.893,97.693,1069.350,-7.211
11887,01/20/26 01:00:53 AM,0.00,0.67,102.5,-6.772,97.726,1069.350,-7.086
11888,01/20/26 01:10:53 AM,0.67,2.00,96.9,-6.667,97.830,1069.350,-6.968
11889,01/20/26 01:20:53 AM,0.67,1.34,73.0,-6.713,97.853,1069.350,-7.010
11890,01/20/26 01:30:53 AM,0.67,1.67,70.2,-6.635,98.016,1069.350,-6.911
11891,01/20/26 01:40:53 AM,1.00,1.67,61.8,-6.600,97.961,1069.350,-6.883
11892,01/20/26 01:50:53 AM,1.00,1.67,64.6,-6.759,97.847,1069.350,-7.057
11893,01/20/26 02:00:53 AM,0.33,1.67,68.8,-7.011,97.758,1069.350,-7.321
11894,01/20/26 02:10:53 AM,0.33,1.34,106.7,-7.000,97.839,1069.350,-7.299
11895,01/20/26 02:20:53 AM,0.00,0.67,115.1,-6.965,97.900,1069.350,-7.256
11896,01/20/26 02:30:53 AM,0.00,1.34,115.1,-6.962,97.888,1069.350,-7.255
11897,01/20/26 02:40:53 AM,0.00,0.00,116.5,-7.016,97.923,1069.350,-7.304
11898,01/20/26 02:50:53 AM,0.00,0.00,120.7,-6.970,97.978,1069.350,-7.251
11899,01/20/26 03:00:53 AM,0.33,1.34,168.5,-7.016,97.974,1069.350,-7.297
11900,01/20/26 03:10:53 AM,0.33,1.00,176.9,-6.962,98.019,1069.350,-7.237
11901,01/20/26 03:20:53 AM,0.67,1.67,99.7,-6.973,98.015,1069.350,-7.249
11902,01/20/26 03:30:53 AM,0.33,1.34,91.3,-7.061,97.983,1069.350,-7.341
11903,01/20/26 03:40:53 AM,0.33,1.34,113.7,-6.943,98.114,1069.350,-7.206
11904,01/20/26 03:50:53 AM,1.00,1.67,116.5,-6.946,98.083,1069.350,-7.213
11905,01/20/26 04:00:53 AM,0.33,1.67,77.2,-7.037,98.076,1069.350,-7.305
11906,01/20/26 04:10:53 AM,0.67,1.67,105.3,-6.970,98.135,1069.350,-7.230
11907,01/20/26 04:20:53 AM,1.00,2.00,85.6,-6.938,98.184,1069.350,-7.192
11908,01/20/26 04:30:53 AM,1.00,1.67,165.7,-7.145,98.030,1069.350,-7.419
11909,01/20/26 04:40:53 AM,0.67,1.67,179.7,-7.265,98.012,1069.350,-7.541
11910,01/20/26 04:50:53 AM,0.67,1.34,179.7,-7.335,98.019,1069.350,-7.610
11911,01/20/26 05:00:53 AM,0.67,1.34,210.6,-7.292,98.047,1069.350,-7.563
11912,01/20/26 05:10:53 AM,0.00,0.67,240.1,-7.190,98.120,1069.350,-7.452
11913,01/20/26 05:20:53 AM,0.00,1.00,226.0,-7.166,98.149,1069.350,-7.424
11914,01/20/26 05:30:53 AM,0.33,1.00,228.8,-7.145,98.167,1069.350,-7.401
11915,01/20/26 05:40:53 AM,0.33,1.34,148.8,-7.252,98.099,1069.350,-7.517
11916,01/20/26 05:50:53 AM,0.67,1.67,176.9,-7.343,98.085,1069.350,-7.609
11917,01/20/26 06:00:53 AM,0.33,1.34,28.1,-7.474,97.998,1069.350,-7.752
11918,01/20/26 06:10:53 AM,0.00,0.00,14.0,-7.450,98.076,1069.350,-7.718
11919,01/20/26 06:20:53 AM,0.33,1.34,56.2,-7.437,98.039,1069.350,-7.709
11920,01/20/26 06:30:53 AM,0.33,1.34,251.3,-7.509,98.047,1069.350,-7.780
11921,01/20/26 06:40:53 AM,0.67,1.67,205.0,-7.544,98.036,1069.350,-7.817
11922,01/20/26 06:50:53 AM,1.00,1.67,190.9,-7.565,98.029,1069.350,-7.839
11923,01/20/26 07:00:53 AM,0.33,1.34,203.6,-7.649,97.996,1069.350,-7.927
11924,01/20/26 07:10:53 AM,0.67,1.67,273.8,-7.673,97.995,1069.350,-7.951
11925,01/20/26 07:20:53 AM,0.33,1.34,321.5,-7.868,97.797,1069.350,-8.172
11926,01/20/26 07:30:53 AM,0.00,0.00,273.8,-7.941,97.856,1069.350,-8.237
11927,01/20/26 07:40:53 AM,0.67,1.67,287.8,-7.935,97.861,1069.350,-8.230
11928,01/20/26 07:50:53 AM,1.00,2.00,294.8,-8.265,97.615,1069.350,-8.592
11929,01/20/26 08:00:53 AM,1.67,2.34,315.9,-8.949,97.183,1069.350,-9.332
11930,01/20/26 08:10:53 AM,1.00,1.67,306.1,-9.362,97.064,1069.350,-9.760
11931,01/20/26 08:20:53 AM,0.33,1.00,299.0,-9.791,96.846,1069.350,-10.216
11932,01/20/26 08:30:53 AM,0.67,1.00,276.6,-10.021,96.722,1069.350,-10.462
11933,01/20/26 08:40:53 AM,0.67,1.34,255.5,-10.067,96.666,1069.350,-10.515
11934,01/20/26 08:50:53 AM,1.00,1.67,241.5,-10.308,96.547,1069.350,-10.771
11935,01/20/26 09:00:53 AM,0.67,1.34,227.4,-10.555,96.408,1069.350,-11.036
11936,01/20/26 09:10:53 AM,0.33,1.00,220.4,-10.785,96.294,1069.350,-11.280
11937,01/20/26 09:20:53 AM,0.00,0.67,220.4,-10.541,96.394,1069.350,-11.024
11938,01/20/26 09:30:53 AM,0.00,0.00,220.4,-9.716,97.101,1069.350,-10.108
11939,01/20/26 09:40:53 AM,0.33,0.67,217.6,-9.078,96.614,1069.350,-9.535
11940,01/20/26 09:50:53 AM,1.00,1.34,81.4,-8.737,95.985,1069.350,-9.278
11941,01/20/26 10:00:53 AM,1.00,1.34,78.6,-8.059,96.876,1069.350,-8.484
11942,01/20/26 10:10:53 AM,1.00,1.67,89.9,-7.836,96.579,1069.350,-8.301
11943,01/20/26 10:20:53 AM,1.00,1.67,77.2,-7.303,96.768,1069.350,-7.744
11944,01/20/26 10:30:53 AM,1.00,1.67,102.5,-7.260,96.902,1069.350,-7.683
11945,01/20/26 10:40:53 AM,1.00,1.67,117.9,-7.083,97.259,1069.350,-7.459
11946,01/20/26 10:50:53 AM,1.00,1.67,133.4,-6.898,97.697,1069.350,-7.216
11947,01/20/26 11:00:53 AM,0.33,1.67,134.8,-6.308,98.556,1069.350,-6.513
11948,01/20/26 11:10:53 AM,0.33,1.67,172.7,-5.324,97.928,1069.350,-5.613
11949,01/20/26 11:20:53 AM,0.33,1.67,171.3,-5.222,98.776,1069.350,-5.397
11950,01/20/26 11:30:53 AM,0.33,2.00,240.1,-5.480,98.235,1069.350,-5.727
11951,01/20/26 11:40:53 AM,0.00,1.00,210.6,-4.702,99.149,1069.350,-4.827
11952,01/20/26 11:50:53 AM,0.67,2.00,109.5,-4.067,98.462,1069.350,-4.284
11953,01/20/26 12:00:53 PM,0.67,2.34,95.5,-3.555,98.407,1069.350,-3.780
11954,01/20/26 12:10:53 PM,1.00,2.67,134.8,-3.863,98.322,1069.350,-4.099
11955,01/20/26 12:20:53 PM,1.34,2.34,116.5,-3.372,98.418,1069.350,-3.595
11956,01/20/26 12:30:53 PM,0.33,1.00,127.8,-1.922,99.733,1069.350,-1.966
11957,01/20/26 12:40:53 PM,1.00,2.00,109.5,-1.359,99.150,1069.350,-1.482
11958,01/20/26 12:50:53 PM,1.34,2.34,113.7,-0.804,98.802,1069.350,-0.975
11959,01/20/26 01:00:53 PM,1.34,2.00,108.1,-0.793,98.042,1069.350,-1.069
11960,01/20/26 01:10:53 PM,2.00,2.67,112.3,-0.193,96.748,1069.350,-0.652
11961,01/20/26 01:20:53 PM,2.00,2.67,103.9,0.561,90.051,1069.350,-0.883
11962,01/20/26 01:30:53 PM,1.67,3.01,96.9,1.177,80.497,1069.350,-1.804
11963,01/20/26 01:40:53 PM,2.34,3.67,102.5,1.957,76.075,1069.350,-1.811
11964,01/20/26 01:50:53 PM,2.34,3.34,98.3,1.856,76.649,1069.350,-1.807
11965,01/20/26 02:00:53 PM,2.34,3.34,82.8,1.542,77.047,1069.350,-2.042
11966,01/20/26 02:10:53 PM,2.34,3.67,75.8,1.746,75.357,1069.350,-2.144
11967,01/20/26 02:20:53 PM,2.67,4.01,91.3,2.003,74.569,1069.350,-2.037
11968,01/20/26 02:30:53 PM,2.67,4.01,84.2,1.762,75.320,1069.350,-2.135
11969,01/20/26 02:40:53 PM,3.01,4.34,82.8,1.118,76.330,1069.350,-2.580
11970,01/20/26 02:50:53 PM,3.34,5.01,84.2,0.384,77.911,1069.350,-3.018
11971,01/20/26 03:00:53 PM,2.67,4.68,85.6,-0.238,78.618,1069.350,-3.502
11972,01/20/26 03:10:53 PM,2.34,3.67,101.1,-0.362,78.680,1069.350,-3.613
11973,01/20/26 03:20:53 PM,2.00,3.67,82.8,0.166,77.082,1069.350,-3.373
11974,01/20/26 03:30:53 PM,2.00,4.01,77.2,0.563,75.758,1069.350,-3.219
11975,01/20/26 03:40:53 PM,2.00,3.34,96.9,0.684,75.474,1069.350,-3.152
11976,01/20/26 03:50:53 PM,2.00,3.01,112.3,0.746,75.618,1069.350,-3.067
11977,01/20/26 04:00:53 PM,1.67,2.67,108.1,1.156,73.970,1069.350,-2.965
11978,01/20/26 04:10:53 PM,1.00,2.67,60.4,1.767,71.591,1069.350,-2.814
11979,01/20/26 04:20:53 PM,1.67,3.34,106.7,1.708,71.502,1069.350,-2.888
11980,01/20/26 04:30:53 PM,1.67,2.67,103.9,1.620,71.653,1069.350,-2.944
11981,01/20/26 04:40:53 PM,1.00,2.00,95.5,2.075,69.596,1069.350,-2.898
11982,01/20/26 04:50:53 PM,1.00,2.00,130.6,2.014,70.333,1069.350,-2.815
11983,01/20/26 05:00:53 PM,0.67,2.00,112.3,1.901,71.034,1069.350,-2.790
11984,01/20/26 05:10:53 PM,1.00,1.67,137.6,2.145,70.140,1069.350,-2.726
11985,01/20/26 05:20:53 PM,0.33,1.34,158.6,1.177,72.694,1069.350,-3.178
11986,01/20/26 05:30:53 PM,0.00,0.67,140.4,1.829,70.730,1069.350,-2.917
11987,01/20/26 05:40:53 PM,0.00,0.00,134.8,1.896,70.369,1069.350,-2.921
11988,01/20/26 05:50:53 PM,0.33,1.34,123.5,2.435,68.058,1069.350,-2.853
11989,01/20/26 06:00:53 PM,0.67,2.67,54.8,1.368,70.214,1069.350,-3.459
11990,01/20/26 06:10:53 PM,2.34,3.67,258.3,1.402,63.478,1069.350,-4.767
11991,01/20/26 06:20:53 PM,1.67,2.34,158.6,0.231,74.139,1069.350,-3.830
11992,01/20/26 06:30:53 PM,1.67,2.00,110.9,-1.279,82.634,1069.350,-3.855
11993,01/20/26 06:40:53 PM,1.34,2.34,59.0,-1.884,84.897,1069.350,-4.089
11994,01/20/26 06:50:53 PM,2.34,3.34,32.3,-2.737,88.144,1069.350,-4.431
11995,01/20/26 07:00:53 PM,2.34,4.01,49.1,-3.123,90.040,1069.350,-4.531
11996,01/20/26 07:10:53 PM,2.00,3.01,60.4,-3.480,91.818,1069.350,-4.626
11997,01/20/26 07:20:53 PM,3.34,7.01,75.8,-3.764,92.775,1069.350,-4.770
11998,01/20/26 07:30:53 PM,4.01,6.01,75.8,-4.657,94.978,1069.350,-5.349
11999,01/20/26 07:40:53 PM,4.34,7.01,71.6,-5.032,97.044,1069.350,-5.440
12000,01/20/26 07:50:53 PM,4.01,6.35,75.8,-5.241,98.296,1069.350,-5.480
12001,01/20/26 08:00:53 PM,3.67,6.01,78.6,-5.305,98.897,1069.350,-5.464
12002,01/20/26 08:10:53 PM,4.01,6.01,84.2,-5.246,99.580,1069.350,-5.315
12003,01/20/26 08:20:53 PM,3.01,5.01,87.0,-4.952,99.103,1069.350,-5.084
12004,01/20/26 08:30:53 PM,3.01,4.68,82.8,-4.785,98.320,1069.350,-5.021
12005,01/20/26 08:40:53 PM,2.67,4.34,85.6,-4.713,97.556,1069.350,-5.052
12006,01/20/26 08:50:53 PM,2.67,4.01,96.9,-4.775,97.357,1069.350,-5.141
12007,01/20/26 09:00:53 PM,2.67,4.01,102.5,-4.925,97.153,1069.350,-5.318
12008,01/20/26 09:10:53 PM,2.67,4.01,60.4,-5.053,97.542,1069.350,-5.394
12009,01/20/26 09:20:53 PM,2.67,4.34,47.7,-5.086,97.864,1069.350,-5.383
12010,01/20/26 09:30:53 PM,3.01,4.34,46.3,-5.078,97.964,1069.350,-5.362
12011,01/20/26 09:40:53 PM,2.34,4.01,43.5,-5.032,98.100,1069.350,-5.298
12012,01/20/26 09:50:53 PM,2.34,3.67,64.6,-4.890,98.068,1069.350,-5.160
12013,01/20/26 10:00:53 PM,2.34,3.67,81.4,-4.895,97.981,1069.350,-5.177
12014,01/20/26 10:10:53 PM,2.67,4.01,64.6,-5.002,97.729,1069.350,-5.318
12015,01/20/26 10:20:53 PM,2.34,4.01,96.9,-5.096,98.102,1069.350,-5.361
12016,01/20/26 10:30:53 PM,2.67,4.01,87.0,-5.032,97.995,1069.350,-5.312
12017,01/20/26 10:40:53 PM,2.00,4.01,63.2,-5.118,97.557,1069.350,-5.457
12018,01/20/26 10:50:53 PM,2.34,3.67,67.4,-5.220,97.484,1069.350,-5.568
12019,01/20/26 11:00:53 PM,2.00,3.67,108.1,-5.338,97.652,1069.350,-5.664
12020,01/20/26 11:10:53 PM,1.34,3.01,106.7,-5.330,97.493,1069.350,-5.677
12021,01/20/26 11:20:53 PM,1.67,3.34,91.3,-5.332,97.722,1069.350,-5.648
12022,01/20/26 11:30:53 PM,2.00,3.34,54.8,-5.423,97.906,1069.350,-5.714
12023,01/20/26 11:40:53 PM,2.00,3.34,77.2,-5.531,98.137,1069.350,-5.791
12024,01/20/26 11:50:53 PM,2.00,3.34,102.5,-5.568,98.372,1069.350,-5.797
12025,01/21/26 12:00:53 AM,2.00,3.67,103.9,-5.515,98.180,1069.350,-5.770
12026,01/21/26 12:10:53 AM,1.67,2.67,102.5,-5.469,97.826,1069.350,-5.771
12027,01/21/26 12:20:53 AM,2.00,3.01,84.2,-5.356,97.922,1069.350,-5.645
12028,01/21/26 12:30:53 AM,2.67,4.01,57.6,-5.439,97.256,1069.350,-5.818
12029,01/21/26 12:40:53 AM,2.00,2.67,101.1,-5.568,97.403,1069.350,-5.927
12030,01/21/26 12:50:53 AM,2.00,3.34,98.3,-5.472,97.522,1069.350,-5.815
12031,01/21/26 01:00:53 AM,2.00,3.67,74.4,-5.694,97.426,1069.350,-6.050
12032,01/21/26 01:10:53 AM,1.34,3.01,50.5,-5.756,97.279,1069.350,-6.131
12033,01/21/26 01:20:53 AM,1.67,3.34,67.4,-5.737,97.465,1069.350,-6.087
12034,01/21/26 01:30:53 AM,1.34,2.67,66.0,-5.847,97.693,1069.350,-6.167
12035,01/21/26 01:40:53 AM,1.67,3.01,80.0,-5.879,98.273,1069.350,-6.121
12036,01/21/26 01:50:53 AM,1.34,3.34,61.8,-5.943,98.471,1069.350,-6.159
12037,01/21/26 02:00:53 AM,1.00,2.67,35.1,-6.064,98.604,1069.350,-6.262
12038,01/21/26 02:10:53 AM,0.67,2.34,49.1,-6.029,98.747,1069.350,-6.208
12039,01/21/26 02:20:53 AM,0.67,2.67,74.4,-6.056,98.715,1069.350,-6.240
12040,01/21/26 02:30:53 AM,1.34,2.34,85.6,-6.048,99.153,1069.350,-6.174
12041,01/21/26 02:40:53 AM,0.33,2.00,77.2,-6.163,99.434,1069.350,-6.252
12042,01/21/26 02:50:53 AM,0.00,1.00,81.4,-6.155,99.713,1069.350,-6.207
12043,01/21/26 03:00:53 AM,0.33,1.34,80.0,-6.123,99.710,1069.350,-6.176
12044,01/21/26 03:10:53 AM,1.34,2.34,341.2,-6.319,99.963,1069.350,-6.339
12045,01/21/26 03:20:53 AM,1.00,1.67,344.0,-6.364,99.997,1069.350,-6.380
12046,01/21/26 03:30:53 AM,1.67,2.34,355.2,-6.533,99.997,1069.350,-6.549
12047,01/21/26 03:40:53 AM,1.00,2.34,22.5,-6.565,99.876,1069.350,-6.597
12048,01/21/26 03:50:53 AM,1.00,1.67,8.4,-6.552,99.631,1069.350,-6.616
12049,01/21/26 04:00:53 AM,0.67,1.34,346.8,-6.565,99.361,1069.350,-6.664
12050,01/21/26 04:10:53 AM,0.33,1.34,273.8,-6.678,99.025,1069.350,-6.821
12051,01/21/26 04:20:53 AM,0.33,1.34,219.0,-6.635,99.174,1069.350,-6.758
12052,01/21/26 04:30:53 AM,0.00,1.34,196.5,-6.624,99.237,1069.350,-6.739
12053,01/21/26 04:40:53 AM,1.00,2.34,352.4,-6.737,99.315,1069.350,-6.842
12054,01/21/26 04:50:53 AM,1.00,2.00,335.5,-6.831,99.101,1069.350,-6.964
12055,01/21/26 05:00:53 AM,0.67,2.00,318.7,-6.866,98.961,1069.350,-7.017
12056,01/21/26 05:10:53 AM,1.00,2.00,335.5,-6.938,98.979,1069.350,-7.087
12057,01/21/26 05:20:53 AM,1.00,1.67,311.7,-6.960,98.935,1069.350,-7.115
12058,01/21/26 05:30:53 AM,1.34,2.34,353.8,-6.860,99.205,1069.350,-6.980
12059,01/21/26 05:40:53 AM,1.00,2.34,19.7,-6.895,99.010,1069.350,-7.040
12060,01/21/26 05:50:53 AM,0.33,1.00,94.1,-6.909,98.830,1069.350,-7.078
12061,01/21/26 06:00:53 AM,0.67,2.00,102.5,-6.868,98.877,1069.350,-7.030
12062,01/21/26 06:10:53 AM,0.67,1.67,42.1,-6.898,98.964,1069.350,-7.049
12063,01/21/26 06:20:53 AM,0.67,2.67,40.7,-6.777,98.999,1069.350,-6.923
12064,01/21/26 06:30:53 AM,1.67,2.67,99.7,-6.898,98.866,1069.350,-7.062
12065,01/21/26 06:40:53 AM,1.00,2.00,80.0,-6.957,98.814,1069.350,-7.128
12066,01/21/26 06:50:53 AM,1.67,3.34,60.4,-7.011,98.891,1069.350,-7.172
12067,01/21/26 07:00:53 AM,2.00,3.01,49.1,-7.069,98.743,1069.350,-7.249
12068,01/21/26 07:10:53 AM,1.67,3.34,57.6,-7.069,98.877,1069.350,-7.232
12069,01/21/26 07:20:53 AM,2.00,3.34,74.4,-7.131,98.712,1069.350,-7.315
12070,01/21/26 07:30:53 AM,2.00,3.34,84.2,-7.145,98.758,1069.350,-7.323
12071,01/21/26 07:40:53 AM,2.34,4.01,75.8,-7.193,98.753,1069.350,-7.372
12072,01/21/26 07:50:53 AM,1.67,3.01,82.8,-7.370,98.575,1069.350,-7.572
12073,01/21/26 08:00:53 AM,1.67,3.01,98.3,-7.453,98.631,1069.350,-7.648
12074,01/21/26 08:10:53 AM,2.00,3.34,80.0,-7.327,98.709,1069.350,-7.512
12075,01/21/26 08:20:53 AM,2.00,3.67,82.8,-7.614,98.372,1069.350,-7.843
12076,01/21/26 08:30:53 AM,2.00,3.67,94.1,-7.691,98.518,1069.350,-7.901
12077,01/21/26 08:40:53 AM,2.34,3.34,50.5,-7.713,98.463,1069.350,-7.930
12078,01/21/26 08:50:53 AM,2.00,3.67,66.0,-7.667,98.526,1069.350,-7.876
12079,01/21/26 09:00:53 AM,1.67,2.67,66.0,-7.528,98.677,1069.350,-7.717
12080,01/21/26 09:10:53 AM,1.67,3.01,92.7,-7.509,98.616,1069.350,-7.706
12081,01/21/26 09:20:53 AM,2.00,3.34,96.9,-7.477,98.567,1069.350,-7.680
12082,01/21/26 09:30:53 AM,1.67,3.34,106.7,-7.582,98.543,1069.350,-7.788
12083,01/21/26 09:40:53 AM,2.00,3.01,110.9,-7.608,98.531,1069.350,-7.816
12084,01/21/26 09:50:53 AM,2.34,3.67,91.3,-7.630,98.447,1069.350,-7.849
12085,01/21/26 10:00:53 AM,2.34,3.34,98.3,-7.863,98.303,1069.350,-8.101
12086,01/21/26 10:10:53 AM,1.67,3.34,95.5,-7.922,98.280,1069.350,-8.163
12087,01/21/26 10:20:53 AM,1.67,3.34,56.2,-7.788,98.441,1069.350,-8.008
12088,01/21/26 10:30:53 AM,2.34,3.67,51.9,-7.633,98.428,1069.350,-7.854
12089,01/21/26 10:40:53 AM,2.00,3.01,53.3,-7.541,98.459,1069.350,-7.758
12090,01/21/26 10:50:53 AM,1.34,3.01,85.6,-7.351,98.578,1069.350,-7.553
12091,01/21/26 11:00:53 AM,2.00,3.34,66.0,-7.271,98.509,1069.350,-7.482
12092,01/21/26 11:10:53 AM,2.00,3.67,56.2,-7.273,98.479,1069.350,-7.488
12093,01/21/26 11:20:53 AM,2.00,3.34,82.8,-7.236,98.561,1069.350,-7.440
12094,01/21/26 11:30:53 AM,2.00,3.34,85.6,-7.236,98.566,1069.350,-7.439
12095,01/21/26 11:40:53 AM,2.34,3.01,81.4,-7.131,98.523,1069.350,-7.340
12096,01/21/26 11:50:53 AM,2.00,3.34,95.5,-7.322,98.352,1069.350,-7.553
12097,01/21/26 12:00:53 PM,1.67,3.01,94.1,-7.346,98.407,1069.350,-7.570
12098,01/21/26 12:10:53 PM,2.34,3.67,57.6,-7.413,98.015,1069.350,-7.689
12099,01/21/26 12:20:53 PM,2.00,4.01,67.4,-7.332,98.328,1069.350,-7.566
12100,01/21/26 12:30:53 PM,1.67,3.34,92.7,-7.209,98.225,1069.350,-7.457
12101,01/21/26 12:40:53 PM,1.34,2.67,63.2,-7.086,98.264,1069.350,-7.329
12102,01/21/26 12:50:53 PM,2.34,3.67,51.9,-7.246,98.022,1069.350,-7.521
12103,01/21/26 01:00:53 PM,1.34,3.34,74.4,-6.890,98.537,1069.350,-7.097
12104,01/21/26 01:10:53 PM,2.34,3.67,66.0,-6.622,98.369,1069.350,-6.851
12105,01/21/26 01:20:53 PM,2.34,4.01,108.1,-6.327,98.634,1069.350,-6.521
12106,01/21/26 01:30:53 PM,1.67,3.01,112.3,-6.394,98.671,1069.350,-6.583
12107,01/21/26 01:40:53 PM,2.00,3.67,74.4,-6.075,98.379,1069.350,-6.303
12108,01/21/26 01:50:53 PM,1.67,3.67,96.9,-5.533,98.602,1069.350,-5.732
12109,01/21/26 02:00:53 PM,1.67,3.67,89.9,-5.271,97.731,1069.350,-5.586
12110,01/21/26 02:10:53 PM,2.00,4.01,106.7,-5.372,97.600,1069.350,-5.705
12111,01/21/26 02:20:53 PM,2.00,3.67,119.3,-5.053,97.392,1069.350,-5.414
12112,01/21/26 02:30:53 PM,2.00,3.34,153.0,-4.882,97.337,1069.350,-5.251
12113,01/21/26 02:40:53 PM,1.34,3.01,109.5,-3.523,95.975,1069.350,-4.081
12114,01/21/26 02:50:53 PM,1.34,3.01,144.6,-3.496,95.445,1069.350,-4.128
12115,01/21/26 03:00:53 PM,1.00,2.67,140.4,-3.035,92.694,1069.350,-4.058
12116,01/21/26 03:10:53 PM,1.34,3.01,110.9,-2.024,80.520,1069.350,-4.928
12117,01/21/26 03:20:53 PM,1.34,2.34,101.1,-2.182,77.307,1069.350,-5.617
12118,01/21/26 03:30:53 PM,1.00,2.00,51.9,-1.890,75.746,1069.350,-5.601
12119,01/21/26 03:40:53 PM,0.67,1.67,77.2,-1.171,73.635,1069.350,-5.276
12120,01/21/26 03:50:53 PM,0.67,2.00,28.1,-0.624,71.809,1069.350,-5.079
12121,01/21/26 04:00:53 PM,1.00,2.34,124.9,-0.206,70.436,1069.350,-4.931
12122,01/21/26 04:10:53 PM,1.00,2.00,133.4,-0.099,70.529,1069.350,-4.810
12123,01/21/26 04:20:53 PM,1.34,2.34,148.8,-0.335,72.087,1069.350,-4.749
12124,01/21/26 04:30:53 PM,1.00,2.00,169.9,-0.394,72.686,1069.350,-4.697
12125,01/21/26 04:40:53 PM,0.67,1.67,162.9,-0.367,72.804,1069.350,-4.649
12126,01/21/26 04:50:53 PM,0.67,2.00,192.3,-0.338,72.882,1069.350,-4.607
12127,01/21/26 05:00:53 PM,1.00,2.00,162.9,-0.764,74.200,1069.350,-4.782
12128,01/21/26 05:10:53 PM,0.67,1.34,165.7,-0.445,73.631,1069.350,-4.575
12129,01/21/26 05:20:53 PM,0.33,1.34,144.6,0.102,71.930,1069.350,-4.356
12130,01/21/26 05:30:53 PM,0.00,1.00,140.4,0.944,69.267,1069.350,-4.047
12131,01/21/26 05:40:53 PM,0.00,1.00,133.4,1.180,68.441,1069.350,-3.980
12132,01/21/26 05:50:53 PM,0.00,1.00,133.4,0.319,71.092,1069.350,-4.303
12133,01/21/26 06:00:53 PM,1.67,3.01,300.4,-0.689,75.076,1069.350,-4.554
12134,01/21/26 06:10:53 PM,1.67,2.67,294.8,-1.171,77.899,1069.350,-4.533
12135,01/21/26 06:20:53 PM,1.34,2.34,292.0,-2.021,80.642,1069.350,-4.905
12136,01/21/26 06:30:53 PM,1.34,2.34,289.2,-2.796,84.195,1069.350,-5.095
12137,01/21/26 06:40:53 PM,1.34,2.00,283.6,-3.262,85.876,1069.350,-5.293
12138,01/21/26 06:50:53 PM,1.34,1.67,294.8,-4.029,88.304,1069.350,-5.683
12139,01/21/26 07:00:53 PM,1.00,1.34,273.8,-4.295,89.400,1069.350,-5.784
12140,01/21/26 07:10:53 PM,1.34,2.00,256.9,-4.651,90.816,1069.350,-5.931
12141,01/21/26 07:20:53 PM,1.34,2.34,259.7,-4.943,92.068,1069.350,-6.041
12142,01/21/26 07:30:53 PM,1.34,2.34,261.1,-5.059,92.764,1069.350,-6.058
12143,01/21/26 07:40:53 PM,1.00,2.34,282.2,-5.214,93.057,1069.350,-6.171
12144,01/21/26 07:50:53 PM,1.34,2.34,263.9,-5.742,94.455,1069.350,-6.501
12145,01/21/26 08:00:53 PM,1.34,2.00,255.5,-6.104,95.480,1069.350,-6.721
12146,01/21/26 08:10:53 PM,0.33,1.34,294.8,-5.976,95.766,1069.350,-6.555
12147,01/21/26 08:20:53 PM,1.00,2.34,285.0,-5.429,94.751,1069.350,-6.149
12148,01/21/26 08:30:53 PM,1.34,2.00,244.3,-6.190,94.545,1069.350,-6.935
12149,01/21/26 08:40:53 PM,1.00,2.00,271.0,-6.817,96.681,1069.350,-7.270
12150,01/21/26 08:50:53 PM,0.67,1.34,320.1,-6.665,96.985,1069.350,-7.078
12151,01/21/26 09:00:53 PM,0.33,1.00,336.9,-6.565,95.328,1069.350,-7.201
12152,01/21/26 09:10:53 PM,0.33,1.00,328.5,-6.831,96.312,1069.350,-7.334
12153,01/21/26 09:20:53 PM,0.00,0.67,321.5,-6.876,95.933,1069.350,-7.430
12154,01/21/26 09:30:53 PM,0.33,1.00,338.3,-6.943,95.547,1069.350,-7.548
12155,01/21/26 09:40:53 PM,0.33,1.00,355.2,-6.930,94.792,1069.350,-7.638
12156,01/21/26 09:50:53 PM,0.00,0.00,4.2,-7.139,95.650,1069.350,-7.730
12157,01/21/26 10:00:53 PM,0.00,0.00,15.4,-7.086,95.961,1069.350,-7.635
12158,01/21/26 10:10:53 PM,0.00,0.00,23.9,-7.196,95.750,1069.350,-7.773
12159,01/21/26 10:20:53 PM,0.00,0.00,23.9,-7.528,96.626,1069.350,-7.987
12160,01/21/26 10:30:53 PM,0.00,0.00,23.9,-7.616,96.690,1069.350,-8.066
12161,01/21/26 10:40:53 PM,1.00,1.67,11.2,-8.024,97.383,1069.350,-8.382
12162,01/21/26 10:50:53 PM,1.00,1.67,14.0,-7.989,98.517,1069.350,-8.199
12163,01/21/26 11:00:53 PM,0.00,0.00,15.4,-8.177,98.285,1069.350,-8.417
12164,01/21/26 11:10:53 PM,0.00,0.00,15.4,-8.710,98.726,1069.350,-8.893
12165,01/21/26 11:20:53 PM,0.00,0.00,15.4,-8.405,99.792,1069.350,-8.450
12166,01/21/26 11:30:53 PM,0.00,0.00,15.4,-8.335,99.232,1069.350,-8.452
12167,01/21/26 11:40:53 PM,0.00,0.00,15.4,-8.431,99.480,1069.350,-8.516
12168,01/21/26 11:50:53 PM,0.00,0.00,15.4,-8.978,98.196,1069.350,-9.229
12169,01/22/26 12:00:53 AM,0.00,0.00,15.4,-8.799,99.811,1069.350,-8.842
12170,01/22/26 12:10:53 AM,0.00,0.00,15.4,-8.536,99.638,1069.350,-8.601
12171,01/22/26 12:20:53 AM,0.00,0.00,15.4,-8.673,99.274,1069.350,-8.785
12172,01/22/26 12:30:53 AM,0.00,0.00,15.4,-8.876,99.551,1069.350,-8.953
12173,01/22/26 12:40:53 AM,0.00,0.00,15.4,-8.611,99.437,1069.350,-8.702
12174,01/22/26 12:50:53 AM,0.00,0.00,15.4,-9.086,98.309,1069.350,-9.322
12175,01/22/26 01:00:53 AM,0.00,0.00,12.6,-9.378,98.605,1069.350,-9.576
12176,01/22/26 01:10:53 AM,0.33,1.34,355.2,-9.614,97.919,1069.350,-9.901
12177,01/22/26 01:20:53 AM,0.67,1.34,346.8,-9.834,98.091,1069.350,-10.098
12178,01/22/26 01:30:53 AM,1.00,1.34,322.9,-9.850,97.920,1069.350,-10.136
12179,01/22/26 01:40:53 AM,1.00,1.34,322.9,-10.086,96.884,1069.350,-10.506
12180,01/22/26 01:50:53 AM,1.00,1.34,296.2,-10.783,95.773,1069.350,-11.346
12181,01/22/26 02:00:53 AM,1.00,1.34,296.2,-11.072,96.841,1069.350,-11.496
12182,01/22/26 02:10:53 AM,0.33,1.00,301.8,-10.072,97.684,1069.350,-10.388
12183,01/22/26 02:20:53 AM,0.00,0.00,301.8,-10.413,95.341,1069.350,-11.033
12184,01/22/26 02:30:53 AM,1.00,1.34,280.8,-11.367,95.085,1069.350,-12.017
12185,01/22/26 02:40:53 AM,1.34,1.67,283.6,-11.734,95.827,1069.350,-12.287
12186,01/22/26 02:50:53 AM,1.00,1.34,296.2,-10.962,97.385,1069.350,-11.316
12187,01/22/26 03:00:53 AM,1.00,1.34,320.1,-10.692,96.855,1069.350,-11.115
12188,01/22/26 03:10:53 AM,1.00,1.34,315.9,-10.651,96.249,1069.350,-11.152
12189,01/22/26 03:20:53 AM,1.00,1.67,278.0,-10.643,96.114,1069.350,-11.162
12190,01/22/26 03:30:53 AM,1.34,1.67,271.0,-11.070,95.645,1069.350,-11.648
12191,01/22/26 03:40:53 AM,1.00,1.67,300.4,-10.571,96.765,1069.350,-11.005
12192,01/22/26 03:50:53 AM,1.00,1.34,310.3,-10.279,96.262,1069.350,-10.779
12193,01/22/26 04:00:53 AM,0.67,1.34,308.9,-10.472,95.558,1069.350,-11.064
12194,01/22/26 04:10:53 AM,0.00,0.67,308.9,-10.654,95.402,1069.350,-11.266
12195,01/22/26 04:20:53 AM,0.67,1.67,279.4,-10.619,95.604,1069.350,-11.204
12196,01/22/26 04:30:53 AM,1.00,1.67,280.8,-11.381,95.021,1069.350,-12.040
12197,01/22/26 04:40:53 AM,1.34,2.00,301.8,-10.997,95.898,1069.350,-11.543
12198,01/22/26 04:50:53 AM,1.34,1.67,294.8,-10.793,94.963,1069.350,-11.462
12199,01/22/26 05:00:53 AM,1.34,2.00,293.4,-10.823,94.905,1069.350,-11.499
12200,01/22/26 05:10:53 AM,1.67,2.67,292.0,-10.740,95.019,1069.350,-11.401
12201,01/22/26 05:20:53 AM,2.00,3.01,299.0,-10.456,94.746,1069.350,-11.155
12202,01/22/26 05:30:53 AM,1.34,2.00,265.3,-10.877,93.683,1069.350,-11.714
12203,01/22/26 05:40:53 AM,1.34,1.67,276.6,-11.592,95.024,1069.350,-12.249
12204,01/22/26 05:50:53 AM,1.00,1.67,310.3,-11.139,96.027,1069.350,-11.668
12205,01/22/26 06:00:53 AM,1.67,2.67,306.1,-10.233,95.895,1069.350,-10.781
12206,01/22/26 06:10:53 AM,1.34,2.00,273.8,-9.482,94.919,1069.350,-10.162
12207,01/22/26 06:20:53 AM,1.00,1.67,248.5,-10.037,94.600,1069.350,-10.757
12208,01/22/26 06:30:53 AM,1.00,1.67,241.5,-10.812,95.332,1069.350,-11.432
12209,01/22/26 06:40:53 AM,1.00,1.34,279.4,-10.965,96.152,1069.350,-11.478
12210,01/22/26 06:50:53 AM,1.00,1.67,297.6,-10.557,95.746,1069.350,-11.124
12211,01/22/26 07:00:53 AM,0.33,1.67,342.6,-10.563,94.397,1069.350,-11.307
12212,01/22/26 07:10:53 AM,0.00,0.67,342.6,-11.391,94.536,1069.350,-12.113
12213,01/22/26 07:20:53 AM,0.00,0.00,342.6,-11.458,94.955,1069.350,-12.125
12214,01/22/26 07:30:53 AM,0.00,0.00,342.6,-11.681,96.426,1069.350,-12.157
12215,01/22/26 07:40:53 AM,0.00,0.00,342.6,-11.531,96.805,1069.350,-11.958
12216,01/22/26 07:50:53 AM,0.00,0.00,342.6,-11.281,96.783,1069.350,-11.712
12217,01/22/26 08:00:53 AM,0.00,0.00,342.6,-10.994,97.372,1069.350,-11.350
12218,01/22/26 08:10:53 AM,0.00,0.00,342.6,-11.040,96.150,1069.350,-11.553
12219,01/22/26 08:20:53 AM,0.67,1.34,334.1,-11.456,93.953,1069.350,-12.254
12220,01/22/26 08:30:53 AM,1.00,1.34,335.5,-11.960,93.419,1069.350,-12.826
12221,01/22/26 08:40:53 AM,0.33,1.00,157.2,-11.909,95.119,1069.350,-12.553
12222,01/22/26 08:50:53 AM,0.33,1.00,148.8,-11.997,95.319,1069.350,-12.614
12223,01/22/26 09:00:53 AM,0.00,0.67,30.9,-12.188,95.444,1069.350,-12.789
12224,01/22/26 09:10:53 AM,0.00,0.00,30.9,-12.509,95.157,1069.350,-13.146
12225,01/22/26 09:20:53 AM,0.00,0.00,30.9,-12.035,94.569,1069.350,-12.750
12226,01/22/26 09:30:53 AM,0.00,0.00,30.9,-11.568,92.033,1069.350,-12.621
12227,01/22/26 09:40:53 AM,0.00,0.00,30.9,-10.544,90.935,1069.350,-11.754
12228,01/22/26 09:50:53 AM,0.00,0.00,30.9,-9.852,89.746,1069.350,-11.233
12229,01/22/26 10:00:53 AM,0.00,0.00,30.9,-9.710,90.861,1069.350,-10.937
12230,01/22/26 10:10:53 AM,0.00,0.00,30.9,-9.512,91.554,1069.350,-10.646
12231,01/22/26 10:20:53 AM,0.00,0.00,30.9,-9.354,92.557,1069.350,-10.352
12232,01/22/26 10:30:53 AM,0.00,0.00,60.4,-9.335,93.803,1069.350,-10.165
12233,01/22/26 10:40:53 AM,0.00,0.00,87.0,-9.174,94.336,1069.350,-9.933
12234,01/22/26 10:50:53 AM,0.67,2.00,73.0,-8.742,94.748,1069.350,-9.448
12235,01/22/26 11:00:53 AM,1.67,2.34,64.6,-8.375,95.659,1069.350,-8.960
12236,01/22/26 11:10:53 AM,1.34,2.67,71.6,-7.949,96.913,1069.350,-8.369
12237,01/22/26 11:20:53 AM,2.00,3.01,66.0,-7.635,98.056,1069.350,-7.905
12238,01/22/26 11:30:53 AM,2.00,3.34,71.6,-7.407,97.699,1069.350,-7.724
12239,01/22/26 11:40:53 AM,2.00,3.34,70.2,-7.196,97.501,1069.350,-7.540
12240,01/22/26 11:50:53 AM,2.00,3.01,73.0,-7.241,97.813,1069.350,-7.543
12241,01/22/26 12:00:53 PM,1.67,3.67,67.4,-7.206,98.111,1069.350,-7.469
12242,01/22/26 12:10:53 PM,1.67,3.67,88.4,-6.960,98.251,1069.350,-7.205
12243,01/22/26 12:20:53 PM,1.67,3.34,84.2,-6.943,97.946,1069.350,-7.228
12244,01/22/26 12:30:53 PM,1.67,3.34,91.3,-6.777,97.891,1069.350,-7.069
12245,01/22/26 12:40:53 PM,1.67,3.34,91.3,-6.823,97.934,1069.350,-7.110
12246,01/22/26 12:50:53 PM,2.00,3.01,99.7,-6.769,97.813,1069.350,-7.072
12247,01/22/26 01:00:53 PM,1.67,3.01,91.3,-6.662,98.045,1069.350,-6.934
12248,01/22/26 01:10:53 PM,1.67,3.34,80.0,-6.579,97.960,1069.350,-6.862
12249,01/22/26 01:20:53 PM,1.67,3.01,105.3,-6.330,98.074,1069.350,-6.598
12250,01/22/26 01:30:53 PM,1.67,3.01,101.1,-6.297,98.219,1069.350,-6.546
12251,01/22/26 01:40:53 PM,2.00,3.01,98.3,-6.386,98.145,1069.350,-6.645
12252,01/22/26 01:50:53 PM,1.67,3.01,60.4,-6.147,97.836,1069.350,-6.447
12253,01/22/26 02:00:53 PM,1.67,3.34,66.0,-6.000,98.470,1069.350,-6.216
12254,01/22/26 02:10:53 PM,2.00,3.34,70.2,-5.903,97.943,1069.350,-6.189
12255,01/22/26 02:20:53 PM,2.00,3.34,73.0,-5.882,98.050,1069.350,-6.154
12256,01/22/26 02:30:53 PM,2.00,3.34,116.5,-5.673,98.358,1069.350,-5.904
12257,01/22/26 02:40:53 PM,2.00,3.67,113.7,-5.515,98.466,1069.350,-5.732
12258,01/22/26 02:50:53 PM,2.00,3.01,88.4,-5.257,98.262,1069.350,-5.501
12259,01/22/26 03:00:53 PM,2.67,4.01,91.3,-5.163,97.987,1069.350,-5.444
12260,01/22/26 03:10:53 PM,2.00,3.34,123.5,-5.128,97.586,1069.350,-5.463
12261,01/22/26 03:20:53 PM,2.00,3.67,109.5,-4.745,96.555,1069.350,-5.220
12262,01/22/26 03:30:53 PM,2.00,3.67,87.0,-4.689,93.954,1069.350,-5.523
12263,01/22/26 03:40:53 PM,1.67,2.67,70.2,-4.777,93.935,1069.350,-5.614
12264,01/22/26 03:50:53 PM,2.00,3.67,35.1,-5.118,94.351,1069.350,-5.895
12265,01/22/26 04:00:53 PM,1.34,2.67,50.5,-5.083,95.200,1069.350,-5.743
12266,01/22/26 04:10:53 PM,1.00,2.00,66.0,-4.700,94.812,1069.350,-5.415
12267,01/22/26 04:20:53 PM,0.67,2.00,75.8,-4.753,94.531,1069.350,-5.507
12268,01/22/26 04:30:53 PM,0.67,2.00,44.9,-4.858,94.977,1069.350,-5.549
12269,01/22/26 04:40:53 PM,0.67,2.00,92.7,-4.630,94.142,1069.350,-5.438
12270,01/22/26 04:50:53 PM,0.67,2.34,60.4,-4.587,93.797,1069.350,-5.444
12271,01/22/26 05:00:53 PM,1.00,2.34,50.5,-4.678,94.228,1069.350,-5.474
12272,01/22/26 05:10:53 PM,1.00,2.00,51.9,-4.606,94.154,1069.350,-5.413
12273,01/22/26 05:20:53 PM,1.34,2.34,22.5,-4.839,94.800,1069.350,-5.555
12274,01/22/26 05:30:53 PM,1.00,2.00,22.5,-4.938,95.445,1069.350,-5.564
12275,01/22/26 05:40:53 PM,1.00,2.34,40.7,-5.150,95.811,1069.350,-5.726
12276,01/22/26 05:50:53 PM,0.00,1.00,127.8,-5.321,95.972,1069.350,-5.874
12277,01/22/26 06:00:53 PM,0.33,1.34,207.8,-5.332,95.950,1069.350,-5.888
12278,01/22/26 06:10:53 PM,0.33,1.34,219.0,-5.289,95.868,1069.350,-5.856
12279,01/22/26 06:20:53 PM,0.00,0.33,66.0,-5.332,96.184,1069.350,-5.856
12280,01/22/26 06:30:53 PM,0.33,1.34,42.1,-5.458,96.587,1069.350,-5.927
12281,01/22/26 06:40:53 PM,0.00,1.00,36.5,-5.445,96.698,1069.350,-5.899
12282,01/22/26 06:50:53 PM,0.33,1.34,11.2,-5.587,96.941,1069.350,-6.008
12283,01/22/26 07:00:53 PM,0.33,1.34,318.7,-5.756,97.281,1069.350,-6.131
12284,01/22/26 07:10:53 PM,0.33,1.34,324.3,-5.836,97.790,1069.350,-6.143
12285,01/22/26 07:20:53 PM,0.67,1.34,334.1,-5.933,98.149,1069.350,-6.192
12286,01/22/26 07:30:53 PM,0.67,1.67,5.6,-6.056,98.769,1069.350,-6.232
12287,01/22/26 07:40:53 PM,1.00,1.67,12.6,-6.153,99.379,1069.350,-6.249
12288,01/22/26 07:50:53 PM,1.34,2.00,9.8,-6.201,99.576,1069.350,-6.271
12289,01/22/26 08:00:53 PM,1.00,1.67,12.6,-6.201,99.828,1069.350,-6.238
12290,01/22/26 08:10:53 PM,0.67,1.67,1.4,-6.061,99.500,1069.350,-6.141
12291,01/22/26 08:20:53 PM,0.67,1.34,355.2,-6.016,99.400,1069.350,-6.109
12292,01/22/26 08:30:53 PM,0.67,1.34,341.2,-6.016,99.387,1069.350,-6.111
12293,01/22/26 08:40:53 PM,0.33,1.00,349.6,-5.997,99.384,1069.350,-6.092
12294,01/22/26 08:50:53 PM,0.33,1.34,355.2,-5.938,99.364,1069.350,-6.036
12295,01/22/26 09:00:53 PM,0.67,1.34,8.4,-5.890,99.344,1069.350,-5.991
12296,01/22/26 09:10:53 PM,0.67,1.34,25.3,-5.887,99.438,1069.350,-5.975
12297,01/22/26 09:20:53 PM,1.00,2.00,348.2,-5.922,99.702,1069.350,-5.976
12298,01/22/26 09:30:53 PM,0.67,1.67,320.1,-5.874,99.869,1069.350,-5.906
12299,01/22/26 09:40:53 PM,1.34,2.00,355.2,-5.952,99.841,1069.350,-5.987
12300,01/22/26 09:50:53 PM,1.34,2.00,8.4,-6.083,99.997,1069.350,-6.098
12301,01/22/26 10:00:53 PM,1.34,2.00,14.0,-6.158,99.997,1069.350,-6.173
12302,01/22/26 10:10:53 PM,1.00,2.00,345.4,-6.139,99.997,1069.350,-6.154
12303,01/22/26 10:20:53 PM,1.34,2.34,320.1,-6.201,99.997,1069.350,-6.216
12304,01/22/26 10:30:53 PM,1.67,2.67,314.5,-6.330,99.997,1069.350,-6.346
12305,01/22/26 10:40:53 PM,1.34,2.00,292.0,-6.367,99.997,1069.350,-6.383
12306,01/22/26 10:50:53 PM,1.34,2.00,275.2,-6.383,99.928,1069.350,-6.408
12307,01/22/26 11:00:53 PM,1.67,2.67,273.8,-6.437,99.782,1069.350,-6.481
12308,01/22/26 11:10:53 PM,1.67,2.67,268.1,-6.509,99.773,1069.350,-6.554
12309,01/22/26 11:20:53 PM,1.34,2.00,273.8,-6.563,99.716,1069.350,-6.616
12310,01/22/26 11:30:53 PM,1.34,2.34,287.8,-6.576,99.654,1069.350,-6.637
12311,01/22/26 11:40:53 PM,1.34,2.00,303.2,-6.592,99.596,1069.350,-6.660
12312,01/22/26 11:50:53 PM,0.67,1.67,313.1,-6.547,99.654,1069.350,-6.608
12313,01/23/26 12:00:53 AM,0.67,1.67,286.4,-6.555,99.600,1069.350,-6.623
12314,01/23/26 12:10:53 AM,0.67,1.34,266.7,-6.490,99.585,1069.350,-6.560
12315,01/23/26 12:20:53 AM,0.33,1.34,216.2,-6.584,99.521,1069.350,-6.662
12316,01/23/26 12:30:53 AM,0.67,1.67,202.2,-6.624,99.510,1069.350,-6.703
12317,01/23/26 12:40:53 AM,0.67,1.34,216.2,-6.718,99.443,1069.350,-6.806
12318,01/23/26 12:50:53 AM,0.00,0.33,219.0,-6.737,99.390,1069.350,-6.832
12319,01/23/26 01:00:53 AM,0.67,1.34,245.7,-6.807,99.345,1069.350,-6.908
12320,01/23/26 01:10:53 AM,0.33,1.00,256.9,-6.839,99.345,1069.350,-6.940
12321,01/23/26 01:20:53 AM,0.00,0.00,256.9,-6.804,99.356,1069.350,-6.904
12322,01/23/26 01:30:53 AM,0.00,0.00,256.9,-6.767,99.355,1069.350,-6.867
12323,01/23/26 01:40:53 AM,0.00,0.00,255.5,-6.700,99.400,1069.350,-6.794
12324,01/23/26 01:50:53 AM,1.00,2.00,280.8,-6.791,99.364,1069.350,-6.890
12325,01/23/26 02:00:53 AM,0.33,1.34,307.5,-6.780,99.428,1069.350,-6.870
12326,01/23/26 02:10:53 AM,0.00,0.00,307.5,-6.708,99.403,1069.350,-6.802
12327,01/23/26 02:20:53 AM,0.00,0.00,304.7,-6.686,99.417,1069.350,-6.778
12328,01/23/26 02:30:53 AM,0.67,1.34,224.6,-6.691,99.376,1069.350,-6.788
12329,01/23/26 02:40:53 AM,1.00,1.34,181.1,-6.710,99.387,1069.350,-6.806
12330,01/23/26 02:50:53 AM,0.33,1.00,165.7,-6.700,99.399,1069.350,-6.794
12331,01/23/26 03:00:53 AM,0.00,1.34,165.7,-6.691,99.409,1069.350,-6.784
12332,01/23/26 03:10:53 AM,0.00,0.00,165.7,-6.683,99.409,1069.350,-6.776
12333,01/23/26 03:20:53 AM,0.00,0.00,165.7,-6.675,99.419,1069.350,-6.766
12334,01/23/26 03:30:53 AM,0.00,0.00,165.7,-6.657,99.432,1069.350,-6.747
12335,01/23/26 03:40:53 AM,0.33,1.34,174.1,-6.598,99.503,1069.350,-6.678
12336,01/23/26 03:50:53 AM,0.33,1.34,258.3,-6.541,99.518,1069.350,-6.619
12337,01/23/26 04:00:53 AM,0.00,0.67,258.3,-6.582,99.500,1069.350,-6.663
12338,01/23/26 04:10:53 AM,0.00,0.00,258.3,-6.582,99.504,1069.350,-6.662
12339,01/23/26 04:20:53 AM,0.00,0.00,258.3,-6.555,99.528,1069.350,-6.632
12340,01/23/26 04:30:53 AM,0.00,0.00,258.3,-6.523,99.544,1069.350,-6.598
12341,01/23/26 04:40:53 AM,0.00,0.00,258.3,-6.472,99.583,1069.350,-6.542
12342,01/23/26 04:50:53 AM,0.00,0.00,258.3,-6.450,99.585,1069.350,-6.519
12343,01/23/26 05:00:53 AM,0.00,0.00,258.3,-6.437,99.628,1069.350,-6.501
12344,01/23/26 05:10:53 AM,0.00,0.00,212.0,-6.399,99.730,1069.350,-6.449
12345,01/23/26 05:20:53 AM,0.00,0.00,178.3,-6.372,99.681,1069.350,-6.429
12346,01/23/26 05:30:53 AM,0.00,0.00,178.3,-6.378,99.660,1069.350,-6.438
12347,01/23/26 05:40:53 AM,0.00,0.00,178.3,-6.319,99.725,1069.350,-6.370
12348,01/23/26 05:50:53 AM,0.67,1.67,106.7,-6.271,99.747,1069.350,-6.319
12349,01/23/26 06:00:53 AM,0.00,1.00,80.0,-6.292,99.718,1069.350,-6.344
12350,01/23/26 06:10:53 AM,0.00,0.00,81.4,-6.273,99.687,1069.350,-6.329
12351,01/23/26 06:20:53 AM,0.00,1.00,81.4,-6.297,99.553,1069.350,-6.371
12352,01/23/26 06:30:53 AM,0.33,1.00,81.4,-6.295,99.544,1069.350,-6.370
12353,01/23/26 06:40:53 AM,0.33,1.00,81.4,-6.287,99.551,1069.350,-6.361
12354,01/23/26 06:50:53 AM,0.00,0.67,82.8,-6.279,99.559,1069.350,-6.352
12355,01/23/26 07:00:53 AM,0.00,1.00,82.8,-6.265,99.582,1069.350,-6.335
12356,01/23/26 07:10:53 AM,0.00,0.00,82.8,-6.276,99.626,1069.350,-6.340
12357,01/23/26 07:20:53 AM,0.00,0.00,115.1,-6.254,99.655,1069.350,-6.314
12358,01/23/26 07:30:53 AM,0.00,0.00,116.5,-6.230,99.695,1069.350,-6.285
12359,01/23/26 07:40:53 AM,0.00,0.00,117.9,-6.214,99.675,1069.350,-6.271
12360,01/23/26 07:50:53 AM,0.00,0.00,119.3,-6.222,99.623,1069.350,-6.286
12361,01/23/26 08:00:53 AM,0.00,0.00,119.3,-6.201,99.599,1069.350,-6.268
12362,01/23/26 08:10:53 AM,0.00,0.00,119.3,-6.214,99.606,1069.350,-6.280
12363,01/23/26 08:20:53 AM,0.00,0.00,119.3,-6.222,99.690,1069.350,-6.277
12364,01/23/26 08:30:53 AM,0.00,0.00,119.3,-6.220,99.600,1069.350,-6.287
12365,01/23/26 08:40:53 AM,0.00,0.00,119.3,-6.187,99.689,1069.350,-6.243
12366,01/23/26 08:50:53 AM,0.00,0.00,119.3,-6.147,99.716,1069.350,-6.199
12367,01/23/26 09:00:53 AM,0.00,0.00,119.3,-6.107,99.753,1069.350,-6.154
12368,01/23/26 09:10:53 AM,0.00,0.00,120.7,-6.080,99.738,1069.350,-6.129
12369,01/23/26 09:20:53 AM,0.00,0.00,120.7,-6.086,99.706,1069.350,-6.139
12370,01/23/26 09:30:53 AM,0.00,0.00,120.7,-6.043,99.667,1069.350,-6.101
12371,01/23/26 09:40:53 AM,0.00,0.00,120.7,-6.035,99.768,1069.350,-6.080
12372,01/23/26 09:50:53 AM,0.33,1.34,151.6,-5.970,99.799,1069.350,-6.011
12373,01/23/26 10:00:53 AM,0.67,1.34,179.7,-5.919,99.767,1069.350,-5.964
12374,01/23/26 10:10:53 AM,0.33,1.34,185.3,-5.927,99.789,1069.350,-5.969
12375,01/23/26 10:20:53 AM,0.00,1.00,183.9,-5.860,99.757,1069.350,-5.906
12376,01/23/26 10:30:53 AM,0.00,0.67,179.7,-5.783,99.805,1069.350,-5.823
12377,01/23/26 10:40:53 AM,0.00,0.00,179.7,-5.654,99.457,1069.350,-5.739
12378,01/23/26 10:50:53 AM,0.00,0.00,179.7,-5.681,98.987,1069.350,-5.829
12379,01/23/26 11:00:53 AM,0.67,1.67,95.5,-5.539,98.698,1069.350,-5.725
12380,01/23/26 11:10:53 AM,1.00,2.00,53.3,-5.622,97.906,1069.350,-5.913
12381,01/23/26 11:20:53 AM,1.67,2.34,50.5,-5.606,97.954,1069.350,-5.891
12382,01/23/26 11:30:53 AM,1.34,2.00,49.1,-5.563,97.620,1069.350,-5.893
12383,01/23/26 11:40:53 AM,1.67,2.67,36.5,-5.531,96.730,1069.350,-5.981
12384,01/23/26 11:50:53 AM,0.67,1.67,25.3,-5.525,96.561,1069.350,-5.997
12385,01/23/26 12:00:53 PM,0.00,0.00,88.4,-5.324,96.258,1069.350,-5.838
12386,01/23/26 12:10:53 PM,0.00,0.00,136.2,-5.206,94.829,1069.350,-5.916
12387,01/23/26 12:20:53 PM,0.00,1.34,134.8,-5.171,95.114,1069.350,-5.842
12388,01/23/26 12:30:53 PM,0.67,2.00,127.8,-5.035,94.592,1069.350,-5.779
12389,01/23/26 12:40:53 PM,0.67,2.00,119.3,-4.799,93.690,1069.350,-5.670
12390,01/23/26 12:50:53 PM,1.00,2.00,115.1,-4.745,92.660,1069.350,-5.761
12391,01/23/26 01:00:53 PM,1.00,1.67,141.8,-4.734,92.688,1069.350,-5.746
12392,01/23/26 01:10:53 PM,0.33,1.67,186.7,-4.590,92.253,1069.350,-5.665
12393,01/23/26 01:20:53 PM,1.00,2.00,43.5,-4.394,91.122,1069.350,-5.632
12394,01/23/26 01:30:53 PM,0.67,2.34,36.5,-4.324,90.869,1069.350,-5.599
12395,01/23/26 01:40:53 PM,1.00,2.67,61.8,-4.338,90.506,1069.350,-5.666
12396,01/23/26 01:50:53 PM,0.67,1.67,25.3,-4.281,90.301,1069.350,-5.639
12397,01/23/26 02:00:53 PM,0.67,2.00,37.9,-3.941,88.676,1069.350,-5.541
12398,01/23/26 02:10:53 PM,1.34,2.34,355.2,-4.222,89.737,1069.350,-5.663
12399,01/23/26 02:20:53 PM,1.34,2.67,355.2,-4.198,89.587,1069.350,-5.661
12400,01/23/26 02:30:53 PM,1.00,2.00,33.7,-3.860,87.845,1069.350,-5.585
12401,01/23/26 02:40:53 PM,1.00,2.00,78.6,-3.488,86.444,1069.350,-5.429
12402,01/23/26 02:50:53 PM,1.00,2.00,123.5,-3.783,86.564,1069.350,-5.701
12403,01/23/26 03:00:53 PM,1.00,2.34,151.6,-3.836,86.346,1069.350,-5.787
12404,01/23/26 03:10:53 PM,0.67,2.00,348.2,-3.638,85.814,1069.350,-5.673
12405,01/23/26 03:20:53 PM,0.67,2.00,50.5,-3.086,84.071,1069.350,-5.399
12406,01/23/26 03:30:53 PM,1.34,2.67,61.8,-3.262,83.955,1069.350,-5.590
12407,01/23/26 03:40:53 PM,0.33,1.34,134.8,-3.340,84.228,1069.350,-5.624
12408,01/23/26 03:50:53 PM,1.00,1.67,196.5,-3.104,83.626,1069.350,-5.487
12409,01/23/26 04:00:53 PM,1.00,2.34,202.2,-2.815,82.280,1069.350,-5.417
12410,01/23/26 04:10:53 PM,1.00,2.00,196.5,-2.555,80.824,1069.350,-5.397
12411,01/23/26 04:20:53 PM,1.00,2.34,175.5,-1.742,77.803,1069.350,-5.105
12412,01/23/26 04:30:53 PM,1.00,2.34,207.8,-2.375,80.154,1069.350,-5.330
12413,01/23/26 04:40:53 PM,0.67,2.00,206.4,-2.324,80.208,1069.350,-5.272
12414,01/23/26 04:50:53 PM,0.67,2.67,193.7,-2.724,81.378,1069.350,-5.472
12415,01/23/26 05:00:53 PM,0.33,1.34,182.5,-2.662,81.781,1069.350,-5.347
12416,01/23/26 05:10:53 PM,1.34,3.67,209.2,-2.785,82.596,1069.350,-5.337
12417,01/23/26 05:20:53 PM,2.34,4.68,216.2,-3.375,85.626,1069.350,-5.443
12418,01/23/26 05:30:53 PM,2.00,3.34,255.5,-3.582,86.413,1069.350,-5.526
12419,01/23/26 05:40:53 PM,1.67,2.67,272.4,-3.815,87.243,1069.350,-5.630
12420,01/23/26 05:50:53 PM,1.34,2.34,272.4,-3.911,87.465,1069.350,-5.692
12421,01/23/26 06:00:53 PM,1.67,2.34,276.6,-3.994,87.962,1069.350,-5.699
12422,01/23/26 06:10:53 PM,2.00,3.34,272.4,-4.072,88.498,1069.350,-5.697
12423,01/23/26 06:20:53 PM,2.00,3.01,278.0,-4.217,89.000,1069.350,-5.766
12424,01/23/26 06:30:53 PM,1.67,2.67,265.3,-4.402,89.931,1069.350,-5.813
12425,01/23/26 06:40:53 PM,2.00,3.34,265.3,-4.469,90.369,1069.350,-5.815
12426,01/23/26 06:50:53 PM,2.67,3.67,266.7,-4.708,91.080,1069.350,-5.949
12427,01/23/26 07:00:53 PM,2.00,3.34,268.1,-4.809,91.745,1069.350,-5.954
12428,01/23/26 07:10:53 PM,2.00,3.34,266.7,-4.962,92.726,1069.350,-5.967
12429,01/23/26 07:20:53 PM,2.34,3.67,252.7,-5.032,93.190,1069.350,-5.971
12430,01/23/26 07:30:53 PM,2.00,3.34,241.5,-5.147,93.866,1069.350,-5.991
12431,01/23/26 07:40:53 PM,2.34,3.34,258.3,-5.289,94.136,1069.350,-6.095
12432,01/23/26 07:50:53 PM,3.01,3.67,265.3,-5.348,94.507,1069.350,-6.102
12433,01/23/26 08:00:53 PM,2.34,3.67,266.7,-5.383,94.752,1069.350,-6.103
12434,01/23/26 08:10:53 PM,2.00,3.01,241.5,-5.410,94.916,1069.350,-6.107
12435,01/23/26 08:20:53 PM,2.00,3.01,252.7,-5.477,95.117,1069.350,-6.146
12436,01/23/26 08:30:53 PM,1.67,2.67,263.9,-5.501,95.373,1069.350,-6.135
12437,01/23/26 08:40:53 PM,1.34,2.67,258.3,-5.528,95.552,1069.350,-6.138
12438,01/23/26 08:50:53 PM,1.67,2.67,244.3,-5.565,95.866,1069.350,-6.132
12439,01/23/26 09:00:53 PM,1.34,2.34,249.9,-5.547,95.866,1069.350,-6.114
12440,01/23/26 09:10:53 PM,1.34,2.34,269.6,-5.472,95.583,1069.350,-6.078
12441,01/23/26 09:20:53 PM,1.34,2.00,252.7,-5.482,95.497,1069.350,-6.099
12442,01/23/26 09:30:53 PM,1.00,1.67,238.7,-5.480,95.671,1069.350,-6.074
12443,01/23/26 09:40:53 PM,1.00,2.00,244.3,-5.493,95.715,1069.350,-6.081
12444,01/23/26 09:50:53 PM,1.00,1.67,278.0,-5.525,95.303,1069.350,-6.169
12445,01/23/26 10:00:53 PM,0.33,1.00,282.2,-5.515,95.196,1069.350,-6.174
12446,01/23/26 10:10:53 PM,0.33,1.34,241.5,-5.498,95.137,1069.350,-6.165
12447,01/23/26 10:20:53 PM,0.00,0.00,231.6,-5.447,94.989,1069.350,-6.134
12448,01/23/26 10:30:53 PM,0.00,0.00,231.6,-5.418,95.010,1069.350,-6.102
12449,01/23/26 10:40:53 PM,0.00,0.00,231.6,-5.372,95.048,1069.350,-6.051
12450,01/23/26 10:50:53 PM,0.00,0.00,231.6,-5.394,95.196,1069.350,-6.053
12451,01/23/26 11:00:53 PM,0.00,0.00,231.6,-5.407,95.047,1069.350,-6.086
12452,01/23/26 11:10:53 PM,0.00,0.00,228.8,-5.397,95.265,1069.350,-6.046
12453,01/23/26 11:20:53 PM,0.67,1.34,228.8,-5.423,95.425,1069.350,-6.050
12454,01/23/26 11:30:53 PM,0.00,0.33,230.2,-5.439,95.319,1069.350,-6.081
12455,01/23/26 11:40:53 PM,0.00,0.33,230.2,-5.493,95.151,1069.350,-6.158
12456,01/23/26 11:50:53 PM,0.00,1.67,223.2,-5.469,95.312,1069.350,-6.112
12457,01/24/26 12:00:53 AM,0.33,1.34,60.4,-5.386,94.025,1069.350,-6.207
12458,01/24/26 12:10:53 AM,1.34,2.34,127.8,-5.389,93.823,1069.350,-6.238
12459,01/24/26 12:20:53 AM,1.34,2.67,115.1,-5.447,93.497,1069.350,-6.341
12460,01/24/26 12:30:53 AM,1.34,2.34,102.5,-5.415,93.114,1069.350,-6.363
12461,01/24/26 12:40:53 AM,1.67,2.67,99.7,-5.429,92.454,1069.350,-6.469
12462,01/24/26 12:50:53 AM,1.00,2.00,88.4,-5.447,92.216,1069.350,-6.521
12463,01/24/26 01:00:53 AM,1.67,2.67,87.0,-5.506,92.091,1069.350,-6.597
12464,01/24/26 01:10:53 AM,1.67,2.67,106.7,-5.584,92.003,1069.350,-6.687
12465,01/24/26 01:20:53 AM,1.34,2.34,102.5,-5.571,91.714,1069.350,-6.715
12466,01/24/26 01:30:53 AM,1.00,1.67,102.5,-5.555,91.707,1069.350,-6.700
12467,01/24/26 01:40:53 AM,1.34,2.34,102.5,-5.600,91.942,1069.350,-6.711
12468,01/24/26 01:50:53 AM,1.34,2.00,112.3,-5.643,91.772,1069.350,-6.778
12469,01/24/26 02:00:53 AM,1.34,2.00,115.1,-5.624,91.449,1069.350,-6.805
12470,01/24/26 02:10:53 AM,1.34,2.00,136.2,-5.667,91.373,1069.350,-6.858
12471,01/24/26 02:20:53 AM,1.34,2.00,154.4,-5.678,91.914,1069.350,-6.792
12472,01/24/26 02:30:53 AM,0.33,1.34,161.5,-5.659,91.789,1069.350,-6.791
12473,01/24/26 02:40:53 AM,1.34,2.00,154.4,-5.702,91.997,1069.350,-6.805
12474,01/24/26 02:50:53 AM,1.00,1.67,164.3,-5.740,91.543,1069.350,-6.906
12475,01/24/26 03:00:53 AM,0.33,1.67,167.1,-5.718,91.681,1069.350,-6.865
12476,01/24/26 03:10:53 AM,1.34,2.00,164.3,-5.834,91.803,1069.350,-6.963
12477,01/24/26 03:20:53 AM,1.00,1.67,160.0,-5.783,91.769,1069.350,-6.917
12478,01/24/26 03:30:53 AM,1.34,2.00,146.0,-5.839,91.978,1069.350,-6.943
12479,01/24/26 03:40:53 AM,1.67,2.34,136.2,-5.868,92.082,1069.350,-6.957
12480,01/24/26 03:50:53 AM,0.00,1.00,158.6,-5.799,91.701,1069.350,-6.943
12481,01/24/26 04:00:53 AM,1.67,3.67,265.3,-5.788,91.064,1069.350,-7.022
12482,01/24/26 04:10:53 AM,2.67,4.01,282.2,-5.890,89.532,1069.350,-7.343
12483,01/24/26 04:20:53 AM,2.34,4.34,289.2,-6.011,88.980,1069.350,-7.542
12484,01/24/26 04:30:53 AM,2.00,3.34,278.0,-6.075,89.668,1069.350,-7.506
12485,01/24/26 04:40:53 AM,1.67,3.01,289.2,-6.061,90.860,1069.350,-7.322
12486,01/24/26 04:50:53 AM,2.67,4.34,272.4,-6.112,91.141,1069.350,-7.332
12487,01/24/26 05:00:53 AM,2.34,3.67,259.7,-6.195,91.070,1069.350,-7.425
12488,01/24/26 05:10:53 AM,2.34,4.01,261.1,-6.279,91.135,1069.350,-7.499
12489,01/24/26 05:20:53 AM,3.01,4.34,273.8,-6.410,90.480,1069.350,-7.721
12490,01/24/26 05:30:53 AM,2.34,4.01,263.9,-6.464,90.237,1069.350,-7.810
12491,01/24/26 05:40:53 AM,2.34,4.01,280.8,-6.477,90.253,1069.350,-7.820
12492,01/24/26 05:50:53 AM,2.00,3.67,294.8,-6.490,90.163,1069.350,-7.846
12493,01/24/26 06:00:53 AM,2.00,4.01,278.0,-6.579,90.011,1069.350,-7.956
12494,01/24/26 06:10:53 AM,2.67,4.68,263.9,-6.614,90.677,1069.350,-7.896
12495,01/24/26 06:20:53 AM,2.34,4.01,254.1,-6.737,90.254,1069.350,-8.077
12496,01/24/26 06:30:53 AM,3.01,5.01,265.3,-6.726,90.367,1069.350,-8.050
12497,01/24/26 06:40:53 AM,3.34,5.34,248.5,-6.903,90.709,1069.350,-8.177
12498,01/24/26 06:50:53 AM,2.67,4.34,271.0,-6.922,91.229,1069.350,-8.123
12499,01/24/26 07:00:53 AM,3.01,5.01,256.9,-7.000,92.145,1069.350,-8.072
12500,01/24/26 07:10:53 AM,3.01,4.34,259.7,-7.094,91.751,1069.350,-8.220
12501,01/24/26 07:20:53 AM,2.67,4.34,265.3,-7.005,91.563,1069.350,-8.158
12502,01/24/26 07:30:53 AM,2.67,4.34,256.9,-7.102,91.534,1069.350,-8.258
12503,01/24/26 07:40:53 AM,3.01,4.68,271.0,-7.297,91.087,1069.350,-8.514
12504,01/24/26 07:50:53 AM,3.01,4.68,280.8,-7.281,91.182,1069.350,-8.485
12505,01/24/26 08:00:53 AM,3.01,4.34,266.7,-7.212,91.643,1069.350,-8.352
12506,01/24/26 08:10:53 AM,3.01,5.34,263.9,-7.233,91.862,1069.350,-8.343
12507,01/24/26 08:20:53 AM,2.67,5.34,265.3,-7.241,91.969,1069.350,-8.336
12508,01/24/26 08:30:53 AM,3.01,5.01,272.4,-7.196,91.936,1069.350,-8.295
12509,01/24/26 08:40:53 AM,2.67,4.34,259.7,-7.225,92.340,1069.350,-8.268
12510,01/24/26 08:50:53 AM,3.34,5.34,248.5,-7.338,92.367,1069.350,-8.376
12511,01/24/26 09:00:53 AM,2.67,4.01,249.9,-7.402,92.288,1069.350,-8.451
12512,01/24/26 09:10:53 AM,3.01,4.01,252.7,-7.458,92.284,1069.350,-8.507
12513,01/24/26 09:20:53 AM,2.67,4.68,259.7,-7.461,92.409,1069.350,-8.493
12514,01/24/26 09:30:53 AM,2.67,4.01,276.6,-7.517,91.708,1069.350,-8.646
12515,01/24/26 09:40:53 AM,2.67,4.01,272.4,-7.549,91.768,1069.350,-8.669
12516,01/24/26 09:50:53 AM,2.67,4.34,268.1,-7.536,91.545,1069.350,-8.687
12517,01/24/26 10:00:53 AM,2.34,4.01,268.1,-7.453,91.690,1069.350,-8.585
12518,01/24/26 10:10:53 AM,2.67,4.01,259.7,-7.370,91.044,1069.350,-8.593
12519,01/24/26 10:20:53 AM,2.67,3.67,256.9,-7.340,90.872,1069.350,-8.587
12520,01/24/26 10:30:53 AM,2.67,4.34,256.9,-7.222,90.303,1069.350,-8.551
12521,01/24/26 10:40:53 AM,2.34,5.68,283.6,-7.147,89.677,1069.350,-8.565
12522,01/24/26 10:50:53 AM,2.67,4.34,286.4,-7.209,89.474,1069.350,-8.656
12523,01/24/26 11:00:53 AM,2.34,4.01,256.9,-7.330,89.770,1069.350,-8.733
12524,01/24/26 11:10:53 AM,2.00,3.67,261.1,-6.496,87.729,1069.350,-8.203
12525,01/24/26 11:20:53 AM,2.00,4.01,279.4,-5.809,84.967,1069.350,-7.938
12526,01/24/26 11:30:53 AM,2.00,3.34,297.6,-5.399,82.567,1069.350,-7.904
12527,01/24/26 11:40:53 AM,2.34,4.01,263.9,-4.775,80.435,1069.350,-7.630
12528,01/24/26 11:50:53 AM,2.34,4.01,258.3,-4.504,78.781,1069.350,-7.633
12529,01/24/26 12:00:53 PM,2.34,3.67,259.7,-3.691,77.151,1069.350,-7.112
12530,01/24/26 12:10:53 PM,2.67,4.68,262.5,-3.750,75.502,1069.350,-7.448
12531,01/24/26 12:20:53 PM,2.67,4.68,255.5,-3.423,73.225,1069.350,-7.527
12532,01/24/26 12:30:53 PM,2.67,4.01,248.5,-3.096,71.809,1069.350,-7.463
12533,01/24/26 12:40:53 PM,2.34,4.68,247.1,-2.793,69.299,1069.350,-7.631
12534,01/24/26 12:50:53 PM,2.34,4.01,242.9,-2.665,69.108,1069.350,-7.543
12535,01/24/26 01:00:53 PM,2.34,4.68,235.9,-2.035,67.869,1069.350,-7.172
12536,01/24/26 01:10:53 PM,3.01,5.01,228.8,-1.901,67.068,1069.350,-7.198
12537,01/24/26 01:20:53 PM,3.67,6.01,227.4,-2.027,68.638,1069.350,-7.019
12538,01/24/26 01:30:53 PM,3.34,5.01,242.9,-1.775,66.273,1069.350,-7.232
12539,01/24/26 01:40:53 PM,3.34,5.01,251.3,-1.442,64.468,1069.350,-7.271
12540,01/24/26 01:50:53 PM,3.67,5.68,248.5,-1.354,64.869,1069.350,-7.107
12541,01/24/26 02:00:53 PM,4.01,5.68,265.3,-1.021,63.526,1069.350,-7.061
12542,01/24/26 02:10:53 PM,4.01,6.01,279.4,-0.871,61.819,1069.350,-7.271
12543,01/24/26 02:20:53 PM,4.68,7.35,290.6,-1.086,61.186,1069.350,-7.608
12544,01/24/26 02:30:53 PM,4.01,6.68,275.2,-0.815,62.112,1069.350,-7.157
12545,01/24/26 02:40:53 PM,5.34,7.68,273.8,-0.927,62.687,1069.350,-7.144
12546,01/24/26 02:50:53 PM,5.34,7.68,272.4,-0.893,63.041,1069.350,-7.038
12547,01/24/26 03:00:53 PM,5.34,7.35,278.0,-0.573,61.939,1069.350,-6.963
12548,01/24/26 03:10:53 PM,5.68,8.02,286.4,-0.828,61.151,1069.350,-7.371
12549,01/24/26 03:20:53 PM,6.35,8.35,282.2,-0.705,59.760,1069.350,-7.551
12550,01/24/26 03:30:53 PM,6.35,8.35,276.6,-0.399,58.590,1069.350,-7.518
12551,01/24/26 03:40:53 PM,7.01,9.35,275.2,-0.573,58.521,1069.350,-7.697
12552,01/24/26 03:50:53 PM,6.35,9.68,272.4,-0.423,57.375,1069.350,-7.811
12553,01/24/26 04:00:53 PM,6.68,9.68,272.4,-0.378,56.654,1069.350,-7.931
12554,01/24/26 04:10:53 PM,5.68,8.35,271.0,-0.115,55.262,1069.350,-8.004
12555,01/24/26 04:20:53 PM,6.01,9.02,268.1,-0.104,54.408,1069.350,-8.194
12556,01/24/26 04:30:53 PM,5.68,8.35,268.1,0.223,52.764,1069.350,-8.283
12557,01/24/26 04:40:53 PM,5.68,8.35,280.8,0.137,50.660,1069.350,-8.883
12558,01/24/26 04:50:53 PM,6.01,8.35,282.2,0.011,50.942,1069.350,-8.929
12559,01/24/26 05:00:53 PM,5.34,8.02,280.8,-0.035,50.991,1069.350,-8.959
12560,01/24/26 05:10:53 PM,5.01,8.02,279.4,0.024,50.996,1069.350,-8.903
12561,01/24/26 05:20:53 PM,5.01,7.68,265.3,-0.045,52.261,1069.350,-8.655
12562,01/24/26 05:30:53 PM,5.01,7.01,261.1,-0.394,54.330,1069.350,-8.483
12563,01/24/26 05:40:53 PM,5.01,7.35,259.7,-0.643,56.106,1069.350,-8.305
12564,01/24/26 05:50:53 PM,5.01,6.68,262.5,-0.986,58.076,1069.350,-8.184
12565,01/24/26 06:00:53 PM,5.01,7.01,266.7,-1.295,58.561,1069.350,-8.369
12566,01/24/26 06:10:53 PM,4.68,7.01,268.1,-1.568,59.051,1069.350,-8.520
12567,01/24/26 06:20:53 PM,3.67,5.68,271.0,-2.016,60.920,1069.350,-8.544
12568,01/24/26 06:30:53 PM,3.67,6.01,275.2,-2.673,62.748,1069.350,-8.790
12569,01/24/26 06:40:53 PM,3.67,5.34,279.4,-3.238,64.073,1069.350,-9.061
12570,01/24/26 06:50:53 PM,3.67,5.68,285.0,-3.490,64.878,1069.350,-9.142
12571,01/24/26 07:00:53 PM,3.67,5.34,287.8,-3.925,66.844,1069.350,-9.178
12572,01/24/26 07:10:53 PM,4.01,5.68,287.8,-4.120,68.197,1069.350,-9.110
12573,01/24/26 07:20:53 PM,4.01,5.68,296.2,-4.490,70.304,1069.350,-9.078
12574,01/24/26 07:30:53 PM,5.01,6.35,286.4,-4.689,71.455,1069.350,-9.063
12575,01/24/26 07:40:53 PM,5.01,7.35,282.2,-4.678,71.244,1069.350,-9.090
12576,01/24/26 07:50:53 PM,5.01,7.01,287.8,-4.887,71.511,1069.350,-9.244
12577,01/24/26 08:00:53 PM,4.68,6.35,286.4,-4.927,70.893,1069.350,-9.393
12578,01/24/26 08:10:53 PM,5.01,7.35,279.4,-4.952,70.243,1069.350,-9.534
12579,01/24/26 08:20:53 PM,5.68,7.68,279.4,-4.903,69.116,1069.350,-9.692
12580,01/24/26 08:30:53 PM,5.34,7.35,279.4,-5.040,69.000,1069.350,-9.845
12581,01/24/26 08:40:53 PM,5.34,8.35,279.4,-5.123,68.998,1069.350,-9.925
12582,01/24/26 08:50:53 PM,5.01,7.68,282.2,-5.225,69.189,1069.350,-9.988
12583,01/24/26 09:00:53 PM,4.68,6.68,289.2,-5.418,69.894,1069.350,-10.045
12584,01/24/26 09:10:53 PM,4.01,5.68,292.0,-5.815,71.447,1069.350,-10.151
12585,01/24/26 09:20:53 PM,3.34,5.34,299.0,-6.083,72.485,1069.350,-10.227
12586,01/24/26 09:30:53 PM,3.67,5.34,303.2,-6.032,71.955,1069.350,-10.271
12587,01/24/26 09:40:53 PM,3.01,5.68,314.5,-6.083,71.463,1069.350,-10.406
12588,01/24/26 09:50:53 PM,3.01,5.01,308.9,-6.131,71.507,1069.350,-10.445
12589,01/24/26 10:00:53 PM,2.34,4.01,300.4,-6.228,71.513,1069.350,-10.537
12590,01/24/26 10:10:53 PM,2.34,3.67,299.0,-6.120,70.504,1069.350,-10.612
12591,01/24/26 10:20:53 PM,0.67,2.34,301.8,-6.611,71.276,1069.350,-10.949
12592,01/24/26 10:30:53 PM,1.00,1.67,66.0,-7.260,74.847,1069.350,-10.964
12593,01/24/26 10:40:53 PM,1.00,2.00,88.4,-7.960,78.025,1069.350,-11.124
12594,01/24/26 10:50:53 PM,2.00,2.67,54.8,-8.260,82.196,1069.350,-10.765
12595,01/24/26 11:00:53 PM,1.67,2.34,70.2,-7.796,80.989,1069.350,-10.496
12596,01/24/26 11:10:53 PM,1.34,2.34,85.6,-8.179,86.293,1069.350,-10.073
12597,01/24/26 11:20:53 PM,1.00,1.34,103.9,-8.804,90.311,1069.350,-10.116
12598,01/24/26 11:30:53 PM,1.00,1.67,133.4,-9.198,93.603,1069.350,-10.055
12599,01/24/26 11:40:53 PM,0.00,0.67,139.0,-9.619,95.306,1069.350,-10.247
12600,01/24/26 11:50:53 PM,0.00,0.00,139.0,-9.973,97.101,1069.350,-10.365
12601,01/25/26 12:00:53 AM,0.00,0.67,139.0,-9.952,97.780,1069.350,-10.256
12602,01/25/26 12:10:53 AM,0.67,1.34,280.8,-10.308,95.535,1069.350,-10.903
12603,01/25/26 12:20:53 AM,1.00,1.34,283.6,-10.780,94.112,1069.350,-11.561
12604,01/25/26 12:30:53 AM,1.00,1.67,293.4,-11.107,94.913,1069.350,-11.781
12605,01/25/26 12:40:53 AM,1.00,1.34,293.4,-11.104,96.419,1069.350,-11.582
12606,01/25/26 12:50:53 AM,1.34,1.67,292.0,-10.930,96.445,1069.350,-11.405
12607,01/25/26 01:00:53 AM,1.00,1.34,287.8,-10.496,97.049,1069.350,-10.894
12608,01/25/26 01:10:53 AM,0.67,1.00,287.8,-9.504,97.066,1069.350,-9.901
12609,01/25/26 01:20:53 AM,0.33,1.34,294.8,-9.423,96.944,1069.350,-9.836
12610,01/25/26 01:30:53 AM,0.67,2.34,282.2,-8.785,94.000,1069.350,-9.591
12611,01/25/26 01:40:53 AM,1.67,2.67,259.7,-7.767,78.587,1069.350,-10.846
12612,01/25/26 01:50:53 AM,2.00,4.34,282.2,-8.316,79.551,1069.350,-11.229
12613,01/25/26 02:00:53 AM,3.34,5.34,317.3,-7.080,74.057,1069.350,-10.922
12614,01/25/26 02:10:53 AM,4.01,5.68,313.1,-6.785,71.304,1069.350,-11.111
12615,01/25/26 02:20:53 AM,4.34,6.01,311.7,-7.295,72.369,1069.350,-11.419
12616,01/25/26 02:30:53 AM,4.68,6.01,311.7,-7.236,71.620,1069.350,-11.491
12617,01/25/26 02:40:53 AM,4.34,5.68,307.5,-6.898,69.355,1069.350,-11.566
12618,01/25/26 02:50:53 AM,4.34,5.68,301.8,-6.474,67.568,1069.350,-11.484
12619,01/25/26 03:00:53 AM,4.01,5.34,317.3,-6.641,67.216,1069.350,-11.709
12620,01/25/26 03:10:53 AM,4.01,5.34,322.9,-6.935,68.226,1069.350,-11.806
12621,01/25/26 03:20:53 AM,4.01,5.01,318.7,-7.214,68.823,1069.350,-11.966
12622,01/25/26 03:30:53 AM,3.67,4.68,314.5,-7.705,70.880,1069.350,-12.073
12623,01/25/26 03:40:53 AM,3.34,4.68,308.9,-7.080,68.740,1069.350,-11.852
12624,01/25/26 03:50:53 AM,3.01,4.34,313.1,-7.013,67.776,1069.350,-11.963
12625,01/25/26 04:00:53 AM,3.34,4.68,311.7,-6.801,66.700,1069.350,-11.958
12626,01/25/26 04:10:53 AM,3.67,5.01,306.1,-6.201,64.250,1069.350,-11.850
12627,01/25/26 04:20:53 AM,3.67,4.68,313.1,-5.989,62.852,1069.350,-11.921
12628,01/25/26 04:30:53 AM,3.67,4.68,320.1,-6.289,63.752,1069.350,-12.030
12629,01/25/26 04:40:53 AM,3.67,5.34,320.1,-5.922,62.220,1069.350,-11.983
12630,01/25/26 04:50:53 AM,3.34,4.68,315.9,-6.120,62.515,1069.350,-12.113
12631,01/25/26 05:00:53 AM,3.67,4.68,321.5,-6.531,63.644,1069.350,-12.282
12632,01/25/26 05:10:53 AM,3.67,5.01,322.9,-6.986,65.281,1069.350,-12.402
12633,01/25/26 05:20:53 AM,3.67,4.34,315.9,-6.657,64.182,1069.350,-12.298
12634,01/25/26 05:30:53 AM,3.67,5.01,315.9,-6.501,63.108,1069.350,-12.358
12635,01/25/26 05:40:53 AM,3.67,5.01,308.9,-6.506,62.976,1069.350,-12.389
12636,01/25/26 05:50:53 AM,3.67,5.34,308.9,-6.246,61.762,1069.350,-12.382
12637,01/25/26 06:00:53 AM,4.01,6.01,299.0,-5.855,60.568,1069.350,-12.253
12638,01/25/26 06:10:53 AM,3.67,5.01,289.2,-5.844,60.217,1069.350,-12.315
12639,01/25/26 06:20:53 AM,3.34,5.01,283.6,-5.742,59.257,1069.350,-12.417
12640,01/25/26 06:30:53 AM,3.34,5.01,276.6,-5.922,59.351,1069.350,-12.568
12641,01/25/26 06:40:53 AM,3.01,4.68,283.6,-5.986,59.889,1069.350,-12.517
12642,01/25/26 06:50:53 AM,3.34,5.01,290.6,-5.541,58.132,1069.350,-12.464
12643,01/25/26 07:00:53 AM,2.67,4.01,300.4,-5.627,58.289,1069.350,-12.512
12644,01/25/26 07:10:53 AM,2.67,3.34,310.3,-6.292,59.980,1069.350,-12.787
12645,01/25/26 07:20:53 AM,3.34,4.34,293.4,-6.056,59.849,1069.350,-12.591
12646,01/25/26 07:30:53 AM,3.67,5.34,290.6,-5.850,58.936,1069.350,-12.586
12647,01/25/26 07:40:53 AM,3.67,5.34,290.6,-5.893,58.938,1069.350,-12.626
12648,01/25/26 07:50:53 AM,4.01,5.68,292.0,-6.222,60.136,1069.350,-12.689
12649,01/25/26 08:00:53 AM,4.01,5.34,287.8,-6.244,59.883,1069.350,-12.762
12650,01/25/26 08:10:53 AM,4.01,5.34,287.8,-6.364,60.200,1069.350,-12.810
12651,01/25/26 08:20:53 AM,3.34,5.01,279.4,-6.265,59.313,1069.350,-12.900
12652,01/25/26 08:30:53 AM,2.67,4.68,271.0,-6.673,60.542,1069.350,-13.033
12653,01/25/26 08:40:53 AM,2.67,4.01,272.4,-6.941,61.129,1069.350,-13.169
12654,01/25/26 08:50:53 AM,2.67,3.67,276.6,-6.673,59.684,1069.350,-13.209
12655,01/25/26 09:00:53 AM,2.34,3.34,272.4,-6.954,60.148,1069.350,-13.380
12656,01/25/26 09:10:53 AM,3.01,4.34,263.9,-7.158,60.734,1069.350,-13.454
12657,01/25/26 09:20:53 AM,3.34,4.01,266.7,-6.893,61.024,1069.350,-13.144
12658,01/25/26 09:30:53 AM,3.67,5.01,279.4,-5.279,56.271,1069.350,-12.619
12659,01/25/26 09:40:53 AM,4.01,5.01,279.4,-4.646,54.675,1069.350,-12.381
12660,01/25/26 09:50:53 AM,3.67,5.34,285.0,-3.844,51.653,1069.350,-12.336
12661,01/25/26 10:00:53 AM,4.01,6.01,294.8,-3.295,49.986,1069.350,-12.232
12662,01/25/26 10:10:53 AM,3.67,5.68,299.0,-2.962,50.103,1069.350,-11.895
12663,01/25/26 10:20:53 AM,3.01,4.68,308.9,-2.480,49.505,1069.350,-11.598
12664,01/25/26 10:30:53 AM,1.67,2.67,306.1,-1.683,47.765,1069.350,-11.308
12665,01/25/26 10:40:53 AM,1.67,3.01,273.8,-0.785,45.473,1069.350,-11.097
12666,01/25/26 10:50:53 AM,2.00,3.01,241.5,-0.603,43.661,1069.350,-11.438
12667,01/25/26 11:00:53 AM,2.00,3.01,245.7,-0.281,42.966,1069.350,-11.345
12668,01/25/26 11:10:53 AM,1.67,3.01,252.7,-0.010,40.578,1069.350,-11.811
12669,01/25/26 11:20:53 AM,2.00,3.67,272.4,0.223,40.192,1069.350,-11.720
12670,01/25/26 11:30:53 AM,2.67,4.01,294.8,0.394,40.018,1069.350,-11.619
12671,01/25/26 11:40:53 AM,2.67,4.01,283.6,0.539,39.968,1069.350,-11.504
12672,01/25/26 11:50:53 AM,2.00,3.67,286.4,1.006,39.574,1069.350,-11.206
12673,01/25/26 12:00:53 PM,2.67,6.01,296.2,0.909,39.162,1069.350,-11.424
12674,01/25/26 12:10:53 PM,2.67,4.68,307.5,0.960,39.022,1069.350,-11.423
12675,01/25/26 12:20:53 PM,2.67,4.34,304.7,0.949,38.758,1069.350,-11.517
12676,01/25/26 12:30:53 PM,2.34,5.34,307.5,1.027,38.140,1069.350,-11.647
12677,01/25/26 12:40:53 PM,2.67,4.68,306.1,1.681,37.206,1069.350,-11.370
12678,01/25/26 12:50:53 PM,3.01,6.01,297.6,1.389,36.931,1069.350,-11.724
12679,01/25/26 01:00:53 PM,4.01,6.35,314.5,1.338,36.611,1069.350,-11.878
12680,01/25/26 01:10:53 PM,4.34,6.01,301.8,1.405,36.052,1069.350,-12.009
12681,01/25/26 01:20:53 PM,4.34,6.68,308.9,1.668,35.215,1069.350,-12.066
12682,01/25/26 01:30:53 PM,3.67,6.01,301.8,1.756,33.184,1069.350,-12.722
12683,01/25/26 01:40:53 PM,4.01,6.35,303.2,2.175,32.021,1069.350,-12.792
12684,01/25/26 01:50:53 PM,4.01,6.01,314.5,1.939,32.488,1069.350,-12.822
12685,01/25/26 02:00:53 PM,3.67,6.01,315.9,2.244,31.876,1069.350,-12.788
12686,01/25/26 02:10:53 PM,3.01,5.34,272.4,2.893,35.308,1069.350,-10.943
12687,01/25/26 02:20:53 PM,3.67,6.68,254.1,2.872,35.828,1069.350,-10.778
12688,01/25/26 02:30:53 PM,3.34,5.68,254.1,2.834,34.855,1069.350,-11.157
12689,01/25/26 02:40:53 PM,3.01,5.34,256.9,2.898,34.279,1069.350,-11.308
12690,01/25/26 02:50:53 PM,3.34,6.01,235.9,2.968,34.722,1069.350,-11.086
12691,01/25/26 03:00:53 PM,4.01,6.68,244.3,3.161,35.412,1069.350,-10.668
12692,01/25/26 03:10:53 PM,3.67,6.01,249.9,3.003,33.826,1069.350,-11.381
12693,01/25/26 03:20:53 PM,3.67,6.01,263.9,2.898,33.831,1069.350,-11.472
12694,01/25/26 03:30:53 PM,3.34,6.01,262.5,2.960,33.524,1069.350,-11.531
12695,01/25/26 03:40:53 PM,3.34,5.68,261.1,3.161,33.397,1069.350,-11.401
12696,01/25/26 03:50:53 PM,3.67,5.34,259.7,3.078,36.556,1069.350,-10.342
12697,01/25/26 04:00:53 PM,4.01,6.35,271.0,2.754,37.066,1069.350,-10.457
12698,01/25/26 04:10:53 PM,3.67,6.01,258.3,2.880,39.236,1069.350,-9.626
12699,01/25/26 04:20:53 PM,3.67,5.68,259.7,2.850,37.964,1069.350,-10.069
12700,01/25/26 04:30:53 PM,4.01,5.68,266.7,2.494,37.404,1069.350,-10.576
12701,01/25/26 04:40:53 PM,3.67,5.68,265.3,2.515,37.726,1069.350,-10.449
12702,01/25/26 04:50:53 PM,4.01,6.01,259.7,2.389,38.543,1069.350,-10.292
12703,01/25/26 05:00:53 PM,4.01,5.68,259.7,2.271,39.403,1069.350,-10.120
12704,01/25/26 05:10:53 PM,3.67,5.34,263.9,2.014,42.339,1069.350,-9.443
12705,01/25/26 05:20:53 PM,3.67,5.68,265.3,1.764,43.133,1069.350,-9.435
12706,01/25/26 05:30:53 PM,4.01,5.68,262.5,1.389,43.874,1069.350,-9.560
12707,01/25/26 05:40:53 PM,3.67,5.01,256.9,1.322,44.353,1069.350,-9.484
12708,01/25/26 05:50:53 PM,3.34,5.34,256.9,1.075,45.037,1069.350,-9.515
12709,01/25/26 06:00:53 PM,3.01,4.34,259.7,0.837,46.111,1069.350,-9.434
12710,01/25/26 06:10:53 PM,2.00,3.34,241.5,0.512,48.048,1069.350,-9.210
12711,01/25/26 06:20:53 PM,2.00,3.01,242.9,-0.292,51.226,1069.350,-9.139
12712,01/25/26 06:30:53 PM,2.00,2.67,230.2,-1.807,56.503,1069.350,-9.307
12713,01/25/26 06:40:53 PM,2.34,3.01,233.1,-2.598,58.114,1069.350,-9.694
12714,01/25/26 06:50:53 PM,2.00,2.67,235.9,-2.960,59.138,1069.350,-9.815
12715,01/25/26 07:00:53 PM,1.34,2.34,256.9,-3.477,60.909,1069.350,-9.930
12716,01/25/26 07:10:53 PM,1.00,1.34,263.9,-4.375,63.752,1069.350,-10.207
12717,01/25/26 07:20:53 PM,1.00,1.34,282.2,-5.067,65.849,1069.350,-10.460
12718,01/25/26 07:30:53 PM,1.00,1.34,304.7,-5.590,66.186,1069.350,-10.896
12719,01/25/26 07:40:53 PM,1.00,1.67,334.1,-6.421,68.727,1069.350,-11.221
12720,01/25/26 07:50:53 PM,1.00,1.67,335.5,-6.386,69.258,1069.350,-11.091
12721,01/25/26 08:00:53 PM,1.00,2.00,307.5,-5.732,68.545,1069.350,-10.593
12722,01/25/26 08:10:53 PM,1.67,2.34,292.0,-6.236,70.553,1069.350,-10.715
12723,01/25/26 08:20:53 PM,1.67,2.34,287.8,-6.544,71.942,1069.350,-10.767
12724,01/25/26 08:30:53 PM,1.67,2.34,283.6,-6.193,70.130,1069.350,-10.749
12725,01/25/26 08:40:53 PM,1.34,2.34,278.0,-6.614,70.820,1069.350,-11.032
12726,01/25/26 08:50:53 PM,1.67,2.34,271.0,-6.472,70.594,1069.350,-10.935
12727,01/25/26 09:00:53 PM,1.34,2.00,263.9,-6.938,71.777,1069.350,-11.176
12728,01/25/26 09:10:53 PM,0.33,1.34,235.9,-8.088,75.903,1069.350,-11.593
12729,01/25/26 09:20:53 PM,0.67,1.34,227.4,-9.075,79.763,1069.350,-11.937
12730,01/25/26 09:30:53 PM,0.67,1.00,228.8,-8.313,76.880,1069.350,-11.652
12731,01/25/26 09:40:53 PM,0.33,1.34,18.3,-7.584,74.716,1069.350,-11.300
12732,01/25/26 09:50:53 PM,0.67,1.67,348.2,-7.520,74.620,1069.350,-11.254
12733,01/25/26 10:00:53 PM,0.33,1.34,95.5,-8.037,76.600,1069.350,-11.429
12734,01/25/26 10:10:53 PM,0.00,0.00,95.5,-8.249,77.414,1069.350,-11.504
12735,01/25/26 10:20:53 PM,0.00,0.00,95.5,-8.437,78.221,1069.350,-11.558
12736,01/25/26 10:30:53 PM,1.34,2.34,224.6,-9.764,80.441,1069.350,-12.506
12737,01/25/26 10:40:53 PM,1.67,2.00,286.4,-10.879,85.687,1069.350,-12.821
12738,01/25/26 10:50:53 PM,1.00,1.67,327.1,-9.155,82.644,1069.350,-11.574
12739,01/25/26 11:00:53 PM,0.67,1.00,334.1,-9.123,82.240,1069.350,-11.604
12740,01/25/26 11:10:53 PM,1.00,1.67,314.5,-9.587,83.557,1069.350,-11.862
12741,01/25/26 11:20:53 PM,1.34,1.67,300.4,-9.641,83.955,1069.350,-11.856
12742,01/25/26 11:30:53 PM,1.67,2.00,290.6,-10.319,84.479,1069.350,-12.445
12743,01/25/26 11:40:53 PM,1.00,1.67,306.1,-10.418,88.161,1069.350,-12.014
12744,01/25/26 11:50:53 PM,1.00,1.67,321.5,-9.498,86.540,1069.350,-11.337
12745,01/26/26 12:00:53 AM,1.00,1.67,327.1,-9.740,86.799,1069.350,-11.539
12746,01/26/26 12:10:53 AM,0.33,1.00,338.3,-9.493,87.530,1069.350,-11.190
12747,01/26/26 12:20:53 AM,0.67,1.34,338.3,-9.750,87.828,1069.350,-11.401
12748,01/26/26 12:30:53 AM,0.00,1.00,334.1,-10.179,88.602,1069.350,-11.716
12749,01/26/26 12:40:53 AM,1.00,1.67,286.4,-10.619,88.859,1069.350,-12.115
12750,01/26/26 12:50:53 AM,1.34,2.00,269.6,-12.147,90.034,1069.350,-13.465
12751,01/26/26 01:00:53 AM,1.34,2.00,287.8,-11.885,91.781,1069.350,-12.969
12752,01/26/26 01:10:53 AM,1.00,1.34,310.3,-10.568,89.914,1069.350,-11.918
12753,01/26/26 01:20:53 AM,1.34,1.67,304.7,-10.906,87.898,1069.350,-12.533
12754,01/26/26 01:30:53 AM,1.34,1.67,299.0,-11.482,89.517,1069.350,-12.877
12755,01/26/26 01:40:53 AM,1.34,1.67,303.2,-11.284,89.239,1069.350,-12.720
12756,01/26/26 01:50:53 AM,1.34,1.67,303.2,-11.236,89.877,1069.350,-12.584
12757,01/26/26 02:00:53 AM,1.34,2.00,307.5,-10.571,88.916,1069.350,-12.059
12758,01/26/26 02:10:53 AM,1.00,1.67,327.1,-10.665,89.177,1069.350,-12.116
12759,01/26/26 02:20:53 AM,1.34,1.67,301.8,-10.705,88.891,1069.350,-12.195
12760,01/26/26 02:30:53 AM,1.34,2.00,296.2,-11.174,88.522,1069.350,-12.710
12761,01/26/26 02:40:53 AM,1.67,2.00,285.0,-11.453,88.263,1069.350,-13.022
12762,01/26/26 02:50:53 AM,1.67,2.00,286.4,-11.683,89.029,1069.350,-13.143
12763,01/26/26 03:00:53 AM,1.67,2.34,299.0,-11.391,88.658,1069.350,-12.906
12764,01/26/26 03:10:53 AM,1.34,2.00,310.3,-11.131,87.506,1069.350,-12.810
12765,01/26/26 03:20:53 AM,1.67,2.34,299.0,-11.263,85.760,1069.350,-13.188
12766,01/26/26 03:30:53 AM,1.34,1.67,289.2,-11.563,85.699,1069.350,-13.492
12767,01/26/26 03:40:53 AM,1.00,1.67,296.2,-11.316,86.227,1069.350,-13.174
12768,01/26/26 03:50:53 AM,1.00,1.67,296.2,-11.225,85.736,1069.350,-13.154
12769,01/26/26 04:00:53 AM,1.00,1.67,294.8,-11.681,86.394,1069.350,-13.510
12770,01/26/26 04:10:53 AM,0.67,1.34,292.0,-11.582,86.780,1069.350,-13.358
12771,01/26/26 04:20:53 AM,1.34,2.00,289.2,-12.217,86.722,1069.350,-13.992
12772,01/26/26 04:30:53 AM,1.00,1.67,304.7,-11.855,87.332,1069.350,-13.549
12773,01/26/26 04:40:53 AM,1.34,2.00,296.2,-11.670,86.036,1069.350,-13.550
12774,01/26/26 04:50:53 AM,1.34,2.00,303.2,-11.909,86.056,1069.350,-13.782
12775,01/26/26 05:00:53 AM,1.34,2.00,296.2,-11.689,85.211,1069.350,-13.686
12776,01/26/26 05:10:53 AM,1.34,1.67,292.0,-11.675,84.944,1069.350,-13.711
12777,01/26/26 05:20:53 AM,1.00,1.67,289.2,-11.531,84.360,1069.350,-13.654
12778,01/26/26 05:30:53 AM,0.67,1.00,286.4,-11.713,84.930,1069.350,-13.750
12779,01/26/26 05:40:53 AM,0.67,1.34,286.4,-11.440,84.694,1069.350,-13.516
12780,01/26/26 05:50:53 AM,1.00,1.00,286.4,-11.442,84.387,1069.350,-13.562
12781,01/26/26 06:00:53 AM,0.33,1.00,286.4,-11.523,85.315,1069.350,-13.508
12782,01/26/26 06:10:53 AM,0.67,1.00,286.4,-11.981,86.799,1069.350,-13.748
12783,01/26/26 06:20:53 AM,0.00,0.33,286.4,-12.206,89.461,1069.350,-13.601
12784,01/26/26 06:30:53 AM,0.00,0.00,286.4,-12.204,88.522,1069.350,-13.728
12785,01/26/26 06:40:53 AM,0.00,0.00,286.4,-12.260,89.218,1069.350,-13.688
12786,01/26/26 06:50:53 AM,0.00,0.00,286.4,-12.646,89.181,1069.350,-14.075
12787,01/26/26 07:00:53 AM,0.00,0.00,307.5,-13.273,90.881,1069.350,-14.466
12788,01/26/26 07:10:53 AM,0.00,0.00,308.9,-13.260,92.544,1069.350,-14.233
12789,01/26/26 07:20:53 AM,0.00,0.00,308.9,-12.968,92.093,1069.350,-14.002
12790,01/26/26 07:30:53 AM,0.00,0.00,308.9,-12.834,91.484,1069.350,-13.950
12791,01/26/26 07:40:53 AM,0.00,0.00,308.9,-13.161,90.321,1069.350,-14.430
12792,01/26/26 07:50:53 AM,0.00,0.00,308.9,-14.196,90.222,1069.350,-15.469
12793,01/26/26 08:00:53 AM,0.00,0.00,308.9,-13.560,92.396,1069.350,-14.550
12794,01/26/26 08:10:53 AM,0.00,0.00,308.9,-13.212,90.976,1069.350,-14.393
12795,01/26/26 08:20:53 AM,0.00,0.00,308.9,-13.179,90.986,1069.350,-14.359
12796,01/26/26 08:30:53 AM,0.00,0.00,308.9,-12.675,91.348,1069.350,-13.811
12797,01/26/26 08:40:53 AM,0.00,0.00,308.9,-12.598,90.820,1069.350,-13.805
12798,01/26/26 08:50:53 AM,0.00,0.00,308.9,-13.166,90.874,1069.350,-14.361
12799,01/26/26 09:00:53 AM,0.00,0.00,308.9,-13.493,91.864,1069.350,-14.554
12800,01/26/26 09:10:53 AM,0.00,0.00,308.9,-13.397,91.771,1069.350,-14.471
12801,01/26/26 09:20:53 AM,0.00,0.00,308.9,-12.115,88.209,1069.350,-13.684
12802,01/26/26 09:30:53 AM,0.00,0.00,308.9,-11.724,86.738,1069.350,-13.504
12803,01/26/26 09:40:53 AM,0.00,0.00,308.9,-9.826,81.778,1069.350,-12.363
12804,01/26/26 09:50:53 AM,0.00,0.00,308.9,-9.287,79.936,1069.350,-12.118
12805,01/26/26 10:00:53 AM,0.00,0.00,308.9,-8.807,79.265,1069.350,-11.753
12806,01/26/26 10:10:53 AM,0.00,0.33,308.9,-8.040,79.586,1069.350,-10.954
12807,01/26/26 10:20:53 AM,0.33,0.67,310.3,-7.694,79.611,1069.350,-10.612
12808,01/26/26 10:30:53 AM,0.00,0.67,300.4,-7.080,77.995,1069.350,-10.271
12809,01/26/26 10:40:53 AM,0.00,0.67,249.9,-6.059,75.590,1069.350,-9.674
12810,01/26/26 10:50:53 AM,0.00,0.00,249.9,-5.855,76.387,1069.350,-9.343
12811,01/26/26 11:00:53 AM,0.00,0.00,249.9,-5.458,76.454,1069.350,-8.946
12812,01/26/26 11:10:53 AM,0.00,0.00,224.6,-4.665,73.764,1069.350,-8.634
12813,01/26/26 11:20:53 AM,0.33,1.34,186.7,-3.933,70.741,1069.350,-8.463
12814,01/26/26 11:30:53 AM,0.33,1.34,141.8,-3.788,69.937,1069.350,-8.469
12815,01/26/26 11:40:53 AM,1.00,1.67,113.7,-3.313,68.879,1069.350,-8.208
12816,01/26/26 11:50:53 AM,1.00,1.67,117.9,-2.970,66.831,1069.350,-8.267
12817,01/26/26 12:00:53 PM,1.00,2.00,119.3,-2.670,65.698,1069.350,-8.199
12818,01/26/26 12:10:53 PM,1.34,2.67,108.1,-2.244,63.334,1069.350,-8.263
12819,01/26/26 12:20:53 PM,1.00,2.34,96.9,-1.504,62.301,1069.350,-7.771
12820,01/26/26 12:30:53 PM,1.34,2.34,126.4,-1.311,62.155,1069.350,-7.618
12821,01/26/26 12:40:53 PM,1.34,2.34,132.0,-0.603,61.038,1069.350,-7.182
12822,01/26/26 12:50:53 PM,1.34,2.67,113.7,-0.815,60.143,1069.350,-7.573
12823,01/26/26 01:00:53 PM,1.34,2.67,130.6,-0.383,58.976,1069.350,-7.418
12824,01/26/26 01:10:53 PM,1.67,3.34,110.9,0.054,57.215,1069.350,-7.398
12825,01/26/26 01:20:53 PM,1.67,2.67,108.1,0.813,55.444,1069.350,-7.093
12826,01/26/26 01:30:53 PM,1.67,3.67,112.3,0.949,53.748,1069.350,-7.368
12827,01/26/26 01:40:53 PM,1.67,3.01,108.1,0.368,55.230,1069.350,-7.560
12828,01/26/26 01:50:53 PM,1.34,3.01,98.3,1.936,52.181,1069.350,-6.832
12829,01/26/26 02:00:53 PM,1.00,2.67,85.6,2.861,48.183,1069.350,-7.010
12830,01/26/26 02:10:53 PM,1.34,2.67,117.9,1.925,49.142,1069.350,-7.619
12831,01/26/26 02:20:53 PM,0.67,1.67,129.2,1.762,50.080,1069.350,-7.525
12832,01/26/26 02:30:53 PM,0.67,1.67,157.2,1.906,49.047,1069.350,-7.661
12833,01/26/26 02:40:53 PM,0.67,1.34,130.6,2.346,47.588,1069.350,-7.645
12834,01/26/26 02:50:53 PM,0.67,1.67,141.8,3.070,44.686,1069.350,-7.792
12835,01/26/26 03:00:53 PM,0.67,1.67,168.5,3.188,43.867,1069.350,-7.922
12836,01/26/26 03:10:53 PM,0.67,2.00,129.2,3.142,43.613,1069.350,-8.039
12837,01/26/26 03:20:53 PM,0.67,1.67,101.1,2.998,44.102,1069.350,-8.027
12838,01/26/26 03:30:53 PM,0.67,1.67,123.5,2.856,44.271,1069.350,-8.107
12839,01/26/26 03:40:53 PM,0.33,1.34,126.4,3.263,43.896,1069.350,-7.845
12840,01/26/26 03:50:53 PM,1.00,2.67,185.3,3.204,44.327,1069.350,-7.773
12841,01/26/26 04:00:53 PM,1.00,2.00,219.0,3.073,44.700,1069.350,-7.785
12842,01/26/26 04:10:53 PM,1.34,2.34,203.6,3.043,45.225,1069.350,-7.662
12843,01/26/26 04:20:53 PM,0.67,1.34,205.0,3.140,45.721,1069.350,-7.433
12844,01/26/26 04:30:53 PM,0.00,1.00,199.4,3.373,45.467,1069.350,-7.291
12845,01/26/26 04:40:53 PM,0.33,1.00,176.9,3.365,45.765,1069.350,-7.214
12846,01/26/26 04:50:53 PM,0.33,1.00,134.8,3.338,45.878,1069.350,-7.207
12847,01/26/26 05:00:53 PM,0.33,1.34,144.6,3.370,46.101,1069.350,-7.115
12848,01/26/26 05:10:53 PM,0.00,0.33,153.0,3.687,45.939,1069.350,-6.870
12849,01/26/26 05:20:53 PM,0.00,0.33,157.2,3.719,45.876,1069.350,-6.859
12850,01/26/26 05:30:53 PM,0.33,1.67,219.0,3.813,42.457,1069.350,-7.774
12851,01/26/26 05:40:53 PM,0.33,1.00,249.9,3.654,43.668,1069.350,-7.556
12852,01/26/26 05:50:53 PM,0.00,1.34,249.9,3.373,46.726,1069.350,-6.938
12853,01/26/26 06:00:53 PM,0.33,1.67,85.6,2.759,48.084,1069.350,-7.131
12854,01/26/26 06:10:53 PM,0.00,0.67,88.4,2.201,50.816,1069.350,-6.930
12855,01/26/26 06:20:53 PM,0.00,0.00,88.4,1.657,52.023,1069.350,-7.131
12856,01/26/26 06:30:53 PM,0.00,0.67,134.8,1.486,52.155,1069.350,-7.257
12857,01/26/26 06:40:53 PM,0.00,0.00,134.8,0.526,54.377,1069.350,-7.613
12858,01/26/26 06:50:53 PM,0.33,1.67,16.8,0.531,54.296,1069.350,-7.627
12859,01/26/26 07:00:53 PM,0.33,1.67,349.6,0.376,55.259,1069.350,-7.545
12860,01/26/26 07:10:53 PM,0.33,1.34,349.6,-0.013,56.790,1069.350,-7.557
12861,01/26/26 07:20:53 PM,0.00,1.67,355.2,-0.209,58.360,1069.350,-7.390
12862,01/26/26 07:30:53 PM,2.34,3.34,334.1,0.014,58.538,1069.350,-7.140
12863,01/26/26 07:40:53 PM,1.00,2.34,322.9,0.225,57.127,1069.350,-7.257
12864,01/26/26 07:50:53 PM,1.00,1.67,283.6,-0.018,57.736,1069.350,-7.349
12865,01/26/26 08:00:53 PM,1.00,1.67,242.9,-0.775,61.527,1069.350,-7.241
12866,01/26/26 08:10:53 PM,1.34,1.67,282.2,-1.260,64.282,1069.350,-7.135
12867,01/26/26 08:20:53 PM,1.00,1.34,272.4,-1.354,64.891,1069.350,-7.102
12868,01/26/26 08:30:53 PM,1.00,1.34,268.1,-1.643,65.531,1069.350,-7.251
12869,01/26/26 08:40:53 PM,0.33,1.34,297.6,-1.582,62.812,1069.350,-7.740
12870,01/26/26 08:50:53 PM,0.00,0.00,297.6,-1.976,63.993,1069.350,-7.875
12871,01/26/26 09:00:53 PM,0.33,1.34,314.5,-1.791,61.648,1069.350,-8.179
12872,01/26/26 09:10:53 PM,0.00,0.67,115.1,-2.879,66.906,1069.350,-8.165
12873,01/26/26 09:20:53 PM,0.33,1.00,98.3,-2.777,66.954,1069.350,-8.058
12874,01/26/26 09:30:53 PM,1.34,2.67,355.2,-3.340,66.282,1069.350,-8.726
12875,01/26/26 09:40:53 PM,2.00,2.67,5.6,-2.565,64.468,1069.350,-8.341
12876,01/26/26 09:50:53 PM,1.00,2.34,37.9,-2.836,66.574,1069.350,-8.188
12877,01/26/26 10:00:53 PM,0.00,0.67,35.1,-2.437,65.286,1069.350,-8.057
12878,01/26/26 10:10:53 PM,1.34,2.67,278.0,-3.220,66.996,1069.350,-8.474
12879,01/26/26 10:20:53 PM,1.34,2.34,272.4,-3.898,69.917,1069.350,-8.579
12880,01/26/26 10:30:53 PM,1.34,2.00,261.1,-3.466,68.473,1069.350,-8.431
12881,01/26/26 10:40:53 PM,0.67,1.67,266.7,-4.501,72.386,1069.350,-8.717
12882,01/26/26 10:50:53 PM,0.33,1.00,296.2,-4.249,71.710,1069.350,-8.593
12883,01/26/26 11:00:53 PM,0.00,0.00,296.2,-3.573,68.942,1069.350,-8.446
12884,01/26/26 11:10:53 PM,1.00,1.34,296.2,-4.474,72.935,1069.350,-8.594
12885,01/26/26 11:20:53 PM,1.00,1.34,297.6,-5.040,74.086,1069.350,-8.942
12886,01/26/26 11:30:53 PM,1.00,1.34,300.4,-5.032,74.113,1069.350,-8.929
12887,01/26/26 11:40:53 PM,1.00,1.34,300.4,-4.346,72.100,1069.350,-8.618
12888,01/26/26 11:50:53 PM,1.00,1.34,300.4,-5.040,74.142,1069.350,-8.932
12889,01/27/26 12:00:53 AM,1.34,1.67,297.6,-6.241,78.238,1069.350,-9.415
12890,01/27/26 12:10:53 AM,1.00,1.34,297.6,-6.051,77.877,1069.350,-9.288
12891,01/27/26 12:20:53 AM,1.34,1.67,292.0,-6.201,77.720,1069.350,-9.460
12892,01/27/26 12:30:53 AM,1.34,1.67,303.2,-6.952,79.765,1069.350,-9.863
12893,01/27/26 12:40:53 AM,1.00,1.67,328.5,-6.351,78.425,1069.350,-9.492
12894,01/27/26 12:50:53 AM,1.00,1.67,324.3,-6.346,78.466,1069.350,-9.480
12895,01/27/26 01:00:53 AM,1.34,1.67,297.6,-6.453,78.598,1069.350,-9.563
12896,01/27/26 01:10:53 AM,1.00,1.34,304.7,-6.166,78.512,1069.350,-9.297
12897,01/27/26 01:20:53 AM,1.34,2.00,248.5,-7.458,82.727,1069.350,-9.898
12898,01/27/26 01:30:53 AM,1.34,2.00,263.9,-7.397,83.384,1069.350,-9.738
12899,01/27/26 01:40:53 AM,1.34,2.00,275.2,-6.525,79.985,1069.350,-9.411
12900,01/27/26 01:50:53 AM,2.00,3.01,286.4,-7.260,82.251,1069.350,-9.776
12901,01/27/26 02:00:53 AM,2.00,2.34,287.8,-6.305,79.257,1069.350,-9.313
12902,01/27/26 02:10:53 AM,1.67,2.00,286.4,-7.069,80.682,1069.350,-9.833
12903,01/27/26 02:20:53 AM,1.67,2.00,282.2,-7.901,84.292,1069.350,-10.096
12904,01/27/26 02:30:53 AM,1.67,2.00,282.2,-8.005,83.975,1069.350,-10.245
12905,01/27/26 02:40:53 AM,1.67,2.00,285.0,-7.989,82.780,1069.350,-10.410
12906,01/27/26 02:50:53 AM,1.34,2.00,286.4,-8.196,82.582,1069.350,-10.643
12907,01/27/26 03:00:53 AM,0.67,1.34,299.0,-8.364,83.850,1069.350,-10.617
12908,01/27/26 03:10:53 AM,0.33,2.00,299.0,-7.565,81.477,1069.350,-10.195
12909,01/27/26 03:20:53 AM,1.67,2.34,292.0,-7.429,79.852,1069.350,-10.315
12910,01/27/26 03:30:53 AM,1.00,1.67,272.4,-8.370,83.574,1069.350,-10.664
12911,01/27/26 03:40:53 AM,1.34,2.67,289.2,-7.860,81.447,1069.350,-10.488
12912,01/27/26 03:50:53 AM,2.34,3.34,289.2,-7.214,78.228,1069.350,-10.364
12913,01/27/26 04:00:53 AM,2.00,2.67,280.8,-7.638,78.994,1069.350,-10.655
12914,01/27/26 04:10:53 AM,2.00,3.34,290.6,-7.547,78.441,1069.350,-10.655
12915,01/27/26 04:20:53 AM,1.34,2.00,293.4,-7.893,79.237,1069.350,-10.866
12916,01/27/26 04:30:53 AM,1.00,1.67,314.5,-8.225,79.022,1069.350,-11.224
12917,01/27/26 04:40:53 AM,1.34,2.00,294.8,-8.498,80.369,1069.350,-11.279
12918,01/27/26 04:50:53 AM,1.67,2.67,289.2,-7.906,79.332,1069.350,-10.863
12919,01/27/26 05:00:53 AM,1.34,2.00,258.3,-8.161,80.238,1069.350,-10.970
12920,01/27/26 05:10:53 AM,1.34,2.00,271.0,-8.713,83.734,1069.350,-10.977
12921,01/27/26 05:20:53 AM,1.00,1.67,285.0,-8.276,82.521,1069.350,-10.731
12922,01/27/26 05:30:53 AM,0.67,2.34,294.8,-6.587,74.208,1069.350,-10.419
12923,01/27/26 05:40:53 AM,1.00,3.34,279.4,-6.801,74.078,1069.350,-10.649
12924,01/27/26 05:50:53 AM,1.00,2.67,268.1,-7.241,74.801,1069.350,-10.953
12925,01/27/26 06:00:53 AM,1.00,2.00,256.9,-7.574,76.065,1069.350,-11.067
12926,01/27/26 06:10:53 AM,1.00,1.67,259.7,-7.850,76.931,1069.350,-11.193
12927,01/27/26 06:20:53 AM,1.00,1.67,278.0,-8.657,79.852,1069.350,-11.515
12928,01/27/26 06:30:53 AM,0.33,1.34,286.4,-8.110,78.337,1069.350,-11.220
12929,01/27/26 06:40:53 AM,0.67,1.67,273.8,-7.174,73.077,1069.350,-11.180
12930,01/27/26 06:50:53 AM,1.00,1.67,299.0,-7.394,72.581,1069.350,-11.478
12931,01/27/26 07:00:53 AM,1.00,1.67,259.7,-7.734,75.381,1069.350,-11.335
12932,01/27/26 07:10:53 AM,1.34,2.00,315.9,-8.056,75.676,1069.350,-11.599
12933,01/27/26 07:20:53 AM,0.67,1.34,273.8,-8.238,76.132,1069.350,-11.701
12934,01/27/26 07:30:53 AM,0.00,0.33,209.2,-9.241,80.757,1069.350,-11.946
12935,01/27/26 07:40:53 AM,0.33,1.34,75.8,-9.099,79.809,1069.350,-11.954
12936,01/27/26 07:50:53 AM,0.67,1.00,102.5,-9.740,83.612,1069.350,-12.004
12937,01/27/26 08:00:53 AM,1.00,1.67,117.9,-10.265,85.377,1069.350,-12.261
12938,01/27/26 08:10:53 AM,0.00,0.33,132.0,-11.155,88.920,1069.350,-12.636
12939,01/27/26 08:20:53 AM,0.67,1.34,144.6,-10.415,86.052,1069.350,-12.311
12940,01/27/26 08:30:53 AM,1.00,1.67,324.3,-10.367,84.306,1069.350,-12.517
12941,01/27/26 08:40:53 AM,1.00,2.34,331.3,-9.670,80.644,1069.350,-12.383
12942,01/27/26 08:50:53 AM,0.67,1.67,334.1,-9.268,78.984,1069.350,-12.247
12943,01/27/26 09:00:53 AM,1.00,1.67,22.5,-8.938,75.784,1069.350,-12.438
12944,01/27/26 09:10:53 AM,0.67,1.34,98.3,-11.171,84.990,1069.350,-13.208
12945,01/27/26 09:20:53 AM,0.00,0.33,98.3,-10.061,81.399,1069.350,-12.650
12946,01/27/26 09:30:53 AM,0.00,0.33,98.3,-9.493,79.777,1069.350,-12.343
12947,01/27/26 09:40:53 AM,0.00,0.67,98.3,-8.120,77.577,1069.350,-11.352
12948,01/27/26 09:50:53 AM,0.00,1.00,98.3,-7.354,74.792,1069.350,-11.064
12949,01/27/26 10:00:53 AM,0.00,0.00,101.1,-5.941,71.470,1069.350,-10.268
12950,01/27/26 10:10:53 AM,0.33,1.00,147.4,-6.694,76.329,1069.350,-10.168
12951,01/27/26 10:20:53 AM,0.67,1.34,148.8,-6.107,74.644,1069.350,-9.880
12952,01/27/26 10:30:53 AM,0.33,1.00,150.2,-5.386,72.580,1069.350,-9.537
12953,01/27/26 10:40:53 AM,0.00,0.67,150.2,-4.233,68.362,1069.350,-9.188
12954,01/27/26 10:50:53 AM,0.33,1.00,137.6,-3.204,65.385,1069.350,-8.770
12955,01/27/26 11:00:53 AM,0.33,1.34,117.9,-2.716,61.120,1069.350,-9.166
12956,01/27/26 11:10:53 AM,0.33,1.00,137.6,-1.965,61.598,1069.350,-8.354
12957,01/27/26 11:20:53 AM,0.33,1.00,106.7,-0.828,60.041,1069.350,-7.607
12958,01/27/26 11:30:53 AM,0.67,1.34,120.7,-0.592,60.270,1069.350,-7.335
12959,01/27/26 11:40:53 AM,1.00,1.67,103.9,-0.131,59.969,1069.350,-6.964
12960,01/27/26 11:50:53 AM,1.34,2.34,110.9,-0.171,60.507,1069.350,-6.886
12961,01/27/26 12:00:53 PM,1.67,2.34,88.4,0.247,59.904,1069.350,-6.621
12962,01/27/26 12:10:53 PM,1.67,2.67,77.2,1.094,55.433,1069.350,-6.833
12963,01/27/26 12:20:53 PM,2.00,3.01,71.6,1.443,52.122,1069.350,-7.305
12964,01/27/26 12:30:53 PM,2.00,3.01,82.8,1.456,50.484,1069.350,-7.705
12965,01/27/26 12:40:53 PM,1.67,2.67,88.4,1.823,50.175,1069.350,-7.444
12966,01/27/26 12:50:53 PM,1.67,2.67,80.0,2.421,47.863,1069.350,-7.502
12967,01/27/26 01:00:53 PM,2.00,3.01,94.1,2.421,47.208,1069.350,-7.679
12968,01/27/26 01:10:53 PM,2.00,4.01,96.9,2.923,45.911,1069.350,-7.578
12969,01/27/26 01:20:53 PM,2.34,4.01,99.7,3.421,47.309,1069.350,-6.733
12970,01/27/26 01:30:53 PM,2.34,4.01,103.9,3.815,46.232,1069.350,-6.670
12971,01/27/26 01:40:53 PM,2.00,3.67,116.5,4.255,46.246,1069.350,-6.263
12972,01/27/26 01:50:53 PM,2.00,4.01,108.1,4.853,43.873,1069.350,-6.404
12973,01/27/26 02:00:53 PM,2.34,3.67,108.1,4.831,42.808,1069.350,-6.743
12974,01/27/26 02:10:53 PM,2.34,4.01,98.3,5.472,40.195,1069.350,-6.981
12975,01/27/26 02:20:53 PM,2.34,4.01,88.4,5.676,39.002,1069.350,-7.188
12976,01/27/26 02:30:53 PM,2.67,4.34,88.4,5.831,37.893,1069.350,-7.422
12977,01/27/26 02:40:53 PM,2.00,3.67,96.9,5.896,37.597,1069.350,-7.465
12978,01/27/26 02:50:53 PM,2.34,4.01,92.7,5.553,37.700,1069.350,-7.736
12979,01/27/26 03:00:53 PM,2.00,3.34,78.6,6.097,36.890,1069.350,-7.530
12980,01/27/26 03:10:53 PM,2.00,3.01,87.0,6.563,35.727,1069.350,-7.528
12981,01/27/26 03:20:53 PM,2.00,3.67,103.9,6.767,35.415,1069.350,-7.460
12982,01/27/26 03:30:53 PM,2.00,4.34,99.7,7.070,35.352,1069.350,-7.214
12983,01/27/26 03:40:53 PM,2.34,4.01,71.6,6.545,35.930,1069.350,-7.471
12984,01/27/26 03:50:53 PM,2.00,3.01,91.3,7.376,34.600,1069.350,-7.221
12985,01/27/26 04:00:53 PM,1.67,3.01,94.1,8.105,33.150,1069.350,-7.131
12986,01/27/26 04:10:53 PM,1.67,3.01,84.2,7.845,33.429,1069.350,-7.252
12987,01/27/26 04:20:53 PM,1.67,3.34,87.0,7.679,33.216,1069.350,-7.481
12988,01/27/26 04:30:53 PM,2.00,3.01,82.8,7.448,33.454,1069.350,-7.592
12989,01/27/26 04:40:53 PM,1.67,3.34,92.7,7.577,33.118,1069.350,-7.609
12990,01/27/26 04:50:53 PM,2.00,3.34,82.8,7.204,33.596,1069.350,-7.753
12991,01/27/26 05:00:53 PM,2.34,4.01,80.0,7.035,34.240,1069.350,-7.658
12992,01/27/26 05:10:53 PM,2.00,3.34,74.4,6.368,35.329,1069.350,-7.846
12993,01/27/26 05:20:53 PM,2.00,3.01,81.4,6.148,35.985,1069.350,-7.805
12994,01/27/26 05:30:53 PM,1.67,3.01,74.4,5.751,37.533,1069.350,-7.616
12995,01/27/26 05:40:53 PM,1.34,2.00,64.6,4.866,40.757,1069.350,-7.348
12996,01/27/26 05:50:53 PM,1.34,1.67,57.6,4.041,42.293,1069.350,-7.617
12997,01/27/26 06:00:53 PM,1.67,2.00,49.1,3.343,43.954,1069.350,-7.756
12998,01/27/26 06:10:53 PM,1.67,2.34,44.9,2.906,45.389,1069.350,-7.741
12999,01/27/26 06:20:53 PM,2.00,3.01,43.5,2.574,47.344,1069.350,-7.501
13000,01/27/26 06:30:53 PM,2.00,3.34,54.8,2.518,48.200,1069.350,-7.322
13001,01/27/26 06:40:53 PM,2.00,3.34,46.3,1.890,51.099,1069.350,-7.146
13002,01/27/26 06:50:53 PM,2.67,3.67,40.7,1.555,53.123,1069.350,-6.954
13003,01/27/26 07:00:53 PM,2.34,3.67,49.1,1.220,54.650,1069.350,-6.899
13004,01/27/26 07:10:53 PM,2.34,3.67,61.8,1.191,54.748,1069.350,-6.903
13005,01/27/26 07:20:53 PM,2.34,4.34,51.9,1.051,54.508,1069.350,-7.091
13006,01/27/26 07:30:53 PM,1.67,2.67,71.6,0.786,54.742,1069.350,-7.283
13007,01/27/26 07:40:53 PM,1.67,2.67,80.0,0.566,54.852,1069.350,-7.463
13008,01/27/26 07:50:53 PM,1.00,1.67,110.9,0.172,57.302,1069.350,-7.268
13009,01/27/26 08:00:53 PM,1.00,2.34,162.9,-0.689,62.202,1069.350,-7.018
13010,01/27/26 08:10:53 PM,0.33,1.00,151.6,-0.986,64.030,1069.350,-6.925
13011,01/27/26 08:20:53 PM,0.00,0.67,151.6,-0.984,64.024,1069.350,-6.924
13012,01/27/26 08:30:53 PM,0.00,1.34,154.4,-1.233,64.771,1069.350,-7.011
13013,01/27/26 08:40:53 PM,0.00,0.00,155.8,-1.619,66.345,1069.350,-7.068
13014,01/27/26 08:50:53 PM,0.00,0.00,155.8,-1.681,66.169,1069.350,-7.162
13015,01/27/26 09:00:53 PM,0.00,0.00,155.8,-1.817,66.807,1069.350,-7.168
13016,01/27/26 09:10:53 PM,0.00,0.00,158.6,-1.954,66.656,1069.350,-7.328
13017,01/27/26 09:20:53 PM,0.00,0.00,181.1,-2.276,67.965,1069.350,-7.385
13018,01/27/26 09:30:53 PM,0.00,0.00,190.9,-2.327,68.557,1069.350,-7.322
13019,01/27/26 09:40:53 PM,0.00,0.00,190.9,-2.380,68.074,1069.350,-7.464
13020,01/27/26 09:50:53 PM,0.00,0.00,190.9,-2.182,66.969,1069.350,-7.486
13021,01/27/26 10:00:53 PM,0.00,0.00,190.9,-2.399,67.062,1069.350,-7.676
13022,01/27/26 10:10:53 PM,0.00,0.00,190.9,-2.504,67.233,1069.350,-7.743
13023,01/27/26 10:20:53 PM,0.00,0.00,190.9,-2.984,68.472,1069.350,-7.968
13024,01/27/26 10:30:53 PM,0.00,0.00,190.9,-3.262,69.348,1069.350,-8.072
13025,01/27/26 10:40:53 PM,0.00,0.00,190.9,-3.380,69.883,1069.350,-8.087
13026,01/27/26 10:50:53 PM,0.00,0.00,190.9,-3.533,70.361,1069.350,-8.147
13027,01/27/26 11:00:53 PM,0.00,0.00,190.9,-3.801,71.157,1069.350,-8.260
13028,01/27/26 11:10:53 PM,0.33,1.34,122.1,-3.992,72.111,1069.350,-8.274
13029,01/27/26 11:20:53 PM,0.33,1.00,54.8,-4.453,73.652,1069.350,-8.448
13030,01/27/26 11:30:53 PM,0.33,1.00,0.0,-4.917,75.462,1069.350,-8.587
13031,01/27/26 11:40:53 PM,0.00,0.00,0.0,-4.126,72.966,1069.350,-8.252
13032,01/27/26 11:50:53 PM,0.00,1.34,355.2,-4.083,72.343,1069.350,-8.321
13033,01/28/26 12:00:53 AM,1.00,2.00,299.0,-6.217,78.573,1069.350,-9.337
13034,01/28/26 12:10:53 AM,0.33,1.34,297.6,-5.547,76.834,1069.350,-8.969
13035,01/28/26 12:20:53 AM,1.00,1.67,285.0,-6.220,78.875,1069.350,-9.291
13036,01/28/26 12:30:53 AM,1.00,1.34,282.2,-5.418,76.609,1069.350,-8.881
13037,01/28/26 12:40:53 AM,1.34,1.67,283.6,-5.989,77.481,1069.350,-9.293
13038,01/28/26 12:50:53 AM,1.00,1.34,290.6,-5.772,77.034,1069.350,-9.155
13039,01/28/26 01:00:53 AM,1.34,2.00,294.8,-6.185,76.904,1069.350,-9.578
13040,01/28/26 01:10:53 AM,1.34,2.00,286.4,-6.469,78.331,1069.350,-9.622
13041,01/28/26 01:20:53 AM,1.34,2.34,289.2,-6.600,78.831,1069.350,-9.669
13042,01/28/26 01:30:53 AM,0.67,1.34,299.0,-5.067,73.410,1069.350,-9.085
13043,01/28/26 01:40:53 AM,1.00,1.67,308.9,-5.230,72.628,1069.350,-9.378
13044,01/28/26 01:50:53 AM,0.67,1.67,334.1,-5.257,73.309,1069.350,-9.286
13045,01/28/26 02:00:53 AM,1.00,2.00,306.1,-5.836,74.699,1069.350,-9.608
13046,01/28/26 02:10:53 AM,1.00,1.67,296.2,-6.134,76.448,1069.350,-9.604
13047,01/28/26 02:20:53 AM,1.00,2.00,268.1,-5.667,74.876,1069.350,-9.414
13048,01/28/26 02:30:53 AM,1.00,1.34,276.6,-5.498,73.649,1069.350,-9.460
13049,01/28/26 02:40:53 AM,1.00,1.67,283.6,-5.740,74.273,1069.350,-9.588
13050,01/28/26 02:50:53 AM,1.34,2.00,283.6,-5.826,73.805,1069.350,-9.751
13051,01/28/26 03:00:53 AM,1.34,1.67,303.2,-6.088,75.651,1069.350,-9.692
13052,01/28/26 03:10:53 AM,1.34,1.67,300.4,-5.627,73.787,1069.350,-9.561
13053,01/28/26 03:20:53 AM,1.34,1.67,296.2,-5.667,75.114,1069.350,-9.374
13054,01/28/26 03:30:53 AM,1.34,1.67,294.8,-5.177,73.870,1069.350,-9.111
13055,01/28/26 03:40:53 AM,1.00,1.67,290.6,-4.901,72.815,1069.350,-9.028
13056,01/28/26 03:50:53 AM,1.67,2.00,283.6,-5.809,77.516,1069.350,-9.112
13057,01/28/26 04:00:53 AM,1.00,1.67,307.5,-4.678,72.308,1069.350,-8.901
13058,01/28/26 04:10:53 AM,0.67,1.34,1.4,-3.997,69.273,1069.350,-8.792
13059,01/28/26 04:20:53 AM,1.00,1.34,252.7,-4.549,71.650,1069.350,-8.893
13060,01/28/26 04:30:53 AM,0.67,1.67,255.5,-4.126,70.086,1069.350,-8.767
13061,01/28/26 04:40:53 AM,1.34,1.67,263.9,-4.179,71.489,1069.350,-8.565
13062,01/28/26 04:50:53 AM,1.34,2.67,278.0,-3.893,71.608,1069.350,-8.268
13063,01/28/26 05:00:53 AM,1.34,2.34,272.4,-3.809,71.307,1069.350,-8.241
13064,01/28/26 05:10:53 AM,1.00,1.67,268.1,-3.884,72.717,1069.350,-8.062
13065,01/28/26 05:20:53 AM,1.00,1.67,256.9,-3.649,71.542,1069.350,-8.045
13066,01/28/26 05:30:53 AM,1.67,2.67,283.6,-3.136,68.270,1069.350,-8.152
13067,01/28/26 05:40:53 AM,1.67,2.34,269.6,-3.010,67.971,1069.350,-8.088
13068,01/28/26 05:50:53 AM,1.34,1.67,259.7,-3.547,72.749,1069.350,-7.731
13069,01/28/26 06:00:53 AM,1.00,2.00,256.9,-3.466,72.670,1069.350,-7.667
13070,01/28/26 06:10:53 AM,1.34,2.00,241.5,-3.421,74.504,1069.350,-7.301
13071,01/28/26 06:20:53 AM,1.34,2.00,276.6,-3.292,74.936,1069.350,-7.101
13072,01/28/26 06:30:53 AM,1.34,2.34,286.4,-3.027,73.819,1069.350,-7.039
13073,01/28/26 06:40:53 AM,1.67,2.34,286.4,-2.785,73.144,1069.350,-6.924
13074,01/28/26 06:50:53 AM,1.00,1.67,310.3,-2.123,68.096,1069.350,-7.214
13075,01/28/26 07:00:53 AM,0.67,2.00,266.7,-1.174,62.176,1069.350,-7.484
13076,01/28/26 07:10:53 AM,1.67,2.67,262.5,-1.053,62.318,1069.350,-7.340
13077,01/28/26 07:20:53 AM,1.34,2.34,286.4,-0.925,63.473,1069.350,-6.980
13078,01/28/26 07:30:53 AM,1.67,3.01,282.2,-0.681,66.078,1069.350,-6.224
13079,01/28/26 07:40:53 AM,2.34,4.68,300.4,-0.694,64.804,1069.350,-6.491
13080,01/28/26 07:50:53 AM,3.67,6.01,303.2,-0.831,60.429,1069.350,-7.527
13081,01/28/26 08:00:53 AM,4.01,6.01,283.6,-0.686,60.563,1069.350,-7.361
13082,01/28/26 08:10:53 AM,4.34,6.01,273.8,-1.330,69.541,1069.350,-6.179
13083,01/28/26 08:20:53 AM,3.01,6.01,265.3,-1.729,74.960,1069.350,-5.582
13084,01/28/26 08:30:53 AM,3.01,5.01,283.6,-2.120,78.016,1069.350,-5.437
13085,01/28/26 08:40:53 AM,3.34,5.01,308.9,-2.453,80.943,1069.350,-5.278
13086,01/28/26 08:50:53 AM,4.01,5.68,325.7,-2.595,85.333,1069.350,-4.720
13087,01/28/26 09:00:53 AM,3.67,5.34,331.3,-2.866,86.346,1069.350,-4.831
13088,01/28/26 09:10:53 AM,3.01,4.34,332.7,-3.107,87.755,1069.350,-4.855
13089,01/28/26 09:20:53 AM,2.34,3.67,322.9,-3.222,89.599,1069.350,-4.694
13090,01/28/26 09:30:53 AM,1.34,2.34,282.2,-3.225,91.768,1069.350,-4.380
13091,01/28/26 09:40:53 AM,1.00,2.00,263.9,-3.153,93.436,1069.350,-4.069
13092,01/28/26 09:50:53 AM,1.00,2.00,245.7,-2.855,95.210,1069.350,-3.522
13093,01/28/26 10:00:53 AM,1.34,2.67,234.5,-2.437,96.216,1069.350,-2.965
13094,01/28/26 10:10:53 AM,1.34,2.00,238.7,-2.094,96.297,1069.350,-2.611
13095,01/28/26 10:20:53 AM,1.34,2.67,244.3,-1.906,96.480,1069.350,-2.398
13096,01/28/26 10:30:53 AM,2.00,3.01,249.9,-1.764,96.211,1069.350,-2.294
13097,01/28/26 10:40:53 AM,2.34,3.34,261.1,-1.611,95.837,1069.350,-2.194
13098,01/28/26 10:50:53 AM,2.67,4.01,263.9,-1.410,94.668,1069.350,-2.160
13099,01/28/26 11:00:53 AM,2.67,4.68,283.6,-1.166,93.478,1069.350,-2.088
13100,01/28/26 11:10:53 AM,2.67,4.01,285.0,-1.185,92.320,1069.350,-2.276
13101,01/28/26 11:20:53 AM,3.01,4.34,290.6,-0.986,91.760,1069.350,-2.160
13102,01/28/26 11:30:53 AM,3.34,4.68,290.6,-0.973,91.087,1069.350,-2.247
13103,01/28/26 11:40:53 AM,3.34,4.68,279.4,-0.903,91.441,1069.350,-2.125
13104,01/28/26 11:50:53 AM,3.01,4.34,296.2,-0.683,91.476,1069.350,-1.902
13105,01/28/26 12:00:53 PM,3.67,6.35,297.6,-0.380,92.438,1069.350,-1.459
13106,01/28/26 12:10:53 PM,4.68,6.68,289.2,0.110,92.587,1069.350,-0.951
13107,01/28/26 12:20:53 PM,5.34,7.68,289.2,0.183,92.515,1069.350,-0.889
13108,01/28/26 12:30:53 PM,5.68,8.02,287.8,0.244,92.227,1069.350,-0.871
13109,01/28/26 12:40:53 PM,5.01,8.68,290.6,0.542,91.037,1069.350,-0.753
13110,01/28/26 12:50:53 PM,5.34,8.35,285.0,0.901,89.323,1069.350,-0.658
13111,01/28/26 01:00:53 PM,5.34,7.68,282.2,1.325,87.932,1069.350,-0.454
13112,01/28/26 01:10:53 PM,6.68,10.69,280.8,1.829,86.470,1069.350,-0.188
13113,01/28/26 01:20:53 PM,6.68,11.69,278.0,2.000,86.592,1069.350,0.000
13114,01/28/26 01:30:53 PM,7.35,11.69,275.2,2.236,84.941,1069.350,-0.033
13115,01/28/26 01:40:53 PM,6.35,9.68,280.8,2.376,84.799,1069.350,0.082
13116,01/28/26 01:50:53 PM,6.01,9.68,273.8,2.145,85.090,1069.350,-0.098
13117,01/28/26 02:00:53 PM,5.68,8.02,272.4,1.614,86.955,1069.350,-0.323
13118,01/28/26 02:10:53 PM,5.34,7.68,269.6,1.343,88.487,1069.350,-0.350
13119,01/28/26 02:20:53 PM,5.68,9.02,269.6,1.933,86.772,1069.350,-0.037
13120,01/28/26 02:30:53 PM,6.01,9.02,275.2,2.555,84.263,1069.350,0.170
13121,01/28/26 02:40:53 PM,5.68,8.35,278.0,2.711,82.797,1069.350,0.082
13122,01/28/26 02:50:53 PM,7.01,10.02,276.6,2.550,81.884,1069.350,-0.229
13123,01/28/26 03:00:53 PM,6.01,9.02,280.8,2.976,80.639,1069.350,-0.023
13124,01/28/26 03:10:53 PM,5.68,8.02,272.4,2.697,80.417,1069.350,-0.333
13125,01/28/26 03:20:53 PM,4.68,7.01,278.0,2.260,81.393,1069.350,-0.595
13126,01/28/26 03:30:53 PM,4.34,6.68,285.0,2.719,79.562,1069.350,-0.458
13127,01/28/26 03:40:53 PM,4.68,7.35,276.6,3.293,77.353,1069.350,-0.286
13128,01/28/26 03:50:53 PM,4.34,6.68,266.7,3.933,77.055,1069.350,0.283
13129,01/28/26 04:00:53 PM,4.34,5.68,266.7,3.909,76.783,1069.350,0.211
13130,01/28/26 04:10:53 PM,4.01,6.01,259.7,4.266,76.826,1069.350,0.565
13131,01/28/26 04:20:53 PM,3.67,6.01,287.8,4.287,75.354,1069.350,0.319
13132,01/28/26 04:30:53 PM,3.34,5.68,304.7,4.515,71.904,1069.350,-0.107
13133,01/28/26 04:40:53 PM,4.01,7.01,276.6,4.547,73.053,1069.350,0.142
13134,01/28/26 04:50:53 PM,4.34,6.68,275.2,4.448,72.767,1069.350,-0.007
13135,01/28/26 05:00:53 PM,5.68,8.35,265.3,3.730,73.668,1069.350,-0.532
13136,01/28/26 05:10:53 PM,6.01,8.68,272.4,3.349,74.611,1069.350,-0.726
13137,01/28/26 05:20:53 PM,6.01,9.02,268.1,3.126,75.691,1069.350,-0.746
13138,01/28/26 05:30:53 PM,6.01,8.68,266.7,3.057,76.071,1069.350,-0.744
13139,01/28/26 05:40:53 PM,6.01,8.35,268.1,2.864,76.916,1069.350,-0.780
13140,01/28/26 05:50:53 PM,5.68,7.68,262.5,2.687,77.447,1069.350,-0.858
13141,01/28/26 06:00:53 PM,5.01,7.68,268.1,2.518,77.768,1069.350,-0.966
13142,01/28/26 06:10:53 PM,4.01,5.68,263.9,2.244,78.898,1069.350,-1.036
13143,01/28/26 06:20:53 PM,3.67,5.68,265.3,1.845,80.067,1069.350,-1.225
13144,01/28/26 06:30:53 PM,3.67,5.01,269.6,1.126,82.206,1069.350,-1.569
13145,01/28/26 06:40:53 PM,3.01,4.34,276.6,0.480,83.903,1069.350,-1.925
13146,01/28/26 06:50:53 PM,3.01,4.34,280.8,0.105,85.226,1069.350,-2.082
13147,01/28/26 07:00:53 PM,3.34,4.68,285.0,-0.024,85.834,1069.350,-2.113
13148,01/28/26 07:10:53 PM,4.01,5.68,287.8,-0.279,86.651,1069.350,-2.236
13149,01/28/26 07:20:53 PM,3.67,5.34,285.0,-0.359,86.972,1069.350,-2.265
13150,01/28/26 07:30:53 PM,3.67,5.34,290.6,-0.640,87.730,1069.350,-2.425
13151,01/28/26 07:40:53 PM,3.67,5.34,276.6,-0.681,88.379,1069.350,-2.366
13152,01/28/26 07:50:53 PM,3.01,5.01,276.6,-0.927,88.985,1069.350,-2.516
13153,01/28/26 08:00:53 PM,3.01,4.34,279.4,-0.943,89.059,1069.350,-2.521
13154,01/28/26 08:10:53 PM,3.01,4.34,276.6,-0.683,88.017,1069.350,-2.423
13155,01/28/26 08:20:53 PM,2.34,3.67,261.1,-1.217,88.928,1069.350,-2.812
13156,01/28/26 08:30:53 PM,2.67,4.01,262.5,-1.541,90.568,1069.350,-2.887
13157,01/28/26 08:40:53 PM,2.67,4.01,268.1,-1.828,91.524,1069.350,-3.030
13158,01/28/26 08:50:53 PM,3.01,4.01,271.0,-1.785,91.670,1069.350,-2.966
13159,01/28/26 09:00:53 PM,3.34,4.68,269.6,-1.678,91.243,1069.350,-2.923
13160,01/28/26 09:10:53 PM,2.67,4.01,268.1,-1.439,89.656,1069.350,-2.922
13161,01/28/26 09:20:53 PM,2.34,3.34,269.6,-1.603,89.432,1069.350,-3.117
13162,01/28/26 09:30:53 PM,0.33,1.67,279.4,-2.222,90.060,1069.350,-3.636
13163,01/28/26 09:40:53 PM,1.00,1.67,134.8,-3.324,94.047,1069.350,-4.153
13164,01/28/26 09:50:53 PM,0.33,1.67,206.4,-2.917,92.486,1069.350,-3.971
13165,01/28/26 10:00:53 PM,1.34,2.34,292.0,-3.579,93.220,1069.350,-4.523
13166,01/28/26 10:10:53 PM,1.00,1.67,297.6,-3.769,94.127,1069.350,-4.584
13167,01/28/26 10:20:53 PM,1.34,2.00,282.2,-3.745,94.052,1069.350,-4.571
13168,01/28/26 10:30:53 PM,2.34,3.01,234.5,-4.394,95.349,1069.350,-5.036
13169,01/28/26 10:40:53 PM,2.00,3.01,240.1,-4.421,95.944,1069.350,-4.981
13170,01/28/26 10:50:53 PM,2.67,3.67,248.5,-3.557,95.090,1069.350,-4.238
13171,01/28/26 11:00:53 PM,2.67,3.34,261.1,-3.316,93.445,1069.350,-4.230
13172,01/28/26 11:10:53 PM,2.67,4.01,258.3,-3.067,93.260,1069.350,-4.009
13173,01/28/26 11:20:53 PM,2.67,3.67,258.3,-2.758,92.276,1069.350,-3.843
13174,01/28/26 11:30:53 PM,2.00,3.34,268.1,-3.145,92.573,1069.350,-4.185
13175,01/28/26 11:40:53 PM,2.67,3.34,279.4,-2.410,90.681,1069.350,-3.731
13176,01/28/26 11:50:53 PM,2.00,3.34,272.4,-2.758,90.369,1069.350,-4.121
13177,01/29/26 12:00:53 AM,2.34,4.01,254.1,-3.295,90.858,1069.350,-4.581
13178,01/29/26 12:10:53 AM,1.34,2.67,262.5,-4.064,92.282,1069.350,-5.139
13179,01/29/26 12:20:53 AM,1.34,3.01,292.0,-3.627,92.769,1069.350,-4.635
13180,01/29/26 12:30:53 AM,0.67,1.67,317.3,-3.606,91.582,1069.350,-4.785
13181,01/29/26 12:40:53 AM,2.00,2.67,254.1,-3.850,92.531,1069.350,-4.891
13182,01/29/26 12:50:53 AM,2.34,3.34,273.8,-3.456,91.415,1069.350,-4.660
13183,01/29/26 01:00:53 AM,2.67,4.34,294.8,-3.295,91.582,1069.350,-4.476
13184,01/29/26 01:10:53 AM,3.34,4.34,313.1,-2.297,88.415,1069.350,-3.956
13185,01/29/26 01:20:53 AM,3.34,4.68,325.7,-2.485,88.403,1069.350,-4.143
13186,01/29/26 01:30:53 AM,3.34,4.34,325.7,-3.064,88.017,1069.350,-4.773
13187,01/29/26 01:40:53 AM,3.01,4.68,328.5,-3.515,89.566,1069.350,-4.988
13188,01/29/26 01:50:53 AM,2.67,3.67,332.7,-3.300,89.000,1069.350,-4.860
13189,01/29/26 02:00:53 AM,2.67,4.34,329.9,-3.421,89.303,1069.350,-4.934
13190,01/29/26 02:10:53 AM,2.34,4.01,283.6,-3.434,88.968,1069.350,-4.997
13191,01/29/26 02:20:53 AM,1.67,3.01,255.5,-3.691,90.172,1069.350,-5.074
13192,01/29/26 02:30:53 AM,1.34,2.67,271.0,-3.246,89.746,1069.350,-4.696
13193,01/29/26 02:40:53 AM,1.34,2.67,265.3,-2.850,88.766,1069.350,-4.450
13194,01/29/26 02:50:53 AM,1.34,3.01,256.9,-2.622,87.874,1069.350,-4.358
13195,01/29/26 03:00:53 AM,1.34,3.01,275.2,-2.544,87.562,1069.350,-4.329
13196,01/29/26 03:10:53 AM,1.67,2.34,273.8,-2.710,88.563,1069.350,-4.342
13197,01/29/26 03:20:53 AM,1.67,3.01,256.9,-2.930,89.589,1069.350,-4.406
13198,01/29/26 03:30:53 AM,2.00,3.34,247.1,-2.474,88.605,1069.350,-4.102
13199,01/29/26 03:40:53 AM,2.34,3.34,256.9,-2.206,87.747,1069.350,-3.967
13200,01/29/26 03:50:53 AM,1.67,2.34,279.4,-2.729,89.895,1069.350,-4.162
13201,01/29/26 04:00:53 AM,1.67,2.67,258.3,-3.016,91.424,1069.350,-4.223
13202,01/29/26 04:10:53 AM,1.34,2.67,228.8,-3.523,93.336,1069.350,-4.451
13203,01/29/26 04:20:53 AM,1.00,3.34,247.1,-3.222,93.213,1069.350,-4.170
13204,01/29/26 04:30:53 AM,2.67,4.68,254.1,-2.343,89.702,1069.350,-3.809
13205,01/29/26 04:40:53 AM,1.34,2.67,240.1,-2.498,89.836,1069.350,-3.942
13206,01/29/26 04:50:53 AM,1.67,3.01,255.5,-2.456,89.206,1069.350,-3.995
13207,01/29/26 05:00:53 AM,1.67,2.34,265.3,-2.268,87.796,1069.350,-4.021
13208,01/29/26 05:10:53 AM,1.67,3.34,237.3,-2.402,88.115,1069.350,-4.105
13209,01/29/26 05:20:53 AM,2.00,3.01,230.2,-2.582,89.322,1069.350,-4.102
13210,01/29/26 05:30:53 AM,1.67,3.01,245.7,-2.611,88.779,1069.350,-4.212
13211,01/29/26 05:40:53 AM,2.00,2.67,245.7,-2.501,87.784,1069.350,-4.253
13212,01/29/26 05:50:53 AM,1.00,2.67,259.7,-2.284,86.513,1069.350,-4.232
13213,01/29/26 06:00:53 AM,1.67,2.67,252.7,-2.222,86.136,1069.350,-4.229
13214,01/29/26 06:10:53 AM,1.67,3.01,282.2,-2.565,87.245,1069.350,-4.397
13215,01/29/26 06:20:53 AM,1.34,2.34,294.8,-2.667,87.332,1069.350,-4.485
13216,01/29/26 06:30:53 AM,2.00,3.34,258.3,-2.295,85.005,1069.350,-4.476
13217,01/29/26 06:40:53 AM,2.00,3.01,237.3,-2.616,87.216,1069.350,-4.452
13218,01/29/26 06:50:53 AM,2.00,2.67,234.5,-2.973,88.867,1069.350,-4.556
13219,01/29/26 07:00:53 AM,2.34,3.01,254.1,-2.490,86.165,1069.350,-4.489
13220,01/29/26 07:10:53 AM,2.34,3.01,261.1,-2.582,85.507,1069.350,-4.681
13221,01/29/26 07:20:53 AM,2.00,2.67,268.1,-2.667,84.958,1069.350,-4.849
13222,01/29/26 07:30:53 AM,2.00,2.67,256.9,-3.153,85.917,1069.350,-5.179
13223,01/29/26 07:40:53 AM,1.67,2.67,273.8,-3.560,87.022,1069.350,-5.412
13224,01/29/26 07:50:53 AM,1.67,2.34,287.8,-3.488,86.371,1069.350,-5.440
13225,01/29/26 08:00:53 AM,1.00,2.00,290.6,-2.866,83.532,1069.350,-5.268
13226,01/29/26 08:10:53 AM,1.00,2.00,279.4,-2.989,83.851,1069.350,-5.339
13227,01/29/26 08:20:53 AM,1.00,2.00,261.1,-3.083,84.770,1069.350,-5.288
13228,01/29/26 08:30:53 AM,1.00,1.67,275.2,-2.981,84.007,1069.350,-5.306
13229,01/29/26 08:40:53 AM,1.67,2.67,283.6,-3.056,83.938,1069.350,-5.391
13230,01/29/26 08:50:53 AM,1.00,1.34,275.2,-4.204,88.679,1069.350,-5.800
13231,01/29/26 09:00:53 AM,1.00,1.34,282.2,-4.179,90.086,1069.350,-5.569
13232,01/29/26 09:10:53 AM,1.67,2.67,299.0,-3.724,88.957,1069.350,-5.285
13233,01/29/26 09:20:53 AM,2.34,3.67,297.6,-2.855,85.409,1069.350,-4.964
13234,01/29/26 09:30:53 AM,2.34,3.34,285.0,-2.512,83.760,1069.350,-4.885
13235,01/29/26 09:40:53 AM,1.67,2.67,263.9,-2.745,85.028,1069.350,-4.915
13236,01/29/26 09:50:53 AM,2.00,3.01,275.2,-2.370,83.316,1069.350,-4.816
13237,01/29/26 10:00:53 AM,2.00,2.67,275.2,-1.911,81.946,1069.350,-4.585
13238,01/29/26 10:10:53 AM,1.34,2.34,272.4,-1.252,81.965,1069.350,-3.937
13239,01/29/26 10:20:53 AM,1.00,2.00,283.6,0.231,78.886,1069.350,-3.000
13240,01/29/26 10:30:53 AM,1.34,2.34,293.4,1.483,73.986,1069.350,-2.646
13241,01/29/26 10:40:53 AM,1.67,3.01,304.7,1.676,71.862,1069.350,-2.851
13242,01/29/26 10:50:53 AM,1.67,2.67,310.3,2.325,69.699,1069.350,-2.638
13243,01/29/26 11:00:53 AM,1.67,2.67,294.8,2.839,67.938,1069.350,-2.489
13244,01/29/26 11:10:53 AM,1.67,3.01,307.5,2.585,70.291,1069.350,-2.274
13245,01/29/26 11:20:53 AM,1.67,2.34,299.0,2.770,68.750,1069.350,-2.395
13246,01/29/26 11:30:53 AM,0.67,2.00,283.6,3.440,66.690,1069.350,-2.165
13247,01/29/26 11:40:53 AM,0.67,1.34,282.2,4.419,63.093,1069.350,-1.982
13248,01/29/26 11:50:53 AM,1.00,2.67,255.5,4.794,60.969,1069.350,-2.090
13249,01/29/26 12:00:53 PM,1.00,2.34,240.1,5.083,59.855,1069.350,-2.066
13250,01/29/26 12:10:53 PM,1.34,2.34,234.5,4.721,61.370,1069.350,-2.070
13251,01/29/26 12:20:53 PM,1.67,3.01,235.9,6.016,58.138,1069.350,-1.582
13252,01/29/26 12:30:53 PM,2.00,3.67,240.1,6.121,56.728,1069.350,-1.817
13253,01/29/26 12:40:53 PM,2.34,4.01,238.7,6.740,55.631,1069.350,-1.502
13254,01/29/26 12:50:53 PM,2.67,4.34,245.7,6.754,56.294,1069.350,-1.328
13255,01/29/26 01:00:53 PM,2.00,4.34,266.7,6.931,55.486,1069.350,-1.359
13256,01/29/26 01:10:53 PM,3.01,5.34,238.7,7.091,54.360,1069.350,-1.489
13257,01/29/26 01:20:53 PM,3.34,5.68,254.1,6.797,54.633,1069.350,-1.695
13258,01/29/26 01:30:53 PM,3.34,5.01,263.9,6.896,54.505,1069.350,-1.634
13259,01/29/26 01:40:53 PM,3.67,5.68,289.2,6.952,54.064,1069.350,-1.692
13260,01/29/26 01:50:53 PM,3.67,6.01,292.0,6.772,54.412,1069.350,-1.773
13261,01/29/26 02:00:53 PM,3.67,6.35,282.2,6.872,53.962,1069.350,-1.792
13262,01/29/26 02:10:53 PM,4.01,6.68,275.2,6.912,53.870,1069.350,-1.778
13263,01/29/26 02:20:53 PM,4.34,6.35,280.8,6.764,54.105,1069.350,-1.857
13264,01/29/26 02:30:53 PM,4.01,6.35,263.9,6.949,53.910,1069.350,-1.734
13265,01/29/26 02:40:53 PM,4.01,6.01,259.7,7.102,53.457,1069.350,-1.706
13266,01/29/26 02:50:53 PM,3.34,5.68,275.2,6.917,53.861,1069.350,-1.776
13267,01/29/26 03:00:53 PM,3.34,5.34,262.5,6.598,54.530,1069.350,-1.906
13268,01/29/26 03:10:53 PM,3.67,5.68,261.1,6.475,55.044,1069.350,-1.894
13269,01/29/26 03:20:53 PM,3.34,5.34,259.7,6.504,55.711,1069.350,-1.703
13270,01/29/26 03:30:53 PM,3.34,6.35,272.4,6.121,55.978,1069.350,-1.997
13271,01/29/26 03:40:53 PM,3.34,5.34,276.6,6.311,55.669,1069.350,-1.894
13272,01/29/26 03:50:53 PM,3.34,5.34,275.2,6.630,55.088,1069.350,-1.738
13273,01/29/26 04:00:53 PM,3.34,5.68,268.1,5.968,56.048,1069.350,-2.123
13274,01/29/26 04:10:53 PM,3.01,5.01,272.4,5.542,58.074,1069.350,-2.043
13275,01/29/26 04:20:53 PM,3.34,5.01,263.9,5.622,57.415,1069.350,-2.122
13276,01/29/26 04:30:53 PM,3.34,4.68,282.2,6.185,56.175,1069.350,-1.890
13277,01/29/26 04:40:53 PM,2.67,4.34,269.6,6.700,54.691,1069.350,-1.771
13278,01/29/26 04:50:53 PM,3.01,5.01,261.1,6.550,55.059,1069.350,-1.820
13279,01/29/26 05:00:53 PM,3.01,4.68,265.3,6.035,56.034,1069.350,-2.064
13280,01/29/26 05:10:53 PM,3.01,4.34,266.7,5.432,57.604,1069.350,-2.256
13281,01/29/26 05:20:53 PM,2.34,3.67,255.5,4.890,59.054,1069.350,-2.430
13282,01/29/26 05:30:53 PM,2.00,3.01,248.5,4.617,60.710,1069.350,-2.315
13283,01/29/26 05:40:53 PM,2.00,3.01,248.5,4.389,62.492,1069.350,-2.140
13284,01/29/26 05:50:53 PM,1.67,2.67,252.7,4.220,64.219,1069.350,-1.932
13285,01/29/26 06:00:53 PM,2.00,3.01,265.3,3.944,65.386,1069.350,-1.951
13286,01/29/26 06:10:53 PM,1.67,2.67,279.4,3.601,66.053,1069.350,-2.140
13287,01/29/26 06:20:53 PM,1.00,1.67,287.8,3.148,66.625,1069.350,-2.457
13288,01/29/26 06:30:53 PM,1.00,1.67,301.8,2.681,67.146,1069.350,-2.798
13289,01/29/26 06:40:53 PM,1.67,2.00,296.2,2.083,69.047,1069.350,-2.996
13290,01/29/26 06:50:53 PM,1.34,2.00,296.2,1.614,70.552,1069.350,-3.158
13291,01/29/26 07:00:53 PM,1.34,2.00,303.2,0.984,72.827,1069.350,-3.340
13292,01/29/26 07:10:53 PM,1.00,2.00,297.6,0.539,74.856,1069.350,-3.403
13293,01/29/26 07:20:53 PM,2.34,3.01,275.2,0.813,75.308,1069.350,-3.057
13294,01/29/26 07:30:53 PM,2.00,3.01,286.4,0.818,75.305,1069.350,-3.052
13295,01/29/26 07:40:53 PM,1.67,2.34,242.9,-0.072,78.454,1069.350,-3.369
13296,01/29/26 07:50:53 PM,1.34,2.34,256.9,-0.809,81.869,1069.350,-3.519
13297,01/29/26 08:00:53 PM,1.67,2.67,256.9,-0.657,82.792,1069.350,-3.220
13298,01/29/26 08:10:53 PM,1.67,2.00,278.0,-1.187,83.908,1069.350,-3.561
13299,01/29/26 08:20:53 PM,1.67,2.00,296.2,-0.820,82.670,1069.350,-3.399
13300,01/29/26 08:30:53 PM,1.34,2.34,307.5,-0.241,81.161,1069.350,-3.079
13301,01/29/26 08:40:53 PM,1.34,2.00,286.4,0.102,80.290,1069.350,-2.889
13302,01/29/26 08:50:53 PM,1.00,2.00,286.4,-0.128,81.091,1069.350,-2.980
13303,01/29/26 09:00:53 PM,0.67,1.67,276.6,-0.590,83.024,1069.350,-3.117
13304,01/29/26 09:10:53 PM,0.67,1.67,279.4,-0.064,81.646,1069.350,-2.826
13305,01/29/26 09:20:53 PM,0.00,1.00,278.0,-0.021,81.302,1069.350,-2.841
13306,01/29/26 09:30:53 PM,0.00,0.00,278.0,-0.557,82.831,1069.350,-3.115
13307,01/29/26 09:40:53 PM,0.00,0.00,278.0,-0.665,83.687,1069.350,-3.084
13308,01/29/26 09:50:53 PM,0.67,1.34,278.0,-0.555,83.165,1069.350,-3.060
13309,01/29/26 10:00:53 PM,1.00,1.67,282.2,-0.359,82.518,1069.350,-2.972
13310,01/29/26 10:10:53 PM,1.67,2.00,271.0,-0.860,82.811,1069.350,-3.416
13311,01/29/26 10:20:53 PM,1.00,1.67,297.6,-0.791,82.379,1069.350,-3.418
13312,01/29/26 10:30:53 PM,1.34,2.00,275.2,-0.662,81.253,1069.350,-3.476
13313,01/29/26 10:40:53 PM,1.67,3.01,294.8,-0.356,80.127,1069.350,-3.363
13314,01/29/26 10:50:53 PM,1.34,2.67,289.2,-0.675,80.931,1069.350,-3.541
13315,01/29/26 11:00:53 PM,0.33,1.67,269.6,-1.246,82.731,1069.350,-3.807
13316,01/29/26 11:10:53 PM,0.33,1.00,259.7,-1.807,85.425,1069.350,-3.931
13317,01/29/26 11:20:53 PM,0.67,1.67,283.6,-2.008,86.033,1069.350,-4.034
13318,01/29/26 11:30:53 PM,1.34,2.00,278.0,-1.729,84.402,1069.350,-4.015
13319,01/29/26 11:40:53 PM,1.67,2.00,271.0,-2.378,86.728,1069.350,-4.292
13320,01/29/26 11:50:53 PM,0.67,2.34,345.4,-2.351,86.775,1069.350,-4.258
13321,01/30/26 12:00:53 AM,0.67,1.34,1.4,-2.281,86.397,1069.350,-4.247
13322,01/30/26 12:10:53 AM,0.67,1.00,329.9,-1.750,84.947,1069.350,-3.950
13323,01/30/26 12:20:53 AM,0.00,0.67,329.9,-1.635,84.318,1069.350,-3.936
13324,01/30/26 12:30:53 AM,0.33,1.00,329.9,-2.045,85.185,1069.350,-4.202
13325,01/30/26 12:40:53 AM,0.00,0.00,329.9,-2.514,87.193,1069.350,-4.355
13326,01/30/26 12:50:53 AM,0.00,0.00,329.9,-2.407,87.367,1069.350,-4.223
13327,01/30/26 01:00:53 AM,0.00,0.00,329.9,-3.024,88.406,1069.350,-4.675
13328,01/30/26 01:10:53 AM,0.00,0.00,329.9,-2.930,88.974,1069.350,-4.498
13329,01/30/26 01:20:53 AM,0.00,0.00,329.9,-3.327,89.282,1069.350,-4.844
13330,01/30/26 01:30:53 AM,0.00,0.00,329.9,-3.997,90.980,1069.350,-5.259
13331,01/30/26 01:40:53 AM,0.00,0.33,329.9,-4.102,92.096,1069.350,-5.203
13332,01/30/26 01:50:53 AM,0.00,0.00,329.9,-3.994,91.983,1069.350,-5.112
13333,01/30/26 02:00:53 AM,1.00,1.67,307.5,-3.949,92.569,1069.350,-4.983
13334,01/30/26 02:10:53 AM,1.00,1.34,289.2,-3.973,93.635,1069.350,-4.856
13335,01/30/26 02:20:53 AM,1.00,1.67,285.0,-3.606,92.909,1069.350,-4.594
13336,01/30/26 02:30:53 AM,1.34,1.67,275.2,-3.815,94.130,1069.350,-4.629
13337,01/30/26 02:40:53 AM,1.00,1.34,290.6,-3.252,92.087,1069.350,-4.361
13338,01/30/26 02:50:53 AM,1.00,1.34,299.0,-3.043,90.858,1069.350,-4.332
13339,01/30/26 03:00:53 AM,1.00,1.67,306.1,-2.630,89.149,1069.350,-4.175
13340,01/30/26 03:10:53 AM,1.34,2.00,282.2,-2.351,88.217,1069.350,-4.039
13341,01/30/26 03:20:53 AM,0.67,1.34,286.4,-2.523,88.675,1069.350,-4.140
13342,01/30/26 03:30:53 AM,0.67,1.67,292.0,-3.013,90.172,1069.350,-4.403
13343,01/30/26 03:40:53 AM,0.33,1.00,297.6,-2.793,89.537,1069.350,-4.279
13344,01/30/26 03:50:53 AM,0.00,0.00,289.2,-3.083,89.770,1069.350,-4.531
13345,01/30/26 04:00:53 AM,0.00,0.00,251.3,-3.614,92.123,1069.350,-4.715
13346,01/30/26 04:10:53 AM,0.00,0.00,251.3,-3.632,92.822,1069.350,-4.633
13347,01/30/26 04:20:53 AM,0.00,0.00,251.3,-3.938,93.716,1069.350,-4.810
13348,01/30/26 04:30:53 AM,0.00,0.00,336.9,-4.163,93.603,1069.350,-5.050
13349,01/30/26 04:40:53 AM,1.00,1.34,26.7,-4.260,94.339,1069.350,-5.043
13350,01/30/26 04:50:53 AM,1.00,1.34,28.1,-3.970,93.544,1069.350,-4.866
13351,01/30/26 05:00:53 AM,0.33,1.00,33.7,-3.925,93.979,1069.350,-4.760
13352,01/30/26 05:10:53 AM,0.00,0.33,33.7,-4.592,94.514,1069.350,-5.349
13353,01/30/26 05:20:53 AM,0.00,0.00,33.7,-5.638,96.715,1069.350,-6.089
13354,01/30/26 05:30:53 AM,0.00,0.00,33.7,-5.925,98.737,1069.350,-6.106
13355,01/30/26 05:40:53 AM,0.00,0.00,344.0,-5.852,99.205,1069.350,-5.971
13356,01/30/26 05:50:53 AM,1.00,1.67,276.6,-5.933,98.602,1069.350,-6.132
13357,01/30/26 06:00:53 AM,1.34,1.67,275.2,-5.965,98.647,1069.350,-6.158
13358,01/30/26 06:10:53 AM,1.00,1.34,278.0,-5.206,98.874,1069.350,-5.368
13359,01/30/26 06:20:53 AM,0.67,1.00,278.0,-4.662,98.103,1069.350,-4.928
13360,01/30/26 06:30:53 AM,0.00,0.00,278.0,-4.260,97.469,1069.350,-4.612
13361,01/30/26 06:40:53 AM,0.00,0.00,278.0,-3.895,96.612,1069.350,-4.364
13362,01/30/26 06:50:53 AM,0.33,1.34,273.8,-3.595,96.506,1069.350,-4.080
13363,01/30/26 07:00:53 AM,1.00,1.34,259.7,-3.584,96.347,1069.350,-4.091
13364,01/30/26 07:10:53 AM,0.33,1.34,269.6,-3.397,96.394,1069.350,-3.898
13365,01/30/26 07:20:53 AM,0.33,1.34,280.8,-2.740,95.200,1069.350,-3.409
13366,01/30/26 07:30:53 AM,0.67,1.00,315.9,-2.386,94.948,1069.350,-3.092
13367,01/30/26 07:40:53 AM,0.67,1.67,293.4,-2.110,93.428,1069.350,-3.034
13368,01/30/26 07:50:53 AM,1.00,2.00,299.0,-2.104,93.079,1069.350,-3.078
13369,01/30/26 08:00:53 AM,1.00,2.34,321.5,-1.933,92.486,1069.350,-2.994
13370,01/30/26 08:10:53 AM,0.00,0.33,324.3,-1.780,91.872,1069.350,-2.932
13371,01/30/26 08:20:53 AM,0.33,1.00,12.6,-2.002,93.947,1069.350,-2.852
13372,01/30/26 08:30:53 AM,0.00,0.00,96.9,-2.354,96.788,1069.350,-2.802
13373,01/30/26 08:40:53 AM,0.00,0.00,96.9,-2.397,97.145,1069.350,-2.796
13374,01/30/26 08:50:53 AM,0.00,0.00,78.6,-2.555,97.102,1069.350,-2.959
13375,01/30/26 09:00:53 AM,0.33,1.00,73.0,-2.490,96.547,1069.350,-2.972
13376,01/30/26 09:10:53 AM,0.00,0.67,73.0,-2.319,95.778,1069.350,-2.908
13377,01/30/26 09:20:53 AM,0.00,0.00,73.0,-2.158,95.250,1069.350,-2.822
13378,01/30/26 09:30:53 AM,0.33,1.34,81.4,-2.128,95.613,1069.350,-2.741
13379,01/30/26 09:40:53 AM,1.00,1.67,110.9,-2.177,96.353,1069.350,-2.686
13380,01/30/26 09:50:53 AM,0.33,1.34,113.7,-1.976,95.079,1069.350,-2.665
13381,01/30/26 10:00:53 AM,0.00,1.00,113.7,-1.348,92.583,1069.350,-2.399
13382,01/30/26 10:10:53 AM,0.33,1.00,74.4,-1.171,90.658,1069.350,-2.507
13383,01/30/26 10:20:53 AM,0.33,1.34,68.8,-0.968,89.622,1069.350,-2.461
13384,01/30/26 10:30:53 AM,0.33,1.67,70.2,-0.785,89.877,1069.350,-2.242
13385,01/30/26 10:40:53 AM,0.33,1.34,73.0,-0.506,89.395,1069.350,-2.038
13386,01/30/26 10:50:53 AM,0.00,1.00,94.1,-0.415,89.212,1069.350,-1.976
13387,01/30/26 11:00:53 AM,0.00,1.00,99.7,-0.040,88.313,1069.350,-1.743
13388,01/30/26 11:10:53 AM,0.33,1.00,109.5,0.394,86.934,1069.350,-1.528
13389,01/30/26 11:20:53 AM,0.33,1.34,98.3,0.858,84.016,1069.350,-1.536
13390,01/30/26 11:30:53 AM,1.00,2.00,80.0,1.255,81.323,1069.350,-1.589
13391,01/30/26 11:40:53 AM,1.67,2.34,88.4,1.247,79.846,1069.350,-1.846
13392,01/30/26 11:50:53 AM,0.67,2.00,110.9,2.290,78.344,1069.350,-1.087
13393,01/30/26 12:00:53 PM,0.33,1.34,113.7,3.365,74.237,1069.350,-0.779
13394,01/30/26 12:10:53 PM,0.67,1.67,91.3,3.998,71.930,1069.350,-0.600
13395,01/30/26 12:20:53 PM,1.34,2.67,113.7,4.679,68.493,1069.350,-0.616
13396,01/30/26 12:30:53 PM,2.00,2.67,96.9,3.754,70.924,1069.350,-1.028
13397,01/30/26 12:40:53 PM,1.67,2.67,101.1,3.349,72.770,1069.350,-1.067
13398,01/30/26 12:50:53 PM,1.34,2.34,89.9,3.569,72.090,1069.350,-0.983
13399,01/30/26 01:00:53 PM,1.67,2.67,98.3,3.587,72.419,1069.350,-0.904
13400,01/30/26 01:10:53 PM,1.67,2.34,109.5,3.488,73.307,1069.350,-0.833
13401,01/30/26 01:20:53 PM,2.00,3.01,112.3,3.587,73.367,1069.350,-0.726
13402,01/30/26 01:30:53 PM,1.67,3.01,105.3,3.866,72.038,1069.350,-0.707
13403,01/30/26 01:40:53 PM,2.00,3.01,94.1,4.311,70.474,1069.350,-0.579
13404,01/30/26 01:50:53 PM,2.00,3.34,91.3,4.815,69.062,1069.350,-0.372
13405,01/30/26 02:00:53 PM,2.34,4.01,91.3,4.759,68.515,1069.350,-0.535
13406,01/30/26 02:10:53 PM,2.34,3.67,94.1,5.032,67.048,1069.350,-0.570
13407,01/30/26 02:20:53 PM,2.67,3.67,85.6,5.204,65.554,1069.350,-0.714
13408,01/30/26 02:30:53 PM,2.67,4.34,91.3,5.676,64.024,1069.350,-0.588
13409,01/30/26 02:40:53 PM,3.01,4.01,96.9,5.939,63.258,1069.350,-0.503
13410,01/30/26 02:50:53 PM,2.67,4.34,99.7,5.982,63.056,1069.350,-0.506
13411,01/30/26 03:00:53 PM,3.01,4.01,99.7,5.510,64.263,1069.350,-0.695
13412,01/30/26 03:10:53 PM,2.67,4.01,96.9,5.738,63.804,1069.350,-0.577
13413,01/30/26 03:20:53 PM,2.67,3.67,95.5,6.035,63.082,1069.350,-0.451
13414,01/30/26 03:30:53 PM,2.34,4.01,95.5,5.896,63.638,1069.350,-0.462
13415,01/30/26 03:40:53 PM,2.34,4.01,87.0,5.850,63.597,1069.350,-0.515
13416,01/30/26 03:50:53 PM,2.00,3.34,87.0,6.156,63.037,1069.350,-0.345
13417,01/30/26 04:00:53 PM,2.00,3.01,91.3,6.630,61.939,1069.350,-0.138
13418,01/30/26 04:10:53 PM,2.34,4.01,96.9,6.539,61.903,1069.350,-0.232
13419,01/30/26 04:20:53 PM,2.00,3.34,99.7,6.242,62.679,1069.350,-0.342
13420,01/30/26 04:30:53 PM,2.00,2.67,109.5,6.183,62.756,1069.350,-0.381
13421,01/30/26 04:40:53 PM,1.67,2.67,102.5,6.142,62.593,1069.350,-0.456
13422,01/30/26 04:50:53 PM,1.34,2.34,95.5,6.142,62.696,1069.350,-0.433
13423,01/30/26 05:00:53 PM,1.34,2.34,101.1,6.132,62.794,1069.350,-0.421
13424,01/30/26 05:10:53 PM,1.67,2.34,96.9,6.427,62.495,1069.350,-0.207
13425,01/30/26 05:20:53 PM,1.67,2.67,98.3,6.435,62.638,1069.350,-0.168
13426,01/30/26 05:30:53 PM,1.67,2.67,94.1,5.960,63.471,1069.350,-0.437
13427,01/30/26 05:40:53 PM,1.67,2.34,108.1,5.732,65.771,1069.350,-0.166
13428,01/30/26 05:50:53 PM,1.34,2.34,94.1,5.831,65.205,1069.350,-0.190
13429,01/30/26 06:00:53 PM,1.34,2.34,94.1,5.555,65.859,1069.350,-0.316
13430,01/30/26 06:10:53 PM,1.00,1.67,84.2,4.882,67.304,1069.350,-0.661
13431,01/30/26 06:20:53 PM,1.00,1.67,91.3,4.400,68.808,1069.350,-0.821
13432,01/30/26 06:30:53 PM,0.00,0.00,85.6,3.829,70.541,1069.350,-1.029
13433,01/30/26 06:40:53 PM,1.00,1.34,4.2,3.196,71.821,1069.350,-1.394
13434,01/30/26 06:50:53 PM,1.00,2.00,11.2,2.936,72.866,1069.350,-1.448
13435,01/30/26 07:00:53 PM,1.00,1.67,351.0,2.754,73.524,1069.350,-1.502
13436,01/30/26 07:10:53 PM,1.00,1.67,355.2,2.743,73.695,1069.350,-1.481
13437,01/30/26 07:20:53 PM,0.67,1.34,336.9,2.435,74.308,1069.350,-1.666
13438,01/30/26 07:30:53 PM,0.67,1.34,301.8,1.440,77.017,1069.350,-2.146
13439,01/30/26 07:40:53 PM,1.00,1.67,21.1,1.242,78.320,1069.350,-2.112
13440,01/30/26 07:50:53 PM,0.67,1.34,68.8,1.467,78.366,1069.350,-1.885
13441,01/30/26 08:00:53 PM,0.00,1.00,82.8,1.330,78.305,1069.350,-2.029
13442,01/30/26 08:10:53 PM,1.00,1.34,280.8,0.545,81.270,1069.350,-2.293
13443,01/30/26 08:20:53 PM,1.00,1.34,314.5,1.145,79.872,1069.350,-1.941
13444,01/30/26 08:30:53 PM,1.00,1.67,8.4,1.185,79.773,1069.350,-1.919
13445,01/30/26 08:40:53 PM,1.00,1.67,2.8,1.220,80.064,1069.350,-1.835
13446,01/30/26 08:50:53 PM,1.00,1.67,16.8,1.360,80.061,1069.350,-1.699
13447,01/30/26 09:00:53 PM,0.67,1.34,33.7,1.520,79.706,1069.350,-1.603
13448,01/30/26 09:10:53 PM,0.00,0.00,39.3,1.475,79.768,1069.350,-1.637
13449,01/30/26 09:20:53 PM,1.00,2.00,124.9,1.008,81.369,1069.350,-1.823
13450,01/30/26 09:30:53 PM,0.00,1.00,133.4,0.687,82.893,1069.350,-1.886
13451,01/30/26 09:40:53 PM,0.00,0.00,133.4,0.542,83.471,1069.350,-1.934
13452,01/30/26 09:50:53 PM,0.00,0.00,133.4,0.400,83.830,1069.350,-2.015
13453,01/30/26 10:00:53 PM,0.00,0.00,132.0,0.384,84.009,1069.350,-2.002
13454,01/30/26 10:10:53 PM,0.00,0.00,186.7,0.397,83.665,1069.350,-2.045
13455,01/30/26 10:20:53 PM,0.67,1.34,247.1,0.150,84.427,1069.350,-2.165
13456,01/30/26 10:30:53 PM,1.00,1.34,247.1,-0.378,86.395,1069.350,-2.373
13457,01/30/26 10:40:53 PM,0.67,1.00,247.1,-0.045,85.498,1069.350,-2.186
13458,01/30/26 10:50:53 PM,0.67,1.00,247.1,0.282,84.324,1069.350,-2.052
13459,01/30/26 11:00:53 PM,1.00,1.34,247.1,-0.021,85.011,1069.350,-2.240
13460,01/30/26 11:10:53 PM,1.00,1.34,283.6,-0.614,87.735,1069.350,-2.398
13461,01/30/26 11:20:53 PM,1.00,1.34,310.3,-0.150,86.036,1069.350,-2.205
13462,01/30/26 11:30:53 PM,0.67,1.34,321.5,-0.241,86.662,1069.350,-2.196
13463,01/30/26 11:40:53 PM,1.34,2.34,315.9,-0.120,86.812,1069.350,-2.054
13464,01/30/26 11:50:53 PM,0.67,2.34,310.3,0.030,87.349,1069.350,-1.823
13465,01/31/26 12:00:53 AM,0.33,1.67,297.6,0.003,87.524,1069.350,-1.822
13466,01/31/26 12:10:53 AM,0.67,1.00,299.0,0.161,86.726,1069.350,-1.790
13467,01/31/26 12:20:53 AM,1.00,1.34,256.9,-0.582,88.678,1069.350,-2.222
13468,01/31/26 12:30:53 AM,1.34,2.00,273.8,-1.035,90.858,1069.350,-2.342
13469,01/31/26 12:40:53 AM,0.33,1.34,273.8,-0.850,90.129,1069.350,-2.268
13470,01/31/26 12:50:53 AM,0.67,1.00,275.2,-0.485,87.700,1069.350,-2.276
13471,01/31/26 01:00:53 AM,0.33,1.34,275.2,-0.879,88.473,1069.350,-2.547
13472,01/31/26 01:10:53 AM,1.00,1.34,275.2,-0.925,88.985,1069.350,-2.515
13473,01/31/26 01:20:53 AM,1.00,1.67,271.0,-0.825,88.429,1069.350,-2.500
13474,01/31/26 01:30:53 AM,1.34,2.34,252.7,-1.380,91.269,1069.350,-2.623
13475,01/31/26 01:40:53 AM,1.34,2.34,265.3,-1.115,91.832,1069.350,-2.278
13476,01/31/26 01:50:53 AM,1.00,1.67,294.8,-1.024,91.609,1069.350,-2.220
13477,01/31/26 02:00:53 AM,0.33,1.34,303.2,-0.134,88.048,1069.350,-1.876
13478,01/31/26 02:10:53 AM,1.34,2.00,285.0,0.223,87.057,1069.350,-1.678
13479,01/31/26 02:20:53 AM,1.00,1.67,268.1,0.180,87.056,1069.350,-1.720
13480,01/31/26 02:30:53 AM,1.34,2.34,289.2,0.477,86.091,1069.350,-1.579
13481,01/31/26 02:40:53 AM,1.67,2.67,303.2,0.995,83.804,1069.350,-1.436
13482,01/31/26 02:50:53 AM,3.01,4.34,327.1,1.011,83.722,1069.350,-1.433
13483,01/31/26 03:00:53 AM,2.67,4.01,315.9,1.338,82.472,1069.350,-1.317
13484,01/31/26 03:10:53 AM,1.00,1.67,255.5,1.284,82.458,1069.350,-1.373
13485,01/31/26 03:20:53 AM,1.67,3.34,272.4,1.408,82.200,1069.350,-1.294
13486,01/31/26 03:30:53 AM,1.67,3.01,287.8,1.617,81.376,1069.350,-1.226
13487,01/31/26 03:40:53 AM,0.67,1.67,292.0,1.116,82.675,1069.350,-1.501
13488,01/31/26 03:50:53 AM,1.67,3.01,299.0,1.156,82.794,1069.350,-1.443
13489,01/31/26 04:00:53 AM,2.34,3.34,282.2,1.284,82.486,1069.350,-1.368
13490,01/31/26 04:10:53 AM,2.00,3.34,252.7,1.231,82.148,1069.350,-1.476
13491,01/31/26 04:20:53 AM,1.00,1.67,255.5,0.684,83.696,1069.350,-1.758
13492,01/31/26 04:30:53 AM,1.34,2.00,226.0,0.330,84.707,1069.350,-1.943
13493,01/31/26 04:40:53 AM,0.67,1.67,216.2,-0.077,86.036,1069.350,-2.133
13494,01/31/26 04:50:53 AM,1.34,2.00,220.4,-0.324,86.458,1069.350,-2.310
13495,01/31/26 05:00:53 AM,1.00,2.00,226.0,-0.968,88.724,1069.350,-2.597
13496,01/31/26 05:10:53 AM,0.67,2.34,238.7,-0.702,88.246,1069.350,-2.407
13497,01/31/26 05:20:53 AM,1.67,2.67,223.2,-0.362,87.721,1069.350,-2.152
13498,01/31/26 05:30:53 AM,1.67,3.01,224.6,-0.571,87.765,1069.350,-2.351
13499,01/31/26 05:40:53 AM,2.00,3.67,242.9,-0.673,88.141,1069.350,-2.394
13500,01/31/26 05:50:53 AM,3.01,4.01,248.5,0.051,85.763,1069.350,-2.050
13501,01/31/26 06:00:53 AM,2.34,3.67,258.3,0.373,83.824,1069.350,-2.043
13502,01/31/26 06:10:53 AM,3.01,4.34,263.9,0.671,81.988,1069.350,-2.050
13503,01/31/26 06:20:53 AM,2.00,3.34,285.0,-0.284,84.550,1069.350,-2.572
13504,01/31/26 06:30:53 AM,2.00,2.34,296.2,-0.614,85.039,1069.350,-2.818
13505,01/31/26 06:40:53 AM,2.00,3.67,299.0,0.030,82.795,1069.350,-2.546
13506,01/31/26 06:50:53 AM,2.00,3.01,275.2,-0.083,83.062,1069.350,-2.613
13507,01/31/26 07:00:53 AM,2.00,3.01,276.6,-0.067,83.275,1069.350,-2.563
13508,01/31/26 07:10:53 AM,1.67,2.67,280.8,0.038,82.412,1069.350,-2.601
13509,01/31/26 07:20:53 AM,1.34,2.00,263.9,-0.171,82.873,1069.350,-2.730
13510,01/31/26 07:30:53 AM,1.67,2.67,261.1,0.008,82.628,1069.350,-2.595
13511,01/31/26 07:40:53 AM,2.00,3.01,268.1,0.512,80.430,1069.350,-2.465
13512,01/31/26 07:50:53 AM,2.00,2.67,271.0,0.121,82.669,1069.350,-2.477
13513,01/31/26 08:00:53 AM,1.67,2.34,297.6,0.199,83.200,1069.350,-2.315
13514,01/31/26 08:10:53 AM,1.67,2.67,296.2,1.078,78.750,1069.350,-2.198
13515,01/31/26 08:20:53 AM,2.00,3.01,271.0,0.110,81.283,1069.350,-2.716
13516,01/31/26 08:30:53 AM,1.67,3.01,297.6,-1.332,86.525,1069.350,-3.293
13517,01/31/26 08:40:53 AM,1.00,2.00,320.1,-0.276,82.876,1069.350,-2.833
13518,01/31/26 08:50:53 AM,1.67,3.01,289.2,0.614,79.455,1069.350,-2.530
13519,01/31/26 09:00:53 AM,2.00,3.01,262.5,0.314,79.797,1069.350,-2.765
13520,01/31/26 09:10:53 AM,2.00,3.34,269.6,0.775,77.421,1069.350,-2.722
13521,01/31/26 09:20:53 AM,2.00,4.01,271.0,1.038,75.409,1069.350,-2.821
13522,01/31/26 09:30:53 AM,0.33,2.00,290.6,-0.630,81.642,1069.350,-3.381
13523,01/31/26 09:40:53 AM,0.67,1.34,294.8,-0.807,84.195,1069.350,-3.142
13524,01/31/26 09:50:53 AM,0.00,0.67,256.9,0.469,81.349,1069.350,-2.354
13525,01/31/26 10:00:53 AM,0.00,0.00,256.9,1.971,77.061,1069.350,-1.622
13526,01/31/26 10:10:53 AM,0.00,0.67,220.4,2.831,74.714,1069.350,-1.209
13527,01/31/26 10:20:53 AM,0.00,0.67,198.0,2.901,74.751,1069.350,-1.134
13528,01/31/26 10:30:53 AM,0.00,0.00,167.1,2.786,75.389,1069.350,-1.130
13529,01/31/26 10:40:53 AM,1.00,1.67,271.0,3.217,75.195,1069.350,-0.747
13530,01/31/26 10:50:53 AM,0.67,2.00,292.0,3.984,72.442,1069.350,-0.516
13531,01/31/26 11:00:53 AM,0.33,1.34,303.2,5.070,66.600,1069.350,-0.626
13532,01/31/26 11:10:53 AM,1.34,2.34,331.3,5.751,63.392,1069.350,-0.653
13533,01/31/26 11:20:53 AM,1.00,2.34,87.0,5.153,69.622,1069.350,0.063
13534,01/31/26 11:30:53 AM,1.34,2.34,110.9,4.341,75.041,1069.350,0.313
13535,01/31/26 11:40:53 AM,1.34,2.34,133.4,3.762,75.940,1069.350,-0.084
13536,01/31/26 11:50:53 AM,1.34,2.34,127.8,3.791,76.204,1069.350,-0.008
13537,01/31/26 12:00:53 PM,1.00,1.67,105.3,3.818,77.813,1069.350,0.306
13538,01/31/26 12:10:53 PM,0.33,1.34,81.4,5.362,72.236,1069.350,0.773
13539,01/31/26 12:20:53 PM,0.33,1.00,50.5,6.971,66.401,1069.350,1.148
13540,01/31/26 12:30:53 PM,0.33,1.00,345.4,7.807,62.655,1069.350,1.136
13541,01/31/26 12:40:53 PM,0.33,1.34,327.1,9.051,57.168,1069.350,1.036
13542,01/31/26 12:50:53 PM,0.67,1.67,220.4,10.070,52.772,1069.350,0.877
13543,01/31/26 01:00:53 PM,0.67,1.67,182.5,10.598,50.088,1069.350,0.642
13544,01/31/26 01:10:53 PM,1.00,2.00,214.8,10.646,47.448,1069.350,-0.061
13545,01/31/26 01:20:53 PM,0.67,1.67,203.6,10.668,44.338,1069.350,-0.970
13546,01/31/26 01:30:53 PM,0.67,1.67,242.9,11.306,40.624,1069.350,-1.583
13547,01/31/26 01:40:53 PM,0.67,2.00,212.0,10.920,40.583,1069.350,-1.945
13548,01/31/26 01:50:53 PM,0.33,1.34,244.3,11.220,41.302,1069.350,-1.436
13549,01/31/26 02:00:53 PM,0.67,2.00,286.4,11.984,39.519,1069.350,-1.349
13550,01/31/26 02:10:53 PM,0.33,1.34,237.3,13.008,37.755,1069.350,-1.055
13551,01/31/26 02:20:53 PM,1.00,2.67,122.1,12.550,38.418,1069.350,-1.226
13552,01/31/26 02:30:53 PM,3.01,6.68,78.6,11.459,45.495,1069.350,0.104
13553,01/31/26 02:40:53 PM,3.67,5.34,64.6,9.110,54.481,1069.350,0.424
13554,01/31/26 02:50:53 PM,3.67,5.34,66.0,8.384,56.417,1069.350,0.228
13555,01/31/26 03:00:53 PM,3.01,4.68,63.2,8.496,56.663,1069.350,0.393
13556,01/31/26 03:10:53 PM,3.01,4.34,67.4,8.354,56.893,1069.350,0.316
13557,01/31/26 03:20:53 PM,3.34,5.34,71.6,8.043,57.551,1069.350,0.183
13558,01/31/26 03:30:53 PM,3.34,4.68,70.2,8.231,56.599,1069.350,0.129
13559,01/31/26 03:40:53 PM,2.67,4.01,75.8,8.630,55.453,1069.350,0.221
13560,01/31/26 03:50:53 PM,2.67,3.67,70.2,8.791,54.545,1069.350,0.143
13561,01/31/26 04:00:53 PM,2.34,3.67,77.2,8.724,54.369,1069.350,0.036
13562,01/31/26 04:10:53 PM,2.34,3.67,75.8,8.837,54.485,1069.350,0.171
13563,01/31/26 04:20:53 PM,2.34,3.34,81.4,9.338,52.857,1069.350,0.219
13564,01/31/26 04:30:53 PM,2.34,3.34,82.8,9.006,52.688,1069.350,-0.133
13565,01/31/26 04:40:53 PM,2.00,3.01,78.6,8.577,53.864,1069.350,-0.229
13566,01/31/26 04:50:53 PM,2.00,3.01,73.0,8.598,54.092,1069.350,-0.151
13567,01/31/26 05:00:53 PM,1.67,3.01,73.0,8.531,53.773,1069.350,-0.295
13568,01/31/26 05:10:53 PM,1.34,2.34,81.4,8.094,55.073,1069.350,-0.375
13569,01/31/26 05:20:53 PM,1.34,2.34,80.0,7.869,56.072,1069.350,-0.338
13570,01/31/26 05:30:53 PM,1.34,2.00,73.0,7.722,56.866,1069.350,-0.283
13571,01/31/26 05:40:53 PM,1.34,2.34,70.2,7.751,57.264,1069.350,-0.160
13572,01/31/26 05:50:53 PM,1.34,2.00,68.8,7.049,59.605,1069.350,-0.270
13573,01/31/26 06:00:53 PM,1.00,2.00,80.0,6.491,61.009,1069.350,-0.477
13574,01/31/26 06:10:53 PM,1.00,1.34,68.8,5.778,63.359,1069.350,-0.634
13575,01/31/26 06:20:53 PM,0.33,1.00,67.4,5.317,64.700,1069.350,-0.786
13576,01/31/26 06:30:53 PM,0.00,0.00,67.4,4.826,65.881,1069.350,-1.007
13577,01/31/26 06:40:53 PM,0.00,0.00,67.4,4.448,67.144,1069.350,-1.109
13578,01/31/26 06:50:53 PM,0.00,0.00,67.4,4.030,68.186,1069.350,-1.299
13579,01/31/26 07:00:53 PM,0.00,0.00,67.4,3.660,68.658,1069.350,-1.560
13580,01/31/26 07:10:53 PM,0.00,0.00,67.4,3.735,68.455,1069.350,-1.528
13581,01/31/26 07:20:53 PM,0.00,0.00,67.4,3.207,69.766,1069.350,-1.777
13582,01/31/26 07:30:53 PM,0.00,0.67,67.4,2.872,70.645,1069.350,-1.930
13583,01/31/26 07:40:53 PM,0.33,0.67,67.4,2.571,71.446,1069.350,-2.067
13584,01/31/26 07:50:53 PM,0.33,0.67,67.4,2.148,72.856,1069.350,-2.211
13585,01/31/26 08:00:53 PM,0.00,0.33,66.0,1.904,73.556,1069.350,-2.317
13586,01/31/26 08:10:53 PM,0.67,1.34,54.8,1.325,75.167,1069.350,-2.586
13587,01/31/26 08:20:53 PM,1.00,1.34,43.5,0.740,77.556,1069.350,-2.733
13588,01/31/26 08:30:53 PM,0.67,1.67,57.6,0.866,77.940,1069.350,-2.544
13589,01/31/26 08:40:53 PM,0.00,1.00,59.0,0.480,79.376,1069.350,-2.674
13590,01/31/26 08:50:53 PM,0.00,0.00,59.0,0.166,80.232,1069.350,-2.836
13591,01/31/26 09:00:53 PM,0.33,1.34,11.2,-0.506,81.665,1069.350,-3.255
13592,01/31/26 09:10:53 PM,1.00,1.34,311.7,-1.206,83.035,1069.350,-3.719
13593,01/31/26 09:20:53 PM,1.00,1.00,296.2,-0.984,83.755,1069.350,-3.386
13594,01/31/26 09:30:53 PM,1.00,1.34,300.4,-0.726,82.785,1069.350,-3.289
13595,01/31/26 09:40:53 PM,1.00,1.34,303.2,-0.796,83.194,1069.350,-3.291
13596,01/31/26 09:50:53 PM,1.00,1.34,303.2,-1.394,84.639,1069.350,-3.648
13597,01/31/26 10:00:53 PM,1.00,1.34,303.2,-1.675,85.914,1069.350,-3.725
13598,01/31/26 10:10:53 PM,1.00,1.00,303.2,-1.244,85.583,1069.350,-3.352
13599,01/31/26 10:20:53 PM,0.67,1.34,303.2,-1.045,85.068,1069.350,-3.237
13600,01/31/26 10:30:53 PM,0.67,1.00,303.2,-1.131,84.904,1069.350,-3.348
13601,01/31/26 10:40:53 PM,0.67,1.34,303.2,-1.394,86.004,1069.350,-3.434
13602,01/31/26 10:50:53 PM,1.34,1.67,301.8,-2.555,87.724,1069.350,-4.315
13603,01/31/26 11:00:53 PM,1.34,1.34,300.4,-2.525,89.364,1069.350,-4.039
13604,01/31/26 11:10:53 PM,1.34,1.67,300.4,-2.051,88.118,1069.350,-3.758
13605,01/31/26 11:20:53 PM,1.00,1.34,300.4,-1.970,88.138,1069.350,-3.675
13606,01/31/26 11:30:53 PM,1.00,1.34,300.4,-1.906,87.556,1069.350,-3.700
13607,01/31/26 11:40:53 PM,1.00,1.34,300.4,-2.150,88.508,1069.350,-3.797
13608,01/31/26 11:50:53 PM,1.00,1.34,300.4,-2.324,88.899,1069.350,-3.910
13609,02/01/26 12:00:53 AM,1.34,1.67,300.4,-2.563,89.476,1069.350,-4.060
13610,02/01/26 12:10:53 AM,1.34,1.67,300.4,-2.257,88.879,1069.350,-3.847
13611,02/01/26 12:20:53 AM,1.00,1.34,300.4,-2.145,88.415,1069.350,-3.806
13612,02/01/26 12:30:53 AM,1.00,1.34,300.4,-2.265,88.917,1069.350,-3.849
13613,02/01/26 12:40:53 AM,1.00,1.00,300.4,-1.850,88.077,1069.350,-3.566
13614,02/01/26 12:50:53 AM,0.67,1.00,300.4,-2.179,88.684,1069.350,-3.799
13615,02/01/26 01:00:53 AM,0.67,1.00,300.4,-2.222,89.029,1069.350,-3.790
13616,02/01/26 01:10:53 AM,0.33,1.00,300.4,-2.469,89.523,1069.350,-3.960
13617,02/01/26 01:20:53 AM,0.00,0.00,300.4,-2.590,89.747,1069.350,-4.047
13618,02/01/26 01:30:53 AM,0.00,0.00,300.4,-3.182,90.805,1069.350,-4.477
13619,02/01/26 01:40:53 AM,0.00,0.00,300.4,-2.683,91.301,1069.350,-3.910
13620,02/01/26 01:50:53 AM,0.00,0.00,300.4,-1.866,88.273,1069.350,-3.552
13621,02/01/26 02:00:53 AM,0.33,1.34,308.9,-2.260,89.332,1069.350,-3.782
13622,02/01/26 02:10:53 AM,0.33,1.34,355.2,-2.027,88.646,1069.350,-3.655
13623,02/01/26 02:20:53 AM,0.00,0.00,355.2,-3.016,91.331,1069.350,-4.236
13624,02/01/26 02:30:53 AM,0.00,0.00,355.2,-3.147,92.699,1069.350,-4.169
13625,02/01/26 02:40:53 AM,0.00,0.00,355.2,-2.992,92.396,1069.350,-4.058
13626,02/01/26 02:50:53 AM,0.67,1.34,338.3,-3.616,92.847,1069.350,-4.613
13627,02/01/26 03:00:53 AM,1.00,1.34,325.7,-3.021,92.232,1069.350,-4.111
13628,02/01/26 03:10:53 AM,1.00,1.34,334.1,-3.120,91.414,1069.350,-4.327
13629,02/01/26 03:20:53 AM,0.33,1.34,344.0,-3.252,90.979,1069.350,-4.521
13630,02/01/26 03:30:53 AM,0.33,1.00,344.0,-3.348,91.966,1069.350,-4.473
13631,02/01/26 03:40:53 AM,0.33,1.00,344.0,-3.313,90.988,1069.350,-4.580
13632,02/01/26 03:50:53 AM,0.33,1.00,344.0,-3.292,91.881,1069.350,-4.430
13633,02/01/26 04:00:53 AM,0.00,0.33,344.0,-2.887,91.186,1069.350,-4.129
13634,02/01/26 04:10:53 AM,0.00,0.33,344.0,-3.051,90.179,1069.350,-4.439
13635,02/01/26 04:20:53 AM,1.00,1.34,290.6,-3.882,92.589,1069.350,-4.914
13636,02/01/26 04:30:53 AM,0.00,1.00,275.2,-3.319,93.362,1069.350,-4.245
13637,02/01/26 04:40:53 AM,0.00,0.00,275.2,-2.627,90.599,1069.350,-3.958
13638,02/01/26 04:50:53 AM,0.00,1.00,275.2,-2.675,90.233,1069.350,-4.059
13639,02/01/26 05:00:53 AM,0.33,1.00,317.3,-3.220,91.102,1069.350,-4.472
13640,02/01/26 05:10:53 AM,0.00,0.67,317.3,-3.372,92.436,1069.350,-4.430
13641,02/01/26 05:20:53 AM,0.00,0.33,317.3,-3.391,91.369,1069.350,-4.602
13642,02/01/26 05:30:53 AM,0.00,0.33,317.3,-4.045,94.040,1069.350,-4.871
13643,02/01/26 05:40:53 AM,0.00,0.00,317.3,-3.413,93.399,1069.350,-4.333
13644,02/01/26 05:50:53 AM,0.00,0.67,317.3,-3.236,92.113,1069.350,-4.341
13645,02/01/26 06:00:53 AM,0.33,1.00,317.3,-3.426,91.896,1069.350,-4.561
13646,02/01/26 06:10:53 AM,0.33,1.34,317.3,-3.831,93.678,1069.350,-4.709
13647,02/01/26 06:20:53 AM,0.00,0.33,317.3,-3.402,92.108,1069.350,-4.507
13648,02/01/26 06:30:53 AM,0.00,0.00,342.6,-4.088,93.527,1069.350,-4.986
13649,02/01/26 06:40:53 AM,0.00,0.00,346.8,-4.582,95.332,1069.350,-5.225
13650,02/01/26 06:50:53 AM,0.00,0.00,346.8,-4.332,95.386,1069.350,-4.969
13651,02/01/26 07:00:53 AM,0.33,1.67,331.3,-4.552,94.745,1069.350,-5.277
13652,02/01/26 07:10:53 AM,1.00,1.34,301.8,-4.287,95.276,1069.350,-4.939
13653,02/01/26 07:20:53 AM,1.00,1.67,301.8,-4.230,93.896,1069.350,-5.075
13654,02/01/26 07:30:53 AM,1.00,1.34,289.2,-4.517,94.629,1069.350,-5.258
13655,02/01/26 07:40:53 AM,1.00,1.67,307.5,-4.279,94.459,1069.350,-5.045
13656,02/01/26 07:50:53 AM,1.00,1.34,296.2,-3.826,93.774,1069.350,-4.690
13657,02/01/26 08:00:53 AM,0.33,1.34,294.8,-3.632,93.103,1069.350,-4.593
13658,02/01/26 08:10:53 AM,1.00,1.67,279.4,-3.450,92.622,1069.350,-4.480
13659,02/01/26 08:20:53 AM,0.00,1.00,279.4,-3.096,91.199,1069.350,-4.335
13660,02/01/26 08:30:53 AM,0.00,0.00,279.4,-3.193,91.707,1069.350,-4.357
13661,02/01/26 08:40:53 AM,0.00,0.00,279.4,-2.799,90.405,1069.350,-4.156
13662,02/01/26 08:50:53 AM,0.00,0.00,279.4,-2.740,89.587,1069.350,-4.219
13663,02/01/26 09:00:53 AM,0.00,0.00,279.4,-3.163,91.270,1069.350,-4.391
13664,02/01/26 09:10:53 AM,0.00,0.00,279.4,-2.981,90.867,1069.350,-4.269
13665,02/01/26 09:20:53 AM,0.00,0.00,279.4,-2.909,90.535,1069.350,-4.246
13666,02/01/26 09:30:53 AM,0.00,0.00,279.4,-2.801,90.277,1069.350,-4.177
13667,02/01/26 09:40:53 AM,0.00,0.00,279.4,-2.340,88.154,1069.350,-4.038
13668,02/01/26 09:50:53 AM,0.00,0.00,279.4,-2.737,90.936,1069.350,-4.017
13669,02/01/26 10:00:53 AM,0.00,0.00,279.4,-2.488,90.825,1069.350,-3.787
13670,02/01/26 10:10:53 AM,0.00,0.00,279.4,-1.812,91.504,1069.350,-3.017
13671,02/01/26 10:20:53 AM,0.00,1.00,266.7,-0.453,87.918,1069.350,-2.211
13672,02/01/26 10:30:53 AM,0.00,1.00,209.2,0.499,84.335,1069.350,-1.837
13673,02/01/26 10:40:53 AM,0.00,0.00,258.3,0.982,81.151,1069.350,-1.885
13674,02/01/26 10:50:53 AM,0.00,0.00,258.3,1.166,78.697,1069.350,-2.121
13675,02/01/26 11:00:53 AM,0.00,0.00,258.3,1.081,79.681,1069.350,-2.036
13676,02/01/26 11:10:53 AM,0.00,0.00,258.3,1.577,77.896,1069.350,-1.859
13677,02/01/26 11:20:53 AM,0.00,0.00,258.3,1.971,76.149,1069.350,-1.784
13678,02/01/26 11:30:53 AM,0.00,0.67,258.3,3.000,71.891,1069.350,-1.569
13679,02/01/26 11:40:53 AM,0.33,1.67,265.3,3.689,70.752,1069.350,-1.123
13680,02/01/26 11:50:53 AM,1.34,2.34,134.8,2.909,72.679,1069.350,-1.509
13681,02/01/26 12:00:53 PM,1.67,2.67,119.3,2.550,74.800,1069.350,-1.465
13682,02/01/26 12:10:53 PM,1.67,2.67,112.3,2.850,74.566,1069.350,-1.217
13683,02/01/26 12:20:53 PM,1.67,3.01,109.5,3.158,75.042,1069.350,-0.832
13684,02/01/26 12:30:53 PM,2.00,3.01,112.3,3.815,72.093,1069.350,-0.745
13685,02/01/26 12:40:53 PM,1.34,3.01,133.4,3.681,72.999,1069.350,-0.704
13686,02/01/26 12:50:53 PM,0.33,1.67,214.8,4.282,69.657,1069.350,-0.766
13687,02/01/26 01:00:53 PM,0.67,2.00,158.6,5.349,66.354,1069.350,-0.410
13688,02/01/26 01:10:53 PM,0.67,2.00,137.6,6.582,62.542,1069.350,-0.050
13689,02/01/26 01:20:53 PM,1.34,2.34,147.4,6.335,63.638,1069.350,-0.045
13690,02/01/26 01:30:53 PM,1.00,2.00,139.0,6.504,62.303,1069.350,-0.176
13691,02/01/26 01:40:53 PM,1.00,2.67,124.9,6.848,61.366,1069.350,-0.059
13692,02/01/26 01:50:53 PM,0.67,2.00,120.7,7.167,60.789,1069.350,0.112
13693,02/01/26 02:00:53 PM,1.00,2.00,117.9,7.386,59.698,1069.350,0.070
13694,02/01/26 02:10:53 PM,0.67,1.34,119.3,7.604,59.072,1069.350,0.130
13695,02/01/26 02:20:53 PM,1.00,2.00,113.7,8.266,57.183,1069.350,0.304
13696,02/01/26 02:30:53 PM,1.34,3.01,103.9,9.008,54.928,1069.350,0.442
13697,02/01/26 02:40:53 PM,1.34,2.67,99.7,9.697,52.866,1069.350,0.555
13698,02/01/26 02:50:53 PM,1.00,2.00,108.1,9.872,51.360,1069.350,0.318
13699,02/01/26 03:00:53 PM,1.34,2.34,115.1,10.067,49.918,1069.350,0.105
13700,02/01/26 03:10:53 PM,1.00,2.00,101.1,10.534,48.011,1069.350,-0.001
13701,02/01/26 03:20:53 PM,0.67,2.00,98.3,11.212,46.569,1069.350,0.200
13702,02/01/26 03:30:53 PM,0.67,1.34,112.3,11.016,46.676,1069.350,0.053
13703,02/01/26 03:40:53 PM,0.33,1.00,126.4,11.408,45.348,1069.350,0.013
13704,02/01/26 03:50:53 PM,0.67,1.67,207.8,11.467,44.540,1069.350,-0.180
13705,02/01/26 04:00:53 PM,1.00,2.00,230.2,10.829,45.565,1069.350,-0.449
13706,02/01/26 04:10:53 PM,1.00,1.67,271.0,10.491,46.593,1069.350,-0.452
13707,02/01/26 04:20:53 PM,0.67,1.67,259.7,10.638,46.267,1069.350,-0.414
13708,02/01/26 04:30:53 PM,1.34,2.34,273.8,10.850,46.247,1069.350,-0.226
13709,02/01/26 04:40:53 PM,2.00,3.01,238.7,10.652,46.560,1069.350,-0.315
13710,02/01/26 04:50:53 PM,1.67,3.34,244.3,10.502,47.869,1069.350,-0.071
13711,02/01/26 05:00:53 PM,2.00,3.34,255.5,10.215,48.203,1069.350,-0.239
13712,02/01/26 05:10:53 PM,2.67,4.01,272.4,9.692,46.859,1069.350,-1.106
13713,02/01/26 05:20:53 PM,3.01,4.01,272.4,9.384,47.259,1069.350,-1.273
13714,02/01/26 05:30:53 PM,2.67,4.34,272.4,8.941,48.890,1069.350,-1.217
13715,02/01/26 05:40:53 PM,2.67,3.67,276.6,8.475,50.669,1069.350,-1.160
13716,02/01/26 05:50:53 PM,3.01,4.34,279.4,8.258,51.077,1069.350,-1.252
13717,02/01/26 06:00:53 PM,3.34,5.01,279.4,7.976,51.838,1069.350,-1.312
13718,02/01/26 06:10:53 PM,3.67,6.35,286.4,7.612,52.673,1069.350,-1.432
13719,02/01/26 06:20:53 PM,4.01,6.35,287.8,7.413,51.678,1069.350,-1.876
13720,02/01/26 06:30:53 PM,3.67,5.68,294.8,6.925,53.512,1069.350,-1.857
13721,02/01/26 06:40:53 PM,3.67,5.01,297.6,6.496,54.713,1069.350,-1.956
13722,02/01/26 06:50:53 PM,4.01,5.68,296.2,6.091,54.926,1069.350,-2.282
13723,02/01/26 07:00:53 PM,3.34,5.01,292.0,5.885,53.571,1069.350,-2.810
13724,02/01/26 07:10:53 PM,3.01,4.34,296.2,5.502,53.944,1069.350,-3.074
13725,02/01/26 07:20:53 PM,3.01,4.01,292.0,4.984,55.431,1069.350,-3.193
13726,02/01/26 07:30:53 PM,3.01,4.01,292.0,4.941,54.867,1069.350,-3.370
13727,02/01/26 07:40:53 PM,3.01,4.34,296.2,4.874,55.213,1069.350,-3.349
13728,02/01/26 07:50:53 PM,3.34,4.34,293.4,4.963,55.218,1069.350,-3.264
13729,02/01/26 08:00:53 PM,3.34,4.34,287.8,4.888,54.878,1069.350,-3.417
13730,02/01/26 08:10:53 PM,2.67,3.67,269.6,3.604,59.745,1069.350,-3.487
13731,02/01/26 08:20:53 PM,3.01,3.67,275.2,3.051,62.495,1069.350,-3.408
13732,02/01/26 08:30:53 PM,3.01,4.01,280.8,3.601,61.096,1069.350,-3.190
13733,02/01/26 08:40:53 PM,2.67,4.01,289.2,3.644,60.900,1069.350,-3.193
13734,02/01/26 08:50:53 PM,2.67,3.67,286.4,3.708,60.380,1069.350,-3.247
13735,02/01/26 09:00:53 PM,2.67,3.34,286.4,3.523,61.093,1069.350,-3.265
13736,02/01/26 09:10:53 PM,2.34,3.01,276.6,3.563,60.806,1069.350,-3.290
13737,02/01/26 09:20:53 PM,2.34,3.34,265.3,3.083,62.611,1069.350,-3.353
13738,02/01/26 09:30:53 PM,2.67,3.34,268.1,2.839,63.537,1069.350,-3.388
13739,02/01/26 09:40:53 PM,2.67,3.01,265.3,2.638,64.192,1069.350,-3.442
13740,02/01/26 09:50:53 PM,2.34,3.01,262.5,2.035,66.087,1069.350,-3.629
13741,02/01/26 10:00:53 PM,2.34,2.67,273.8,1.579,67.948,1069.350,-3.694
13742,02/01/26 10:10:53 PM,1.67,2.34,285.0,1.059,69.880,1069.350,-3.819
13743,02/01/26 10:20:53 PM,2.34,2.67,293.4,1.499,68.008,1069.350,-3.759
13744,02/01/26 10:30:53 PM,2.00,2.34,294.8,1.459,67.982,1069.350,-3.802
13745,02/01/26 10:40:53 PM,1.67,2.34,301.8,1.201,69.454,1069.350,-3.764
13746,02/01/26 10:50:53 PM,2.00,2.67,308.9,1.099,70.112,1069.350,-3.737
13747,02/01/26 11:00:53 PM,1.67,2.34,296.2,0.909,70.655,1069.350,-3.817
13748,02/01/26 11:10:53 PM,1.67,2.00,290.6,0.786,70.909,1069.350,-3.887
13749,02/01/26 11:20:53 PM,1.67,2.00,282.2,0.247,72.851,1069.350,-4.047
13750,02/01/26 11:30:53 PM,2.00,2.67,289.2,-0.220,74.965,1069.350,-4.119
13751,02/01/26 11:40:53 PM,2.00,2.67,282.2,0.480,72.445,1069.350,-3.897
13752,02/01/26 11:50:53 PM,2.00,2.67,279.4,0.148,73.652,1069.350,-3.998
13753,02/02/26 12:00:53 AM,2.67,3.01,276.6,1.150,70.854,1069.350,-3.547
13754,02/02/26 12:10:53 AM,2.00,2.67,283.6,1.649,69.058,1069.350,-3.411
13755,02/02/26 12:20:53 AM,2.00,2.67,287.8,1.662,68.777,1069.350,-3.453
13756,02/02/26 12:30:53 AM,1.67,2.67,294.8,1.464,69.081,1069.350,-3.584
13757,02/02/26 12:40:53 AM,2.00,2.67,293.4,1.169,70.109,1069.350,-3.670
13758,02/02/26 12:50:53 AM,1.67,2.67,292.0,1.381,69.491,1069.350,-3.584
13759,02/02/26 01:00:53 AM,1.67,2.34,294.8,1.429,69.734,1069.350,-3.492
13760,02/02/26 01:10:53 AM,1.34,2.00,296.2,1.413,69.557,1069.350,-3.541
13761,02/02/26 01:20:53 AM,1.34,2.00,292.0,0.973,70.835,1069.350,-3.721
13762,02/02/26 01:30:53 AM,1.67,2.34,287.8,0.550,72.345,1069.350,-3.848
13763,02/02/26 01:40:53 AM,1.67,2.67,293.4,0.472,72.914,1069.350,-3.819
13764,02/02/26 01:50:53 AM,2.00,2.67,301.8,0.306,73.640,1069.350,-3.847
13765,02/02/26 02:00:53 AM,2.00,2.34,310.3,0.051,74.417,1069.350,-3.954
13766,02/02/26 02:10:53 AM,1.67,2.00,301.8,-0.356,75.480,1069.350,-4.160
13767,02/02/26 02:20:53 AM,1.34,1.67,300.4,-0.531,75.761,1069.350,-4.280
13768,02/02/26 02:30:53 AM,1.67,2.67,300.4,-0.246,75.061,1069.350,-4.127
13769,02/02/26 02:40:53 AM,2.00,3.01,301.8,-0.099,75.492,1069.350,-3.908
13770,02/02/26 02:50:53 AM,2.00,3.34,313.1,-0.222,75.926,1069.350,-3.951
13771,02/02/26 03:00:53 AM,3.01,3.67,320.1,-0.303,75.128,1069.350,-4.170
13772,02/02/26 03:10:53 AM,3.01,3.67,325.7,-0.485,75.059,1069.350,-4.359
13773,02/02/26 03:20:53 AM,3.01,4.01,321.5,-0.472,75.093,1069.350,-4.340
13774,02/02/26 03:30:53 AM,3.34,4.34,311.7,0.027,73.657,1069.350,-4.114
13775,02/02/26 03:40:53 AM,3.67,4.68,313.1,-0.115,74.379,1069.350,-4.122
13776,02/02/26 03:50:53 AM,3.34,4.68,311.7,0.180,73.513,1069.350,-3.992
13777,02/02/26 04:00:53 AM,3.01,4.34,303.2,0.164,73.428,1069.350,-4.023
13778,02/02/26 04:10:53 AM,3.01,4.01,327.1,0.526,71.664,1069.350,-3.997
13779,02/02/26 04:20:53 AM,1.67,3.67,296.2,-0.552,74.823,1069.350,-4.466
13780,02/02/26 04:30:53 AM,1.00,2.34,301.8,-1.110,76.695,1069.350,-4.680
13781,02/02/26 04:40:53 AM,1.67,2.67,328.5,-1.080,76.602,1069.350,-4.667
13782,02/02/26 04:50:53 AM,1.00,2.34,286.4,-1.246,77.053,1069.350,-4.751
13783,02/02/26 05:00:53 AM,1.34,2.34,263.9,-0.649,75.387,1069.350,-4.460
13784,02/02/26 05:10:53 AM,1.34,2.00,271.0,-1.831,79.265,1069.350,-4.946
13785,02/02/26 05:20:53 AM,1.34,2.67,294.8,-2.094,81.256,1069.350,-4.876
13786,02/02/26 05:30:53 AM,2.00,2.67,301.8,-1.989,79.536,1069.350,-5.056
13787,02/02/26 05:40:53 AM,1.67,2.67,311.7,-1.831,79.568,1069.350,-4.896
13788,02/02/26 05:50:53 AM,1.34,2.00,307.5,-1.557,78.398,1069.350,-4.825
13789,02/02/26 06:00:53 AM,1.67,2.34,307.5,-1.555,77.841,1069.350,-4.917
13790,02/02/26 06:10:53 AM,1.67,2.34,317.3,-0.431,74.444,1069.350,-4.416
13791,02/02/26 06:20:53 AM,1.34,2.00,307.5,-0.742,74.084,1069.350,-4.781
13792,02/02/26 06:30:53 AM,2.00,2.67,290.6,-1.997,78.668,1069.350,-5.208
13793,02/02/26 06:40:53 AM,2.00,2.67,276.6,-2.753,81.378,1069.350,-5.501
13794,02/02/26 06:50:53 AM,2.34,2.67,275.2,-3.311,83.757,1069.350,-5.669
13795,02/02/26 07:00:53 AM,2.34,3.01,268.1,-3.134,83.531,1069.350,-5.531
13796,02/02/26 07:10:53 AM,2.34,3.01,275.2,-3.823,85.559,1069.350,-5.894
13797,02/02/26 07:20:53 AM,2.67,3.34,275.2,-3.506,85.158,1069.350,-5.643
13798,02/02/26 07:30:53 AM,2.00,3.01,279.4,-3.576,84.613,1069.350,-5.796
13799,02/02/26 07:40:53 AM,1.67,2.34,268.1,-3.504,84.787,1069.350,-5.699
13800,02/02/26 07:50:53 AM,1.34,2.34,275.2,-2.914,82.562,1069.350,-5.469
13801,02/02/26 08:00:53 AM,2.00,3.01,276.6,-2.348,80.253,1069.350,-5.288
13802,02/02/26 08:10:53 AM,2.34,3.67,278.0,-2.311,80.035,1069.350,-5.288
13803,02/02/26 08:20:53 AM,1.67,2.34,276.6,-2.986,82.234,1069.350,-5.592
13804,02/02/26 08:30:53 AM,1.34,2.34,306.1,-2.828,82.011,1069.350,-5.472
13805,02/02/26 08:40:53 AM,1.34,2.00,262.5,-3.273,83.015,1069.350,-5.749
13806,02/02/26 08:50:53 AM,1.00,1.67,258.3,-3.005,82.403,1069.350,-5.583
13807,02/02/26 09:00:53 AM,1.00,1.67,254.1,-2.724,81.428,1069.350,-5.464
13808,02/02/26 09:10:53 AM,0.67,1.34,262.5,-2.043,78.805,1069.350,-5.230
13809,02/02/26 09:20:53 AM,0.67,1.67,293.4,-1.407,76.464,1069.350,-5.008
13810,02/02/26 09:30:53 AM,0.33,1.67,279.4,-1.171,76.382,1069.350,-4.793
13811,02/02/26 09:40:53 AM,1.34,2.00,282.2,0.223,72.325,1069.350,-4.167
13812,02/02/26 09:50:53 AM,1.34,2.00,275.2,0.920,70.941,1069.350,-3.752
13813,02/02/26 10:00:53 AM,1.67,2.34,252.7,0.719,74.000,1069.350,-3.382
13814,02/02/26 10:10:53 AM,1.67,2.67,258.3,2.604,68.626,1069.350,-2.579
13815,02/02/26 10:20:53 AM,1.34,2.34,261.1,3.357,67.558,1069.350,-2.069
13816,02/02/26 10:30:53 AM,1.67,2.67,271.0,4.394,63.287,1069.350,-1.964
13817,02/02/26 10:40:53 AM,2.00,2.67,249.9,4.979,61.210,1069.350,-1.862
13818,02/02/26 10:50:53 AM,2.00,3.01,247.1,5.622,59.528,1069.350,-1.632
13819,02/02/26 11:00:53 AM,2.00,3.01,255.5,6.217,57.681,1069.350,-1.501
13820,02/02/26 11:10:53 AM,2.00,3.34,280.8,6.915,56.973,1069.350,-1.014
13821,02/02/26 11:20:53 AM,2.34,3.67,307.5,6.858,56.660,1069.350,-1.142
13822,02/02/26 11:30:53 AM,2.34,4.34,301.8,7.370,55.064,1069.350,-1.053
13823,02/02/26 11:40:53 AM,2.67,4.01,304.7,7.478,53.854,1069.350,-1.255
13824,02/02/26 11:50:53 AM,2.67,4.01,300.4,7.601,52.479,1069.350,-1.493
13825,02/02/26 12:00:53 PM,2.67,4.01,311.7,7.236,53.317,1069.350,-1.617
13826,02/02/26 12:10:53 PM,2.67,5.01,296.2,7.638,52.119,1069.350,-1.552
13827,02/02/26 12:20:53 PM,3.34,5.34,308.9,7.558,51.321,1069.350,-1.835
13828,02/02/26 12:30:53 PM,2.67,4.68,296.2,7.960,49.850,1069.350,-1.858
13829,02/02/26 12:40:53 PM,3.34,5.34,296.2,7.654,48.211,1069.350,-2.591
13830,02/02/26 12:50:53 PM,3.34,5.01,300.4,7.687,48.298,1069.350,-2.537
13831,02/02/26 01:00:53 PM,3.01,5.34,273.8,7.998,47.765,1069.350,-2.400
13832,02/02/26 01:10:53 PM,2.67,4.68,293.4,7.869,46.564,1069.350,-2.861
13833,02/02/26 01:20:53 PM,2.34,4.68,275.2,8.244,46.564,1069.350,-2.518
13834,02/02/26 01:30:53 PM,2.34,5.34,282.2,8.609,45.844,1069.350,-2.394
13835,02/02/26 01:40:53 PM,2.67,4.34,258.3,8.512,46.332,1069.350,-2.340
13836,02/02/26 01:50:53 PM,2.67,4.34,268.1,8.644,46.209,1069.350,-2.255
13837,02/02/26 02:00:53 PM,3.01,4.68,247.1,8.995,45.542,1069.350,-2.131
13838,02/02/26 02:10:53 PM,2.67,5.01,268.1,9.083,45.126,1069.350,-2.174
13839,02/02/26 02:20:53 PM,3.34,6.01,259.7,9.167,45.246,1069.350,-2.062
13840,02/02/26 02:30:53 PM,3.67,6.01,262.5,8.952,45.692,1069.350,-2.125
13841,02/02/26 02:40:53 PM,3.67,6.35,265.3,8.896,45.035,1069.350,-2.372
13842,02/02/26 02:50:53 PM,3.34,5.34,269.6,8.842,44.697,1069.350,-2.523
13843,02/02/26 03:00:53 PM,3.34,6.01,261.1,9.161,44.881,1069.350,-2.177
13844,02/02/26 03:10:53 PM,3.67,6.35,263.9,9.306,44.448,1069.350,-2.176
13845,02/02/26 03:20:53 PM,3.34,5.34,283.6,9.408,44.085,1069.350,-2.194
13846,02/02/26 03:30:53 PM,3.67,6.01,283.6,8.947,44.811,1069.350,-2.393
13847,02/02/26 03:40:53 PM,4.01,6.68,276.6,9.180,45.751,1069.350,-1.900
13848,02/02/26 03:50:53 PM,4.34,6.68,263.9,9.113,45.821,1069.350,-1.940
13849,02/02/26 04:00:53 PM,4.34,6.35,263.9,8.837,45.968,1069.350,-2.149
13850,02/02/26 04:10:53 PM,4.34,6.68,266.7,8.979,45.631,1069.350,-2.119
13851,02/02/26 04:20:53 PM,4.34,6.68,266.7,8.041,48.469,1069.350,-2.163
13852,02/02/26 04:30:53 PM,4.68,6.68,259.7,8.614,49.320,1069.350,-1.399
13853,02/02/26 04:40:53 PM,5.34,7.68,258.3,8.534,49.056,1069.350,-1.546
13854,02/02/26 04:50:53 PM,5.34,7.35,271.0,7.772,50.703,1069.350,-1.801
13855,02/02/26 05:00:53 PM,5.34,7.68,273.8,7.893,49.392,1069.350,-2.044
13856,02/02/26 05:10:53 PM,4.68,7.01,273.8,8.180,49.085,1069.350,-1.864
13857,02/02/26 05:20:53 PM,5.34,8.35,275.2,7.622,48.487,1069.350,-2.544
13858,02/02/26 05:30:53 PM,5.68,8.02,272.4,7.161,50.437,1069.350,-2.438
13859,02/02/26 05:40:53 PM,5.68,8.02,271.0,7.271,50.625,1069.350,-2.286
13860,02/02/26 05:50:53 PM,5.01,8.02,268.1,7.397,51.371,1069.350,-1.971
13861,02/02/26 06:00:53 PM,5.34,7.35,269.6,7.078,49.734,1069.350,-2.703
13862,02/02/26 06:10:53 PM,4.34,6.68,276.6,6.941,49.061,1069.350,-3.013
13863,02/02/26 06:20:53 PM,4.01,6.01,280.8,6.620,49.810,1069.350,-3.106
13864,02/02/26 06:30:53 PM,3.34,5.34,286.4,5.955,52.847,1069.350,-2.928
13865,02/02/26 06:40:53 PM,3.34,5.34,287.8,5.311,55.753,1069.350,-2.809
13866,02/02/26 06:50:53 PM,2.34,3.67,292.0,4.046,61.022,1069.350,-2.786
13867,02/02/26 07:00:53 PM,1.67,3.01,265.3,3.247,63.999,1069.350,-2.903
13868,02/02/26 07:10:53 PM,2.00,2.67,245.7,2.528,66.931,1069.350,-2.988
13869,02/02/26 07:20:53 PM,1.34,2.00,237.3,1.831,69.923,1069.350,-3.069
13870,02/02/26 07:30:53 PM,1.34,2.00,231.6,1.681,70.207,1069.350,-3.159
13871,02/02/26 07:40:53 PM,2.00,2.34,226.0,1.327,71.354,1069.350,-3.283
13872,02/02/26 07:50:53 PM,0.33,2.00,249.9,0.553,73.959,1069.350,-3.550
13873,02/02/26 08:00:53 PM,0.00,1.00,268.1,0.419,74.546,1069.350,-3.575
13874,02/02/26 08:10:53 PM,1.34,2.00,248.5,0.134,75.738,1069.350,-3.639
13875,02/02/26 08:20:53 PM,2.00,3.01,240.1,-0.828,79.132,1069.350,-3.991
13876,02/02/26 08:30:53 PM,2.34,3.01,233.1,-0.884,80.833,1069.350,-3.762
13877,02/02/26 08:40:53 PM,1.34,2.34,265.3,-0.721,80.133,1069.350,-3.719
13878,02/02/26 08:50:53 PM,2.34,3.01,272.4,1.059,74.850,1069.350,-2.900
13879,02/02/26 09:00:53 PM,2.34,3.34,271.0,2.378,70.529,1069.350,-2.427
13880,02/02/26 09:10:53 PM,1.34,2.00,293.4,1.955,71.174,1069.350,-2.712
13881,02/02/26 09:20:53 PM,0.33,1.67,258.3,0.850,74.491,1069.350,-3.167
13882,02/02/26 09:30:53 PM,0.00,0.33,255.5,0.158,77.494,1069.350,-3.309
13883,02/02/26 09:40:53 PM,0.00,1.34,242.9,-0.086,78.611,1069.350,-3.355
13884,02/02/26 09:50:53 PM,0.67,1.67,220.4,-0.348,80.049,1069.350,-3.368
13885,02/02/26 10:00:53 PM,0.67,1.34,263.9,-0.292,79.243,1069.350,-3.449
13886,02/02/26 10:10:53 PM,1.34,2.67,263.9,-0.509,79.947,1069.350,-3.543
13887,02/02/26 10:20:53 PM,1.00,2.00,259.7,-0.461,79.791,1069.350,-3.522
13888,02/02/26 10:30:53 PM,2.00,3.01,256.9,0.469,77.659,1069.350,-2.978
13889,02/02/26 10:40:53 PM,2.00,3.01,265.3,0.960,75.845,1069.350,-2.819
13890,02/02/26 10:50:53 PM,1.00,2.34,266.7,0.641,76.439,1069.350,-3.024
13891,02/02/26 11:00:53 PM,0.00,0.00,278.0,0.330,77.021,1069.350,-3.224
13892,02/02/26 11:10:53 PM,0.67,2.34,268.1,0.448,76.425,1069.350,-3.214
13893,02/02/26 11:20:53 PM,0.00,1.34,286.4,0.443,76.100,1069.350,-3.275
13894,02/02/26 11:30:53 PM,0.33,1.34,282.2,0.201,77.020,1069.350,-3.350
13895,02/02/26 11:40:53 PM,0.33,1.67,261.1,0.469,76.448,1069.350,-3.189
13896,02/02/26 11:50:53 PM,1.00,2.34,263.9,0.067,77.345,1069.350,-3.424
13897,02/03/26 12:00:53 AM,1.34,2.34,276.6,-0.968,81.244,1069.350,-3.776
13898,02/03/26 12:10:53 AM,1.00,1.67,276.6,-0.834,81.608,1069.350,-3.586
13899,02/03/26 12:20:53 AM,1.00,1.67,296.2,-0.646,80.726,1069.350,-3.547
13900,02/03/26 12:30:53 AM,1.67,3.34,301.8,0.024,78.683,1069.350,-3.236
13901,02/03/26 12:40:53 AM,2.00,3.34,308.9,0.708,75.554,1069.350,-3.115
13902,02/03/26 12:50:53 AM,1.67,2.67,252.7,-0.362,79.567,1069.350,-3.463
13903,02/03/26 01:00:53 AM,1.67,2.67,248.5,-0.335,79.466,1069.350,-3.454
13904,02/03/26 01:10:53 AM,2.00,3.01,242.9,-0.166,78.495,1069.350,-3.453
13905,02/03/26 01:20:53 AM,2.34,3.01,241.5,-0.399,79.091,1069.350,-3.579
13906,02/03/26 01:30:53 AM,1.67,2.67,247.1,-0.608,80.345,1069.350,-3.573
13907,02/03/26 01:40:53 AM,1.67,2.67,249.9,-0.512,79.875,1069.350,-3.558
13908,02/03/26 01:50:53 AM,1.67,2.67,261.1,-0.592,79.995,1069.350,-3.616
13909,02/03/26 02:00:53 AM,2.00,3.67,280.8,-0.812,80.604,1069.350,-3.729
13910,02/03/26 02:10:53 AM,1.67,2.34,235.9,-1.332,81.775,1069.350,-4.046
13911,02/03/26 02:20:53 AM,1.67,3.34,289.2,-0.831,80.455,1069.350,-3.773
13912,02/03/26 02:30:53 AM,0.67,2.34,259.7,-0.839,79.881,1069.350,-3.876
13913,02/03/26 02:40:53 AM,1.67,3.34,248.5,-0.528,78.543,1069.350,-3.798
13914,02/03/26 02:50:53 AM,2.00,3.67,279.4,0.263,74.730,1069.350,-3.693
13915,02/03/26 03:00:53 AM,1.67,3.34,265.3,0.134,74.641,1069.350,-3.834
13916,02/03/26 03:10:53 AM,2.00,3.01,266.7,-0.067,75.149,1069.350,-3.938
13917,02/03/26 03:20:53 AM,1.67,3.01,279.4,-0.104,75.044,1069.350,-3.992
13918,02/03/26 03:30:53 AM,2.00,3.01,262.5,0.148,73.930,1069.350,-3.948
13919,02/03/26 03:40:53 AM,2.00,3.67,293.4,0.083,74.279,1069.350,-3.948
13920,02/03/26 03:50:53 AM,2.67,4.34,314.5,0.480,72.639,1069.350,-3.861
13921,02/03/26 04:00:53 AM,3.67,5.34,320.1,0.695,72.171,1069.350,-3.740
13922,02/03/26 04:10:53 AM,3.34,4.68,317.3,0.802,71.690,1069.350,-3.726
13923,02/03/26 04:20:53 AM,4.34,6.01,310.3,1.177,69.953,1069.350,-3.692
13924,02/03/26 04:30:53 AM,3.67,5.01,310.3,1.124,69.763,1069.350,-3.779
13925,02/03/26 04:40:53 AM,2.00,3.67,254.1,0.030,73.329,1069.350,-4.170
13926,02/03/26 04:50:53 AM,1.00,2.34,289.2,-0.742,76.388,1069.350,-4.376
13927,02/03/26 05:00:53 AM,0.33,1.67,299.0,-0.726,76.204,1069.350,-4.392
13928,02/03/26 05:10:53 AM,1.00,2.34,290.6,-0.198,74.791,1069.350,-4.128
13929,02/03/26 05:20:53 AM,1.34,2.67,268.1,-0.667,76.498,1069.350,-4.284
13930,02/03/26 05:30:53 AM,1.00,2.00,285.0,-0.552,75.425,1069.350,-4.360
13931,02/03/26 05:40:53 AM,1.67,2.67,265.3,-0.316,74.644,1069.350,-4.269
13932,02/03/26 05:50:53 AM,1.67,3.34,301.8,-0.179,75.224,1069.350,-4.033
13933,02/03/26 06:00:53 AM,1.34,2.34,282.2,0.394,72.673,1069.350,-3.938
13934,02/03/26 06:10:53 AM,1.67,2.34,227.4,-0.549,76.027,1069.350,-4.251
13935,02/03/26 06:20:53 AM,1.34,2.00,234.5,-0.230,75.792,1069.350,-3.983
13936,02/03/26 06:30:53 AM,0.33,1.67,244.3,0.217,74.730,1069.350,-3.737
13937,02/03/26 06:40:53 AM,0.00,1.00,248.5,0.158,74.470,1069.350,-3.841
13938,02/03/26 06:50:53 AM,1.00,2.00,279.4,0.032,75.088,1069.350,-3.853
13939,02/03/26 07:00:53 AM,1.67,2.34,273.8,0.148,74.850,1069.350,-3.783
13940,02/03/26 07:10:53 AM,1.34,2.00,285.0,-0.506,77.502,1069.350,-3.954
13941,02/03/26 07:20:53 AM,1.67,2.67,275.2,-0.115,77.394,1069.350,-3.592
13942,02/03/26 07:30:53 AM,1.67,2.67,254.1,-0.203,77.473,1069.350,-3.664
13943,02/03/26 07:40:53 AM,1.34,2.00,261.1,-0.378,78.465,1069.350,-3.665
13944,02/03/26 07:50:53 AM,0.67,2.00,296.2,-0.758,79.802,1069.350,-3.810
13945,02/03/26 08:00:53 AM,0.67,2.00,310.3,-0.799,81.080,1069.350,-3.638
13946,02/03/26 08:10:53 AM,1.00,2.34,272.4,-0.842,81.582,1069.350,-3.598
13947,02/03/26 08:20:53 AM,1.67,2.34,241.5,-0.367,80.388,1069.350,-3.331
13948,02/03/26 08:30:53 AM,1.34,3.01,280.8,-0.096,79.641,1069.350,-3.191
13949,02/03/26 08:40:53 AM,1.67,4.01,279.4,0.384,77.194,1069.350,-3.142
13950,02/03/26 08:50:53 AM,1.67,2.67,285.0,-0.399,79.300,1069.350,-3.544
13951,02/03/26 09:00:53 AM,2.00,3.67,289.2,-0.391,80.122,1069.350,-3.398
13952,02/03/26 09:10:53 AM,2.00,3.01,259.7,-0.281,79.911,1069.350,-3.326
13953,02/03/26 09:20:53 AM,2.00,3.01,276.6,0.244,78.436,1069.350,-3.064
13954,02/03/26 09:30:53 AM,2.00,2.67,256.9,0.196,78.286,1069.350,-3.136
13955,02/03/26 09:40:53 AM,1.67,3.67,245.7,0.807,77.331,1069.350,-2.707
13956,02/03/26 09:50:53 AM,1.67,2.34,272.4,0.815,78.654,1069.350,-2.470
13957,02/03/26 10:00:53 AM,2.00,3.67,261.1,2.091,75.944,1069.350,-1.704
13958,02/03/26 10:10:53 AM,2.00,3.67,266.7,4.094,70.175,1069.350,-0.846
13959,02/03/26 10:20:53 AM,2.00,3.34,261.1,4.582,68.602,1069.350,-0.687
13960,02/03/26 10:30:53 AM,2.00,3.01,259.7,4.974,67.863,1069.350,-0.460
13961,02/03/26 10:40:53 AM,2.00,3.67,249.9,6.129,64.868,1069.350,0.022
13962,02/03/26 10:50:53 AM,2.00,3.34,269.6,6.226,64.752,1069.350,0.090
13963,02/03/26 11:00:53 AM,2.67,3.67,294.8,6.920,63.775,1069.350,0.540
13964,02/03/26 11:10:53 AM,3.01,5.01,304.7,7.421,63.137,1069.350,0.877
13965,02/03/26 11:20:53 AM,3.34,5.34,311.7,7.636,62.873,1069.350,1.022
13966,02/03/26 11:30:53 AM,3.67,5.68,315.9,8.081,62.188,1069.350,1.292
13967,02/03/26 11:40:53 AM,4.01,6.01,310.3,8.416,61.926,1069.350,1.550
13968,02/03/26 11:50:53 AM,4.68,6.68,303.2,8.268,60.415,1069.350,1.067
13969,02/03/26 12:00:53 PM,4.68,7.01,303.2,8.384,60.963,1069.350,1.302
13970,02/03/26 12:10:53 PM,4.34,6.01,293.4,9.027,59.330,1069.350,1.530
13971,02/03/26 12:20:53 PM,4.01,5.68,286.4,9.596,58.398,1069.350,1.844
13972,02/03/26 12:30:53 PM,3.34,5.01,285.0,10.209,57.577,1069.350,2.221
13973,02/03/26 12:40:53 PM,3.67,6.01,290.6,10.346,57.031,1069.350,2.216
13974,02/03/26 12:50:53 PM,3.34,4.68,278.0,10.539,57.028,1069.350,2.396
13975,02/03/26 01:00:53 PM,3.67,4.68,249.9,10.743,56.469,1069.350,2.449
13976,02/03/26 01:10:53 PM,3.67,5.34,242.9,11.000,56.756,1069.350,2.761
13977,02/03/26 01:20:53 PM,4.01,5.68,238.7,11.092,56.680,1069.350,2.828
13978,02/03/26 01:30:53 PM,4.01,5.68,251.3,11.285,55.929,1069.350,2.821
13979,02/03/26 01:40:53 PM,3.34,5.34,259.7,11.789,55.277,1069.350,3.126
13980,02/03/26 01:50:53 PM,3.34,5.68,262.5,11.901,54.755,1069.350,3.096
13981,02/03/26 02:00:53 PM,3.34,5.68,258.3,12.242,53.223,1069.350,3.013
13982,02/03/26 02:10:53 PM,3.01,5.01,272.4,12.295,53.423,1069.350,3.115
13983,02/03/26 02:20:53 PM,3.67,5.34,259.7,12.397,52.998,1069.350,3.097
13984,02/03/26 02:30:53 PM,3.67,5.68,262.5,12.394,53.371,1069.350,3.193
13985,02/03/26 02:40:53 PM,4.01,5.68,262.5,12.577,53.669,1069.350,3.442
13986,02/03/26 02:50:53 PM,4.34,6.35,254.1,12.566,53.672,1069.350,3.433
13987,02/03/26 03:00:53 PM,4.01,5.68,263.9,12.405,54.400,1069.350,3.474
13988,02/03/26 03:10:53 PM,4.68,6.68,258.3,11.941,55.120,1069.350,3.227
13989,02/03/26 03:20:53 PM,5.01,7.01,258.3,12.062,55.306,1069.350,3.388
13990,02/03/26 03:30:53 PM,5.01,6.68,265.3,12.097,54.887,1069.350,3.313
13991,02/03/26 03:40:53 PM,4.68,6.68,263.9,12.169,54.998,1069.350,3.409
13992,02/03/26 03:50:53 PM,4.01,6.35,261.1,12.518,54.182,1069.350,3.522
13993,02/03/26 04:00:53 PM,4.34,6.35,256.9,12.279,54.897,1069.350,3.485
13994,02/03/26 04:10:53 PM,4.01,5.34,258.3,11.987,55.402,1069.350,3.343
13995,02/03/26 04:20:53 PM,3.67,5.01,255.5,12.105,54.826,1069.350,3.305
13996,02/03/26 04:30:53 PM,3.34,4.68,256.9,12.279,54.574,1069.350,3.402
13997,02/03/26 04:40:53 PM,3.01,4.34,259.7,12.357,54.586,1069.350,3.477
13998,02/03/26 04:50:53 PM,3.01,4.34,254.1,12.520,53.510,1069.350,3.347
13999,02/03/26 05:00:53 PM,3.01,5.01,256.9,12.470,53.642,1069.350,3.336
14000,02/03/26 05:10:53 PM,2.67,4.01,254.1,12.467,53.880,1069.350,3.395
14001,02/03/26 05:20:53 PM,2.67,4.34,256.9,11.952,54.757,1069.350,3.144
14002,02/03/26 05:30:53 PM,2.67,4.01,268.1,11.360,56.863,1069.350,3.124
14003,02/03/26 05:40:53 PM,2.67,4.01,266.7,11.204,57.227,1069.350,3.068
14004,02/03/26 05:50:53 PM,2.34,3.67,268.1,10.840,58.042,1069.350,2.927
14005,02/03/26 06:00:53 PM,2.00,3.34,265.3,9.850,61.242,1069.350,2.751
14006,02/03/26 06:10:53 PM,2.34,3.34,273.8,8.829,63.977,1069.350,2.398
14007,02/03/26 06:20:53 PM,3.34,4.68,290.6,8.201,65.576,1069.350,2.147
14008,02/03/26 06:30:53 PM,3.01,4.34,272.4,7.727,67.318,1069.350,2.062
14009,02/03/26 06:40:53 PM,2.34,3.34,263.9,6.856,70.146,1069.350,1.803
14010,02/03/26 06:50:53 PM,2.34,3.01,269.6,6.161,72.186,1069.350,1.534
14011,02/03/26 07:00:53 PM,2.34,3.67,255.5,5.421,74.270,1069.350,1.216
14012,02/03/26 07:10:53 PM,3.01,3.67,249.9,5.354,74.824,1069.350,1.254
14013,02/03/26 07:20:53 PM,3.01,4.34,276.6,4.861,76.895,1069.350,1.156
14014,02/03/26 07:30:53 PM,3.34,5.01,285.0,5.392,75.801,1069.350,1.472
14015,02/03/26 07:40:53 PM,3.01,4.68,272.4,5.628,74.778,1069.350,1.511
14016,02/03/26 07:50:53 PM,2.67,3.67,279.4,5.453,75.207,1069.350,1.421
14017,02/03/26 08:00:53 PM,1.34,2.67,195.1,4.676,76.849,1069.350,0.968
14018,02/03/26 08:10:53 PM,1.34,3.34,85.6,3.467,81.054,1069.350,0.528
14019,02/03/26 08:20:53 PM,1.34,2.34,132.0,3.225,80.670,1069.350,0.226
14020,02/03/26 08:30:53 PM,1.00,1.67,92.7,2.898,82.962,1069.350,0.292
14021,02/03/26 08:40:53 PM,0.00,0.00,84.2,3.140,82.072,1069.350,0.380
14022,02/03/26 08:50:53 PM,0.67,1.34,16.8,2.976,81.778,1069.350,0.170
14023,02/03/26 09:00:53 PM,0.67,1.34,352.4,2.429,83.584,1069.350,-0.065
14024,02/03/26 09:10:53 PM,0.67,2.00,37.9,2.014,84.872,1069.350,-0.262
14025,02/03/26 09:20:53 PM,1.34,1.34,301.8,2.035,84.819,1069.350,-0.250
14026,02/03/26 09:30:53 PM,1.34,2.00,320.1,1.207,85.928,1069.350,-0.886
14027,02/03/26 09:40:53 PM,1.00,2.00,101.1,0.158,89.471,1069.350,-1.370
14028,02/03/26 09:50:53 PM,0.67,1.34,23.9,0.287,89.587,1069.350,-1.225
14029,02/03/26 10:00:53 PM,0.00,1.00,332.7,0.839,89.035,1069.350,-0.764
14030,02/03/26 10:10:53 PM,0.00,0.00,332.7,1.622,87.251,1069.350,-0.268
14031,02/03/26 10:20:53 PM,1.00,2.00,310.3,1.595,84.520,1069.350,-0.731
14032,02/03/26 10:30:53 PM,1.34,2.00,272.4,-0.262,89.734,1069.350,-1.746
14033,02/03/26 10:40:53 PM,1.00,1.67,244.3,-0.297,89.706,1069.350,-1.785
14034,02/03/26 10:50:53 PM,1.34,2.00,282.2,-1.139,92.537,1069.350,-2.198
14035,02/03/26 11:00:53 PM,1.34,2.00,285.0,-0.729,91.475,1069.350,-1.948
14036,02/03/26 11:10:53 PM,1.34,1.67,290.6,-0.517,91.478,1069.350,-1.737
14037,02/03/26 11:20:53 PM,1.34,1.67,307.5,-0.354,91.443,1069.350,-1.581
14038,02/03/26 11:30:53 PM,1.34,1.67,303.2,-0.528,92.197,1069.350,-1.642
14039,02/03/26 11:40:53 PM,1.00,1.67,320.1,-0.024,91.429,1069.350,-1.256
14040,02/03/26 11:50:53 PM,1.00,1.67,318.7,0.057,90.698,1069.350,-1.285
14041,02/04/26 12:00:53 AM,1.34,1.67,311.7,-0.262,91.763,1069.350,-1.442
14042,02/04/26 12:10:53 AM,1.00,2.00,336.9,-0.364,91.301,1069.350,-1.612
14043,02/04/26 12:20:53 AM,1.00,2.00,338.3,-0.348,92.337,1069.350,-1.443
14044,02/04/26 12:30:53 AM,0.67,1.67,321.5,-0.418,92.103,1069.350,-1.547
14045,02/04/26 12:40:53 AM,0.33,1.00,321.5,-0.657,93.477,1069.350,-1.583
14046,02/04/26 12:50:53 AM,1.34,1.67,304.7,-0.523,92.735,1069.350,-1.558
14047,02/04/26 01:00:53 AM,1.34,1.67,300.4,-0.528,92.447,1069.350,-1.605
14048,02/04/26 01:10:53 AM,1.00,1.67,286.4,-0.799,92.126,1069.350,-1.921
14049,02/04/26 01:20:53 AM,1.34,1.67,237.3,-1.946,94.881,1069.350,-2.663
14050,02/04/26 01:30:53 AM,1.34,2.00,292.0,-2.287,96.272,1069.350,-2.807
14051,02/04/26 01:40:53 AM,1.34,2.00,310.3,-1.547,94.926,1069.350,-2.260
14052,02/04/26 01:50:53 AM,1.34,2.00,310.3,-1.268,93.585,1069.350,-2.174
14053,02/04/26 02:00:53 AM,1.67,2.34,293.4,-1.397,93.333,1069.350,-2.339
14054,02/04/26 02:10:53 AM,2.34,3.01,317.3,-1.732,94.641,1069.350,-2.484
14055,02/04/26 02:20:53 AM,1.67,2.67,303.2,-1.375,94.888,1069.350,-2.094
14056,02/04/26 02:30:53 AM,1.00,1.67,255.5,-1.871,94.426,1069.350,-2.653
14057,02/04/26 02:40:53 AM,1.34,2.34,283.6,-1.943,95.651,1069.350,-2.552
14058,02/04/26 02:50:53 AM,2.34,3.01,303.2,-1.584,94.659,1069.350,-2.335
14059,02/04/26 03:00:53 AM,2.34,4.01,297.6,-0.801,93.327,1069.350,-1.748
14060,02/04/26 03:10:53 AM,1.67,3.67,286.4,-0.488,91.287,1069.350,-1.737
14061,02/04/26 03:20:53 AM,0.67,1.34,244.3,-1.675,93.671,1069.350,-2.567
14062,02/04/26 03:30:53 AM,0.67,2.67,273.8,-2.005,94.675,1069.350,-2.751
14063,02/04/26 03:40:53 AM,1.67,2.67,310.3,-1.289,93.246,1069.350,-2.244
14064,02/04/26 03:50:53 AM,1.34,2.34,265.3,-0.777,91.832,1069.350,-1.943
14065,02/04/26 04:00:53 AM,1.34,3.34,279.4,-1.332,92.804,1069.350,-2.351
14066,02/04/26 04:10:53 AM,1.67,3.34,299.0,-1.075,92.468,1069.350,-2.145
14067,02/04/26 04:20:53 AM,0.67,1.34,262.5,-1.697,93.857,1069.350,-2.562
14068,02/04/26 04:30:53 AM,1.00,2.00,244.3,-1.573,94.258,1069.350,-2.381
14069,02/04/26 04:40:53 AM,0.67,1.34,256.9,-2.142,95.013,1069.350,-2.840
14070,02/04/26 04:50:53 AM,1.34,2.00,271.0,-2.367,95.581,1069.350,-2.984
14071,02/04/26 05:00:53 AM,1.67,2.00,286.4,-2.171,96.521,1069.350,-2.657
14072,02/04/26 05:10:53 AM,1.34,2.00,252.7,-1.879,94.784,1069.350,-2.610
14073,02/04/26 05:20:53 AM,0.67,1.34,278.0,-1.667,94.304,1069.350,-2.468
14074,02/04/26 05:30:53 AM,1.00,2.67,349.6,-0.876,92.044,1069.350,-2.010
14075,02/04/26 05:40:53 AM,1.34,3.01,329.9,-0.466,90.925,1069.350,-1.769
14076,02/04/26 05:50:53 AM,1.67,2.67,53.3,-1.096,90.216,1069.350,-2.498
14077,02/04/26 06:00:53 AM,1.00,1.67,99.7,-3.332,95.546,1069.350,-3.950
14078,02/04/26 06:10:53 AM,0.67,1.34,80.0,-3.767,97.852,1069.350,-4.067
14079,02/04/26 06:20:53 AM,1.00,1.67,68.8,-4.206,97.838,1069.350,-4.508
14080,02/04/26 06:30:53 AM,0.67,1.34,66.0,-4.367,99.193,1069.350,-4.486
14081,02/04/26 06:40:53 AM,0.67,1.34,33.7,-4.035,98.808,1069.350,-4.206
14082,02/04/26 06:50:53 AM,0.67,1.00,0.0,-4.037,98.000,1069.350,-4.317
14083,02/04/26 07:00:53 AM,0.33,1.34,0.0,-4.086,98.160,1069.350,-4.344
14084,02/04/26 07:10:53 AM,1.34,1.67,314.5,-4.753,97.920,1069.350,-5.043
14085,02/04/26 07:20:53 AM,1.34,2.00,285.0,-4.753,98.840,1069.350,-4.920
14086,02/04/26 07:30:53 AM,1.34,2.00,280.8,-4.539,99.062,1069.350,-4.676
14087,02/04/26 07:40:53 AM,0.67,1.34,282.2,-3.541,99.600,1069.350,-3.605
14088,02/04/26 07:50:53 AM,0.33,1.34,282.2,-3.547,97.752,1069.350,-3.861
14089,02/04/26 08:00:53 AM,1.00,1.34,282.2,-4.606,97.998,1069.350,-4.886
14090,02/04/26 08:10:53 AM,0.67,1.00,287.8,-3.600,99.149,1069.350,-3.725
14091,02/04/26 08:20:53 AM,0.33,1.00,318.7,-3.303,97.726,1069.350,-3.621
14092,02/04/26 08:30:53 AM,0.33,1.00,338.3,-4.579,96.028,1069.350,-5.127
14093,02/04/26 08:40:53 AM,0.00,1.00,345.4,-5.472,97.867,1069.350,-5.769
14094,02/04/26 08:50:53 AM,0.00,0.00,342.6,-5.413,99.391,1069.350,-5.507
14095,02/04/26 09:00:53 AM,0.00,0.00,342.6,-5.021,99.258,1069.350,-5.132
14096,02/04/26 09:10:53 AM,0.67,1.34,320.1,-4.700,98.198,1069.350,-4.953
14097,02/04/26 09:20:53 AM,1.34,1.34,303.2,-3.994,96.767,1069.350,-4.442
14098,02/04/26 09:30:53 AM,1.00,1.34,300.4,-2.986,94.907,1069.350,-3.695
14099,02/04/26 09:40:53 AM,0.67,1.00,300.4,-2.595,95.079,1069.350,-3.282
14100,02/04/26 09:50:53 AM,0.33,1.00,300.4,-1.785,94.392,1069.350,-2.573
14101,02/04/26 10:00:53 AM,0.00,0.00,300.4,-0.775,93.405,1069.350,-1.710
14102,02/04/26 10:10:53 AM,0.00,0.00,300.4,0.040,92.308,1069.350,-1.062
14103,02/04/26 10:20:53 AM,0.00,0.00,300.4,0.234,92.244,1069.350,-0.879
14104,02/04/26 10:30:53 AM,0.00,0.00,303.2,0.762,91.220,1069.350,-0.508
14105,02/04/26 10:40:53 AM,0.00,0.00,0.0,1.349,89.096,1069.350,-0.250
14106,02/04/26 10:50:53 AM,0.00,0.00,63.2,1.971,87.730,1069.350,0.151
14107,02/04/26 11:00:53 AM,0.00,1.00,74.4,3.097,84.869,1069.350,0.802
14108,02/04/26 11:10:53 AM,1.00,2.00,130.6,2.711,86.662,1069.350,0.712
14109,02/04/26 11:20:53 AM,1.00,1.67,116.5,3.035,86.061,1069.350,0.934
14110,02/04/26 11:30:53 AM,1.00,2.00,117.9,3.794,83.314,1069.350,1.229
14111,02/04/26 11:40:53 AM,1.00,1.67,144.6,4.167,80.566,1069.350,1.128
14112,02/04/26 11:50:53 AM,1.00,2.00,129.2,4.743,78.759,1069.350,1.374
14113,02/04/26 12:00:53 PM,0.67,2.00,109.5,5.263,76.814,1069.350,1.531
14114,02/04/26 12:10:53 PM,1.34,2.34,126.4,5.496,76.675,1069.350,1.732
14115,02/04/26 12:20:53 PM,1.34,2.67,94.1,5.968,74.768,1069.350,1.838
14116,02/04/26 12:30:53 PM,1.00,2.67,126.4,6.663,72.508,1069.350,2.080
14117,02/04/26 12:40:53 PM,1.00,2.34,119.3,6.652,71.746,1069.350,1.922
14118,02/04/26 12:50:53 PM,1.34,2.67,124.9,7.220,69.546,1069.350,2.032
14119,02/04/26 01:00:53 PM,1.34,3.01,141.8,7.853,66.780,1069.350,2.070
14120,02/04/26 01:10:53 PM,1.67,2.67,117.9,8.175,65.899,1069.350,2.191
14121,02/04/26 01:20:53 PM,1.67,3.01,106.7,8.346,65.458,1069.350,2.259
14122,02/04/26 01:30:53 PM,1.67,2.67,105.3,8.236,65.885,1069.350,2.246
14123,02/04/26 01:40:53 PM,1.67,3.01,127.8,8.421,65.344,1069.350,2.306
14124,02/04/26 01:50:53 PM,1.67,3.34,119.3,8.727,63.940,1069.350,2.293
14125,02/04/26 02:00:53 PM,1.34,2.67,119.3,9.038,63.223,1069.350,2.430
14126,02/04/26 02:10:53 PM,1.34,2.67,106.7,9.815,59.879,1069.350,2.401
14127,02/04/26 02:20:53 PM,1.00,2.34,98.3,10.105,59.007,1069.350,2.468
14128,02/04/26 02:30:53 PM,1.00,2.34,108.1,10.679,56.779,1069.350,2.466
14129,02/04/26 02:40:53 PM,1.34,3.01,101.1,10.515,57.499,1069.350,2.489
14130,02/04/26 02:50:53 PM,1.34,2.00,99.7,11.129,54.836,1069.350,2.397
14131,02/04/26 03:00:53 PM,1.00,2.67,103.9,11.526,53.330,1069.350,2.376
14132,02/04/26 03:10:53 PM,1.34,2.67,108.1,11.397,53.059,1069.350,2.185
14133,02/04/26 03:20:53 PM,1.00,2.34,35.1,11.405,53.071,1069.350,2.195
14134,02/04/26 03:30:53 PM,1.34,2.67,81.4,11.990,51.107,1069.350,2.209
14135,02/04/26 03:40:53 PM,1.67,2.67,120.7,11.641,50.916,1069.350,1.834
14136,02/04/26 03:50:53 PM,1.34,2.34,117.9,11.834,49.969,1069.350,1.749
14137,02/04/26 04:00:53 PM,1.00,1.67,133.4,11.577,50.671,1069.350,1.707
14138,02/04/26 04:10:53 PM,1.34,2.34,108.1,11.697,49.551,1069.350,1.506
14139,02/04/26 04:20:53 PM,0.67,1.67,127.8,11.730,48.367,1069.350,1.200
14140,02/04/26 04:30:53 PM,0.67,2.00,126.4,12.094,47.709,1069.350,1.343
14141,02/04/26 04:40:53 PM,1.34,2.34,115.1,11.960,49.450,1069.350,1.720
14142,02/04/26 04:50:53 PM,1.34,2.34,82.8,12.826,48.109,1069.350,2.131
14143,02/04/26 05:00:53 PM,1.00,2.00,94.1,13.164,46.856,1069.350,2.071
14144,02/04/26 05:10:53 PM,1.67,3.01,99.7,12.781,47.173,1069.350,1.815
14145,02/04/26 05:20:53 PM,1.34,2.34,88.4,12.663,47.924,1069.350,1.928
14146,02/04/26 05:30:53 PM,0.67,2.00,88.4,12.561,48.734,1069.350,2.069
14147,02/04/26 05:40:53 PM,0.67,1.34,119.3,11.697,51.054,1069.350,1.923
14148,02/04/26 05:50:53 PM,1.00,1.67,98.3,10.925,53.283,1069.350,1.805
14149,02/04/26 06:00:53 PM,1.00,1.34,94.1,10.598,54.769,1069.350,1.885
14150,02/04/26 06:10:53 PM,1.00,1.34,74.4,9.984,56.678,1069.350,1.790
14151,02/04/26 06:20:53 PM,1.00,1.34,70.2,9.255,58.390,1069.350,1.522
14152,02/04/26 06:30:53 PM,1.00,1.34,70.2,8.620,59.789,1069.350,1.254
14153,02/04/26 06:40:53 PM,0.33,1.34,74.4,8.338,60.076,1069.350,1.054
14154,02/04/26 06:50:53 PM,0.67,1.67,167.1,7.400,63.552,1069.350,0.948
14155,02/04/26 07:00:53 PM,1.00,1.34,285.0,6.563,64.883,1069.350,0.439
14156,02/04/26 07:10:53 PM,0.67,1.34,315.9,5.574,67.715,1069.350,0.084
14157,02/04/26 07:20:53 PM,0.67,1.34,317.3,5.386,68.829,1069.350,0.129
14158,02/04/26 07:30:53 PM,0.67,1.00,321.5,4.979,70.057,1069.350,-0.018
14159,02/04/26 07:40:53 PM,0.33,1.34,322.9,4.909,70.744,1069.350,0.049
14160,02/04/26 07:50:53 PM,1.00,2.00,328.5,3.971,71.261,1069.350,-0.754
14161,02/04/26 08:00:53 PM,1.00,1.34,315.9,3.467,72.380,1069.350,-1.027
14162,02/04/26 08:10:53 PM,0.67,1.00,314.5,3.057,74.063,1069.350,-1.109
14163,02/04/26 08:20:53 PM,0.67,1.34,315.9,2.826,74.765,1069.350,-1.204
14164,02/04/26 08:30:53 PM,1.34,1.67,299.0,1.799,77.580,1069.350,-1.698
14165,02/04/26 08:40:53 PM,1.34,1.67,297.6,1.440,79.239,1069.350,-1.761
14166,02/04/26 08:50:53 PM,1.00,1.67,306.1,2.260,76.858,1069.350,-1.377
14167,02/04/26 09:00:53 PM,1.34,1.67,308.9,1.751,78.114,1069.350,-1.652
14168,02/04/26 09:10:53 PM,1.34,1.67,311.7,1.821,78.514,1069.350,-1.515
14169,02/04/26 09:20:53 PM,1.34,1.67,296.2,1.536,79.857,1069.350,-1.562
14170,02/04/26 09:30:53 PM,1.34,1.67,303.2,1.397,81.070,1069.350,-1.493
14171,02/04/26 09:40:53 PM,1.34,2.00,306.1,1.370,80.827,1069.350,-1.560
14172,02/04/26 09:50:53 PM,1.67,2.34,272.4,0.829,83.371,1069.350,-1.669
14173,02/04/26 10:00:53 PM,1.67,2.00,282.2,0.657,84.221,1069.350,-1.700
14174,02/04/26 10:10:53 PM,1.34,2.00,303.2,1.354,81.692,1069.350,-1.431
14175,02/04/26 10:20:53 PM,1.00,1.67,317.3,1.019,82.058,1069.350,-1.698
14176,02/04/26 10:30:53 PM,1.00,2.00,335.5,0.421,84.463,1069.350,-1.893
14177,02/04/26 10:40:53 PM,0.67,1.67,9.8,0.845,83.352,1069.350,-1.656
14178,02/04/26 10:50:53 PM,0.67,1.34,103.9,-0.485,85.537,1069.350,-2.613
14179,02/04/26 11:00:53 PM,0.00,0.00,112.3,-1.866,91.452,1069.350,-3.078
14180,02/04/26 11:10:53 PM,0.00,0.00,37.9,-1.563,92.233,1069.350,-2.664
14181,02/04/26 11:20:53 PM,0.00,0.00,37.9,-0.520,88.699,1069.350,-2.158
14182,02/04/26 11:30:53 PM,0.00,0.00,37.9,0.124,87.362,1069.350,-1.728
14183,02/04/26 11:40:53 PM,0.00,0.00,28.1,0.258,85.899,1069.350,-1.825
14184,02/04/26 11:50:53 PM,0.33,1.67,278.0,-0.667,87.883,1069.350,-2.428
14185,02/05/26 12:00:53 AM,1.67,2.00,278.0,-1.796,90.344,1069.350,-3.172
14186,02/05/26 12:10:53 AM,1.00,1.34,278.0,-1.061,90.196,1069.350,-2.467
14187,02/05/26 12:20:53 AM,1.00,1.34,278.0,-0.606,89.039,1069.350,-2.191
14188,02/05/26 12:30:53 AM,1.00,1.34,278.0,-0.158,87.955,1069.350,-1.914
14189,02/05/26 12:40:53 AM,1.34,1.67,296.2,-0.957,87.907,1069.350,-2.710
14190,02/05/26 12:50:53 AM,1.34,1.67,297.6,-1.943,91.788,1069.350,-3.106
14191,02/05/26 01:00:53 AM,1.00,1.34,311.7,-1.220,90.733,1069.350,-2.544
14192,02/05/26 01:10:53 AM,1.34,1.67,310.3,-1.174,90.654,1069.350,-2.510
14193,02/05/26 01:20:53 AM,1.00,1.34,308.9,-0.968,90.568,1069.350,-2.319
14194,02/05/26 01:30:53 AM,1.34,1.67,296.2,-0.708,90.082,1069.350,-2.135
14195,02/05/26 01:40:53 AM,0.67,1.34,299.0,-0.817,90.318,1069.350,-2.207
14196,02/05/26 01:50:53 AM,0.33,1.34,308.9,-1.043,90.704,1069.350,-2.373
14197,02/05/26 02:00:53 AM,1.00,2.00,297.6,-2.056,91.551,1069.350,-3.252
14198,02/05/26 02:10:53 AM,1.34,2.00,313.1,-1.836,93.866,1069.350,-2.699
14199,02/05/26 02:20:53 AM,1.34,2.00,321.5,-0.686,90.745,1069.350,-2.014
14200,02/05/26 02:30:53 AM,1.00,1.67,308.9,-0.860,91.162,1069.350,-2.124
14201,02/05/26 02:40:53 AM,1.00,1.34,311.7,-1.008,91.730,1069.350,-2.187
14202,02/05/26 02:50:53 AM,1.00,1.67,307.5,-0.938,92.027,1069.350,-2.074
14203,02/05/26 03:00:53 AM,0.67,1.34,307.5,-1.206,92.091,1069.350,-2.330
14204,02/05/26 03:10:53 AM,0.00,1.00,300.4,-1.332,92.432,1069.350,-2.405
14205,02/05/26 03:20:53 AM,0.00,0.00,297.6,-1.909,92.747,1069.350,-2.932
14206,02/05/26 03:30:53 AM,0.00,0.00,297.6,-1.976,94.772,1069.350,-2.709
14207,02/05/26 03:40:53 AM,0.00,0.00,294.8,-1.815,93.931,1069.350,-2.668
14208,02/05/26 03:50:53 AM,0.33,2.00,273.8,-1.767,93.968,1069.350,-2.615
14209,02/05/26 04:00:53 AM,1.34,2.00,287.8,-1.238,91.951,1069.350,-2.382
14210,02/05/26 04:10:53 AM,1.34,1.67,290.6,-1.860,93.190,1069.350,-2.820
14211,02/05/26 04:20:53 AM,1.34,2.67,289.2,-2.136,94.311,1069.350,-2.933
14212,02/05/26 04:30:53 AM,2.00,2.67,293.4,-1.868,93.526,1069.350,-2.779
14213,02/05/26 04:40:53 AM,2.00,3.67,310.3,-1.748,93.349,1069.350,-2.685
14214,02/05/26 04:50:53 AM,1.00,2.34,318.7,-1.571,93.751,1069.350,-2.452
14215,02/05/26 05:00:53 AM,0.67,1.34,189.5,-1.943,93.365,1069.350,-2.877
14216,02/05/26 05:10:53 AM,0.00,0.00,219.0,-2.061,93.689,1069.350,-2.948
14217,02/05/26 05:20:53 AM,0.33,1.34,235.9,-2.678,95.396,1069.350,-3.320
14218,02/05/26 05:30:53 AM,1.00,1.34,0.0,-2.016,94.668,1069.350,-2.763
14219,02/05/26 05:40:53 AM,0.33,1.00,14.0,-1.911,93.672,1069.350,-2.801
14220,02/05/26 05:50:53 AM,0.00,0.00,14.0,-2.415,93.681,1069.350,-3.301
14221,02/05/26 06:00:53 AM,0.00,0.00,11.2,-2.801,96.080,1069.350,-3.347
14222,02/05/26 06:10:53 AM,0.33,1.67,5.6,-2.748,94.611,1069.350,-3.500
14223,02/05/26 06:20:53 AM,0.33,1.34,206.4,-3.378,96.458,1069.350,-3.870
14224,02/05/26 06:30:53 AM,0.00,0.00,206.4,-3.917,96.992,1069.350,-4.334
14225,02/05/26 06:40:53 AM,0.00,0.00,269.6,-3.713,98.499,1069.350,-3.925
14226,02/05/26 06:50:53 AM,0.33,1.67,353.8,-3.305,97.360,1069.350,-3.673
14227,02/05/26 07:00:53 AM,1.00,1.67,0.0,-3.190,96.791,1069.350,-3.636
14228,02/05/26 07:10:53 AM,0.00,0.00,0.0,-2.973,96.558,1069.350,-3.452
14229,02/05/26 07:20:53 AM,0.00,0.00,349.6,-3.230,96.277,1069.350,-3.747
14230,02/05/26 07:30:53 AM,1.00,1.67,263.9,-5.064,95.985,1069.350,-5.616
14231,02/05/26 07:40:53 AM,1.00,1.67,278.0,-4.858,98.499,1069.350,-5.070
14232,02/05/26 07:50:53 AM,1.34,1.67,280.8,-5.021,98.051,1069.350,-5.293
14233,02/05/26 08:00:53 AM,1.34,1.67,282.2,-4.627,98.921,1069.350,-4.783
14234,02/05/26 08:10:53 AM,1.00,1.34,286.4,-4.067,98.614,1069.350,-4.264
14235,02/05/26 08:20:53 AM,1.00,1.67,286.4,-4.002,97.427,1069.350,-4.360
14236,02/05/26 08:30:53 AM,1.34,1.67,299.0,-4.729,97.575,1069.350,-5.066
14237,02/05/26 08:40:53 AM,0.33,1.00,317.3,-3.490,98.692,1069.350,-3.676
14238,02/05/26 08:50:53 AM,1.00,2.00,313.1,-3.469,97.353,1069.350,-3.838
14239,02/05/26 09:00:53 AM,1.00,2.00,297.6,-4.319,96.466,1069.350,-4.807
14240,02/05/26 09:10:53 AM,0.67,1.67,263.9,-3.879,95.334,1069.350,-4.525
14241,02/05/26 09:20:53 AM,1.34,1.67,271.0,-3.911,94.662,1069.350,-4.650
14242,02/05/26 09:30:53 AM,0.67,1.34,287.8,-2.614,94.017,1069.350,-3.451
14243,02/05/26 09:40:53 AM,0.00,0.00,296.2,-0.954,91.861,1069.350,-2.114
14244,02/05/26 09:50:53 AM,0.00,0.00,296.2,0.992,89.168,1069.350,-0.592
14245,02/05/26 10:00:53 AM,0.00,1.34,223.2,1.236,87.121,1069.350,-0.669
14246,02/05/26 10:10:53 AM,0.33,1.00,185.3,1.003,88.182,1069.350,-0.733
14247,02/05/26 10:20:53 AM,0.33,1.34,144.6,1.306,86.744,1069.350,-0.659
14248,02/05/26 10:30:53 AM,0.67,1.34,68.8,1.917,85.850,1069.350,-0.200
14249,02/05/26 10:40:53 AM,0.33,1.00,64.6,3.019,82.629,1069.350,0.355
14250,02/05/26 10:50:53 AM,0.33,1.00,98.3,4.373,79.951,1069.350,1.223
14251,02/05/26 11:00:53 AM,0.67,1.34,130.6,4.574,80.020,1069.350,1.431
14252,02/05/26 11:10:53 AM,0.67,1.34,134.8,4.738,78.477,1069.350,1.319
14253,02/05/26 11:20:53 AM,0.67,1.67,106.7,5.242,75.697,1069.350,1.307
14254,02/05/26 11:30:53 AM,1.00,2.67,115.1,5.810,73.671,1069.350,1.479
14255,02/05/26 11:40:53 AM,1.34,2.00,123.5,5.673,73.887,1069.350,1.387
14256,02/05/26 11:50:53 AM,1.34,2.34,129.2,5.909,73.382,1069.350,1.520
14257,02/05/26 12:00:53 PM,1.00,2.34,115.1,6.746,71.066,1069.350,1.879
14258,02/05/26 12:10:53 PM,1.67,2.67,124.9,7.137,67.869,1069.350,1.611
14259,02/05/26 12:20:53 PM,2.00,3.01,108.1,7.829,65.101,1069.350,1.691
14260,02/05/26 12:30:53 PM,1.67,3.01,112.3,8.402,63.865,1069.350,1.968
14261,02/05/26 12:40:53 PM,1.67,3.67,110.9,9.102,61.320,1069.350,2.062
14262,02/05/26 12:50:53 PM,1.67,3.34,80.0,9.885,58.854,1069.350,2.225
14263,02/05/26 01:00:53 PM,2.67,4.01,96.9,10.327,56.031,1069.350,1.951
14264,02/05/26 01:10:53 PM,3.34,5.01,92.7,10.850,52.233,1069.350,1.458
14265,02/05/26 01:20:53 PM,3.01,5.01,96.9,11.601,50.358,1069.350,1.643
14266,02/05/26 01:30:53 PM,3.01,5.01,101.1,11.333,50.985,1069.350,1.568
14267,02/05/26 01:40:53 PM,3.01,5.34,91.3,12.054,49.595,1069.350,1.847
14268,02/05/26 01:50:53 PM,3.01,4.68,88.4,12.601,47.279,1069.350,1.682
14269,02/05/26 02:00:53 PM,3.01,5.34,94.1,12.912,46.276,1069.350,1.667
14270,02/05/26 02:10:53 PM,3.34,5.01,89.9,13.250,44.292,1069.350,1.364
14271,02/05/26 02:20:53 PM,3.34,5.01,92.7,13.298,43.973,1069.350,1.307
14272,02/05/26 02:30:53 PM,3.34,5.01,82.8,13.928,41.677,1069.350,1.132
14273,02/05/26 02:40:53 PM,3.34,5.01,87.0,13.984,41.413,1069.350,1.094
14274,02/05/26 02:50:53 PM,3.01,5.01,91.3,14.403,41.003,1069.350,1.333
14275,02/05/26 03:00:53 PM,3.01,5.01,92.7,14.443,41.158,1069.350,1.422
14276,02/05/26 03:10:53 PM,3.01,4.68,88.4,14.834,40.374,1069.350,1.505
14277,02/05/26 03:20:53 PM,2.67,5.01,81.4,15.169,39.760,1069.350,1.592
14278,02/05/26 03:30:53 PM,3.01,5.01,82.8,15.309,39.765,1069.350,1.720
14279,02/05/26 03:40:53 PM,3.01,5.01,77.2,15.515,38.930,1069.350,1.608
14280,02/05/26 03:50:53 PM,2.67,5.01,74.4,15.797,38.451,1069.350,1.687
14281,02/05/26 04:00:53 PM,3.34,5.34,66.0,15.848,38.358,1069.350,1.699
14282,02/05/26 04:10:53 PM,3.01,5.34,71.6,16.084,37.321,1069.350,1.527
14283,02/05/26 04:20:53 PM,3.01,5.34,71.6,16.065,37.012,1069.350,1.394
14284,02/05/26 04:30:53 PM,3.34,5.34,61.8,15.944,36.913,1069.350,1.249
14285,02/05/26 04:40:53 PM,3.34,5.34,68.8,16.059,36.089,1069.350,1.038
14286,02/05/26 04:50:53 PM,3.34,5.01,80.0,16.266,34.987,1069.350,0.791
14287,02/05/26 05:00:53 PM,3.01,5.01,68.8,16.247,34.723,1069.350,0.669
14288,02/05/26 05:10:53 PM,3.34,5.34,71.6,16.124,34.044,1069.350,0.288
14289,02/05/26 05:20:53 PM,3.67,5.68,71.6,15.869,33.231,1069.350,-0.269
14290,02/05/26 05:30:53 PM,3.67,5.34,70.2,15.593,33.271,1069.350,-0.495
14291,02/05/26 05:40:53 PM,3.34,5.68,75.8,15.411,33.497,1069.350,-0.562
14292,02/05/26 05:50:53 PM,3.01,4.68,75.8,15.092,34.199,1069.350,-0.559
14293,02/05/26 06:00:53 PM,2.34,4.01,81.4,14.751,35.865,1069.350,-0.208
14294,02/05/26 06:10:53 PM,2.34,3.34,75.8,14.244,37.829,1069.350,0.075
14295,02/05/26 06:20:53 PM,1.67,2.67,80.0,13.496,40.443,1069.350,0.326
14296,02/05/26 06:30:53 PM,1.00,1.67,87.0,12.298,43.987,1069.350,0.403
14297,02/05/26 06:40:53 PM,1.00,2.00,66.0,10.963,46.839,1069.350,0.052
14298,02/05/26 06:50:53 PM,1.00,1.67,36.5,9.856,48.331,1069.350,-0.533
14299,02/05/26 07:00:53 PM,0.67,2.00,21.1,9.397,48.704,1069.350,-0.850
14300,02/05/26 07:10:53 PM,1.67,2.34,5.6,8.459,51.421,1069.350,-0.974
14301,02/05/26 07:20:53 PM,1.34,2.00,7.0,8.008,52.920,1069.350,-1.000
14302,02/05/26 07:30:53 PM,0.67,1.67,2.8,7.266,54.983,1069.350,-1.170
14303,02/05/26 07:40:53 PM,0.00,0.00,2.8,6.888,56.184,1069.350,-1.229
14304,02/05/26 07:50:53 PM,0.33,1.00,355.2,6.545,57.076,1069.350,-1.336
14305,02/05/26 08:00:53 PM,0.67,1.00,349.6,6.904,56.075,1069.350,-1.241
14306,02/05/26 08:10:53 PM,1.00,1.34,66.0,7.054,55.912,1069.350,-1.140
14307,02/05/26 08:20:53 PM,1.00,1.67,26.7,6.636,57.581,1069.350,-1.131
14308,02/05/26 08:30:53 PM,1.00,1.67,66.0,4.306,63.156,1069.350,-2.076
14309,02/05/26 08:40:53 PM,0.33,1.00,88.4,2.805,67.582,1069.350,-2.593
14310,02/05/26 08:50:53 PM,0.33,1.67,51.9,3.397,66.738,1069.350,-2.196
14311,02/05/26 09:00:53 PM,1.00,1.34,355.2,3.856,66.285,1069.350,-1.850
14312,02/05/26 09:10:53 PM,0.33,1.00,355.2,4.778,64.520,1069.350,-1.337
14313,02/05/26 09:20:53 PM,0.00,0.00,355.2,4.512,65.644,1069.350,-1.356
14314,02/05/26 09:30:53 PM,0.00,0.00,355.2,4.405,66.180,1069.350,-1.347
14315,02/05/26 09:40:53 PM,0.67,1.67,320.1,2.955,68.786,1069.350,-2.211
14316,02/05/26 09:50:53 PM,0.67,1.67,292.0,1.660,73.658,1069.350,-2.535
14317,02/05/26 10:00:53 PM,0.00,0.00,293.4,3.183,70.149,1069.350,-1.726
14318,02/05/26 10:10:53 PM,0.00,0.00,299.0,4.137,68.414,1069.350,-1.151
14319,02/05/26 10:20:53 PM,0.00,0.00,335.5,4.231,68.077,1069.350,-1.128
14320,02/05/26 10:30:53 PM,0.00,0.00,339.7,3.427,70.611,1069.350,-1.402
14321,02/05/26 10:40:53 PM,0.00,0.00,339.7,3.751,70.358,1069.350,-1.140
14322,02/05/26 10:50:53 PM,0.00,0.00,339.7,3.400,70.657,1069.350,-1.420
14323,02/05/26 11:00:53 PM,0.67,1.67,353.8,3.032,72.291,1069.350,-1.463
14324,02/05/26 11:10:53 PM,0.33,1.67,1.4,3.896,70.228,1069.350,-1.026
14325,02/05/26 11:20:53 PM,0.00,0.00,0.0,4.051,69.168,1069.350,-1.084
14326,02/05/26 11:30:53 PM,0.00,0.00,0.0,2.150,74.800,1069.350,-1.853
14327,02/05/26 11:40:53 PM,0.00,0.00,0.0,1.480,77.511,1069.350,-2.021
14328,02/05/26 11:50:53 PM,0.00,0.00,0.0,1.089,78.564,1069.350,-2.219
14329,02/06/26 12:00:53 AM,0.67,1.34,345.4,0.477,80.188,1069.350,-2.540
14330,02/06/26 12:10:53 AM,1.00,1.34,344.0,0.791,79.773,1069.350,-2.303
14331,02/06/26 12:20:53 AM,1.00,1.67,346.8,1.338,79.042,1069.350,-1.894
14332,02/06/26 12:30:53 AM,0.67,1.34,147.4,2.797,74.662,1069.350,-1.251
14333,02/06/26 12:40:53 AM,0.00,1.00,158.6,2.129,75.520,1069.350,-1.743
14334,02/06/26 12:50:53 AM,0.00,0.67,317.3,-0.120,82.090,1069.350,-2.808
14335,02/06/26 01:00:53 AM,1.34,1.67,293.4,-0.115,82.586,1069.350,-2.722
14336,02/06/26 01:10:53 AM,1.34,1.67,294.8,0.062,83.357,1069.350,-2.423
14337,02/06/26 01:20:53 AM,1.00,1.67,318.7,0.982,80.320,1069.350,-2.024
14338,02/06/26 01:30:53 AM,0.67,1.00,320.1,1.419,78.920,1069.350,-1.836
14339,02/06/26 01:40:53 AM,0.00,0.33,320.1,1.896,77.426,1069.350,-1.631
14340,02/06/26 01:50:53 AM,0.00,0.00,320.1,2.118,76.803,1069.350,-1.525
14341,02/06/26 02:00:53 AM,0.00,0.00,320.1,1.882,76.858,1069.350,-1.745
14342,02/06/26 02:10:53 AM,0.00,0.00,320.1,0.786,79.985,1069.350,-2.272
14343,02/06/26 02:20:53 AM,0.00,1.67,301.8,-0.426,83.157,1069.350,-2.934
14344,02/06/26 02:30:53 AM,1.00,1.67,297.6,-0.447,85.478,1069.350,-2.585
14345,02/06/26 02:40:53 AM,0.33,1.34,297.6,0.995,81.363,1069.350,-1.837
14346,02/06/26 02:50:53 AM,0.00,0.67,297.6,0.920,80.938,1069.350,-1.981
14347,02/06/26 03:00:53 AM,0.00,0.00,297.6,1.373,80.131,1069.350,-1.675
14348,02/06/26 03:10:53 AM,0.00,0.00,297.6,0.917,80.395,1069.350,-2.075
14349,02/06/26 03:20:53 AM,0.00,0.00,297.6,-0.635,85.629,1069.350,-2.746
14350,02/06/26 03:30:53 AM,0.00,0.00,297.6,-1.032,86.502,1069.350,-3.001
14351,02/06/26 03:40:53 AM,0.00,0.00,297.6,-0.968,87.512,1069.350,-2.782
14352,02/06/26 03:50:53 AM,0.00,1.34,297.6,-0.166,85.141,1069.350,-2.362
14353,02/06/26 04:00:53 AM,1.34,2.00,293.4,-1.890,87.491,1069.350,-3.694
14354,02/06/26 04:10:53 AM,1.34,1.67,289.2,-1.976,90.224,1069.350,-3.368
14355,02/06/26 04:20:53 AM,1.67,2.00,308.9,-1.346,87.848,1069.350,-3.103
14356,02/06/26 04:30:53 AM,1.00,1.67,325.7,-1.045,87.832,1069.350,-2.809
14357,02/06/26 04:40:53 AM,1.34,2.34,329.9,-0.675,87.225,1069.350,-2.537
14358,02/06/26 04:50:53 AM,1.34,2.34,283.6,-0.788,86.287,1069.350,-2.794
14359,02/06/26 05:00:53 AM,1.00,1.34,272.4,-1.037,88.069,1069.350,-2.764
14360,02/06/26 05:10:53 AM,1.00,1.67,282.2,-0.582,86.154,1069.350,-2.612
14361,02/06/26 05:20:53 AM,1.67,2.34,273.8,-1.646,89.290,1069.350,-3.181
14362,02/06/26 05:30:53 AM,0.67,1.34,258.3,-0.163,86.084,1069.350,-2.210
14363,02/06/26 05:40:53 AM,1.00,1.67,268.1,-0.335,85.182,1069.350,-2.521
14364,02/06/26 05:50:53 AM,1.34,1.67,299.0,-0.056,85.458,1069.350,-2.203
14365,02/06/26 06:00:53 AM,1.34,2.34,286.4,0.091,83.334,1069.350,-2.399
14366,02/06/26 06:10:53 AM,1.67,2.34,273.8,-0.868,87.071,1069.350,-2.751
14367,02/06/26 06:20:53 AM,0.33,1.34,290.6,-0.997,86.818,1069.350,-2.917
14368,02/06/26 06:30:53 AM,0.00,0.00,293.4,-0.236,85.968,1069.350,-2.300
14369,02/06/26 06:40:53 AM,0.00,0.00,294.8,0.566,82.564,1069.350,-2.058
14370,02/06/26 06:50:53 AM,0.00,0.00,294.8,0.065,83.940,1069.350,-2.326
14371,02/06/26 07:00:53 AM,0.67,2.00,292.0,-1.528,86.616,1069.350,-3.472
14372,02/06/26 07:10:53 AM,1.34,2.00,283.6,-1.697,89.790,1069.350,-3.157
14373,02/06/26 07:20:53 AM,1.00,1.67,299.0,-1.120,86.543,1069.350,-3.081
14374,02/06/26 07:30:53 AM,0.67,1.67,317.3,-1.469,87.132,1069.350,-3.334
14375,02/06/26 07:40:53 AM,0.00,0.00,344.0,-2.287,88.670,1069.350,-3.908
14376,02/06/26 07:50:53 AM,0.00,0.00,301.8,-2.437,90.649,1069.350,-3.762
14377,02/06/26 08:00:53 AM,0.33,1.00,296.2,-2.568,91.040,1069.350,-3.834
14378,02/06/26 08:10:53 AM,0.00,1.00,303.2,-1.665,89.833,1069.350,-3.119
14379,02/06/26 08:20:53 AM,0.00,0.00,303.2,-1.348,88.107,1069.350,-3.066
14380,02/06/26 08:30:53 AM,0.00,0.00,303.2,-1.793,89.528,1069.350,-3.291
14381,02/06/26 08:40:53 AM,0.00,0.00,303.2,-1.681,88.248,1069.350,-3.373
14382,02/06/26 08:50:53 AM,1.00,1.67,290.6,-3.630,90.289,1069.350,-4.996
14383,02/06/26 09:00:53 AM,1.00,1.34,296.2,-2.461,91.305,1069.350,-3.690
14384,02/06/26 09:10:53 AM,0.33,1.00,297.6,-1.279,85.406,1069.350,-3.415
14385,02/06/26 09:20:53 AM,0.00,0.00,297.6,-1.775,87.669,1069.350,-3.554
14386,02/06/26 09:30:53 AM,0.00,0.00,297.6,-0.045,83.076,1069.350,-2.574
14387,02/06/26 09:40:53 AM,0.00,0.00,297.6,0.662,82.681,1069.350,-1.945
14388,02/06/26 09:50:53 AM,0.00,0.00,297.6,0.338,83.604,1069.350,-2.113
14389,02/06/26 10:00:53 AM,0.00,0.00,297.6,2.625,78.598,1069.350,-0.717
14390,02/06/26 10:10:53 AM,0.00,0.00,297.6,4.756,72.807,1069.350,0.298
14391,02/06/26 10:20:53 AM,0.00,0.00,279.4,4.748,74.292,1069.350,0.569
14392,02/06/26 10:30:53 AM,0.00,0.00,255.5,5.065,74.228,1069.350,0.863
14393,02/06/26 10:40:53 AM,0.33,1.00,255.5,5.620,73.252,1069.350,1.216
14394,02/06/26 10:50:53 AM,0.00,0.00,256.9,6.861,67.477,1069.350,1.267
14395,02/06/26 11:00:53 AM,0.33,2.00,29.5,7.665,60.134,1069.350,0.433
14396,02/06/26 11:10:53 AM,1.00,2.00,42.1,7.845,59.376,1069.350,0.427
14397,02/06/26 11:20:53 AM,1.67,2.67,50.5,7.550,59.689,1069.350,0.222
14398,02/06/26 11:30:53 AM,2.00,3.67,57.6,7.853,58.883,1069.350,0.320
14399,02/06/26 11:40:53 AM,2.34,4.01,53.3,8.660,56.864,1069.350,0.596
14400,02/06/26 11:50:53 AM,2.00,3.67,70.2,9.510,54.310,1069.350,0.754
14401,02/06/26 12:00:53 PM,1.67,3.34,106.7,9.681,54.406,1069.350,0.938
14402,02/06/26 12:10:53 PM,2.34,3.67,96.9,9.786,54.896,1069.350,1.160
14403,02/06/26 12:20:53 PM,3.01,4.34,77.2,10.566,53.257,1069.350,1.465
14404,02/06/26 12:30:53 PM,2.67,5.01,68.8,11.435,52.386,1069.350,2.041
14405,02/06/26 12:40:53 PM,3.34,6.35,68.8,11.424,52.323,1069.350,2.014
14406,02/06/26 12:50:53 PM,3.34,5.01,61.8,11.687,52.038,1069.350,2.181
14407,02/06/26 01:00:53 PM,3.34,5.68,73.0,12.014,51.136,1069.350,2.239
14408,02/06/26 01:10:53 PM,3.01,5.68,78.6,12.550,50.408,1069.350,2.533
14409,02/06/26 01:20:53 PM,3.01,4.68,87.0,12.588,50.397,1069.350,2.565
14410,02/06/26 01:30:53 PM,3.34,6.01,95.5,13.231,48.933,1069.350,2.742
14411,02/06/26 01:40:53 PM,3.67,5.34,74.4,12.960,48.980,1069.350,2.506
14412,02/06/26 01:50:53 PM,3.67,6.01,77.2,13.596,47.506,1069.350,2.660
14413,02/06/26 02:00:53 PM,3.67,7.01,85.6,13.957,46.343,1069.350,2.642
14414,02/06/26 02:10:53 PM,3.67,5.68,80.0,13.917,46.567,1069.350,2.673
14415,02/06/26 02:20:53 PM,3.67,5.68,84.2,13.974,45.982,1069.350,2.547
14416,02/06/26 02:30:53 PM,3.34,5.01,74.4,14.630,44.535,1069.350,2.695
14417,02/06/26 02:40:53 PM,3.01,5.01,81.4,14.982,42.792,1069.350,2.453
14418,02/06/26 02:50:53 PM,3.34,6.35,108.1,14.464,44.384,1069.350,2.496
14419,02/06/26 03:00:53 PM,2.67,5.01,113.7,13.456,46.575,1069.350,2.254
14420,02/06/26 03:10:53 PM,3.01,4.68,106.7,13.864,46.055,1069.350,2.469
14421,02/06/26 03:20:53 PM,2.67,5.34,109.5,14.384,46.015,1069.350,2.932
14422,02/06/26 03:30:53 PM,2.00,4.01,106.7,14.660,45.040,1069.350,2.881
14423,02/06/26 03:40:53 PM,1.67,3.01,99.7,14.818,43.981,1069.350,2.689
14424,02/06/26 03:50:53 PM,1.67,4.01,94.1,14.738,43.380,1069.350,2.423
14425,02/06/26 04:00:53 PM,2.67,4.34,106.7,14.561,44.125,1069.350,2.502
14426,02/06/26 04:10:53 PM,2.34,4.01,122.1,14.403,43.722,1069.350,2.230
14427,02/06/26 04:20:53 PM,2.34,4.01,84.2,14.006,45.257,1069.350,2.353
14428,02/06/26 04:30:53 PM,2.67,4.01,89.9,13.408,46.238,1069.350,2.109
14429,02/06/26 04:40:53 PM,2.34,3.34,85.6,13.188,46.741,1069.350,2.059
14430,02/06/26 04:50:53 PM,2.34,3.67,95.5,14.027,45.534,1069.350,2.458
14431,02/06/26 05:00:53 PM,2.34,3.67,88.4,13.695,45.232,1069.350,2.062
14432,02/06/26 05:10:53 PM,2.34,3.67,89.9,12.912,47.015,1069.350,1.888
14433,02/06/26 05:20:53 PM,1.67,3.01,92.7,12.526,48.780,1069.350,2.050
14434,02/06/26 05:30:53 PM,1.67,2.67,99.7,12.263,50.553,1069.350,2.308
14435,02/06/26 05:40:53 PM,1.00,1.67,106.7,11.732,53.475,1069.350,2.606
14436,02/06/26 05:50:53 PM,0.67,1.67,122.1,11.293,55.332,1069.350,2.677
14437,02/06/26 06:00:53 PM,0.67,1.34,139.0,10.748,56.297,1069.350,2.411
14438,02/06/26 06:10:53 PM,0.67,2.00,151.6,10.368,56.730,1069.350,2.163
14439,02/06/26 06:20:53 PM,0.00,0.33,150.2,9.915,57.899,1069.350,2.024
14440,02/06/26 06:30:53 PM,0.33,1.00,231.6,9.582,58.833,1069.350,1.935
14441,02/06/26 06:40:53 PM,0.67,2.00,242.9,9.317,60.378,1069.350,2.048
14442,02/06/26 06:50:53 PM,0.67,1.67,256.9,8.818,62.031,1069.350,1.954
14443,02/06/26 07:00:53 PM,0.67,1.34,266.7,8.188,63.369,1069.350,1.655
14444,02/06/26 07:10:53 PM,1.34,1.67,308.9,6.904,67.489,1069.350,1.310
14445,02/06/26 07:20:53 PM,1.34,1.67,300.4,6.534,69.496,1069.350,1.364
14446,02/06/26 07:30:53 PM,1.00,1.67,293.4,6.046,71.209,1069.350,1.233
14447,02/06/26 07:40:53 PM,1.34,2.00,306.1,6.193,70.468,1069.350,1.229
14448,02/06/26 07:50:53 PM,1.34,1.67,311.7,6.000,70.991,1069.350,1.147
14449,02/06/26 08:00:53 PM,1.34,2.00,311.7,5.748,71.814,1069.350,1.064
14450,02/06/26 08:10:53 PM,1.34,2.34,306.1,5.724,72.990,1069.350,1.267
14451,02/06/26 08:20:53 PM,1.00,2.00,310.3,5.939,72.137,1069.350,1.310
14452,02/06/26 08:30:53 PM,1.34,1.67,294.8,5.684,72.760,1069.350,1.184
14453,02/06/26 08:40:53 PM,0.33,1.34,294.8,5.335,74.482,1069.350,1.172
14454,02/06/26 08:50:53 PM,0.00,0.00,294.8,5.258,75.506,1069.350,1.287
14455,02/06/26 09:00:53 PM,1.00,2.34,292.0,5.113,76.088,1069.350,1.254
14456,02/06/26 09:10:53 PM,2.34,3.01,255.5,3.882,78.529,1069.350,0.495
14457,02/06/26 09:20:53 PM,1.00,1.67,293.4,3.057,81.823,1069.350,0.257
14458,02/06/26 09:30:53 PM,0.00,0.00,296.2,4.319,78.436,1069.350,0.904
14459,02/06/26 09:40:53 PM,1.34,3.01,308.9,3.708,79.106,1069.350,0.427
14460,02/06/26 09:50:53 PM,1.00,2.00,315.9,4.368,77.118,1069.350,0.717
14461,02/06/26 10:00:53 PM,1.34,2.34,303.2,3.909,78.286,1069.350,0.479
14462,02/06/26 10:10:53 PM,0.67,1.67,282.2,4.016,77.961,1069.350,0.525
14463,02/06/26 10:20:53 PM,1.67,2.34,279.4,3.231,81.373,1069.350,0.351
14464,02/06/26 10:30:53 PM,1.34,2.00,314.5,3.443,80.061,1069.350,0.334
14465,02/06/26 10:40:53 PM,1.67,2.34,283.6,3.193,80.026,1069.350,0.084
14466,02/06/26 10:50:53 PM,1.67,2.34,272.4,2.244,83.436,1069.350,-0.271
14467,02/06/26 11:00:53 PM,1.67,2.34,283.6,1.657,86.128,1069.350,-0.411
14468,02/06/26 11:10:53 PM,1.67,2.67,268.1,1.947,86.073,1069.350,-0.135
14469,02/06/26 11:20:53 PM,0.67,1.67,279.4,3.427,80.064,1069.350,0.319
14470,02/06/26 11:30:53 PM,1.00,2.34,248.5,2.968,79.474,1069.350,-0.231
14471,02/06/26 11:40:53 PM,1.67,2.34,259.7,1.603,85.490,1069.350,-0.567
14472,02/06/26 11:50:53 PM,1.67,2.34,278.0,1.317,86.644,1069.350,-0.664
14473,02/07/26 12:00:53 AM,1.67,3.01,271.0,2.604,81.161,1069.350,-0.298
14474,02/07/26 12:10:53 AM,0.67,1.67,275.2,2.325,81.872,1069.350,-0.451
14475,02/07/26 12:20:53 AM,1.67,2.34,265.3,2.957,79.455,1069.350,-0.245
14476,02/07/26 12:30:53 AM,1.00,2.67,282.2,2.587,81.050,1069.350,-0.333
14477,02/07/26 12:40:53 AM,0.67,1.67,289.2,1.469,84.712,1069.350,-0.823
14478,02/07/26 12:50:53 AM,0.67,2.00,283.6,1.813,83.606,1069.350,-0.665
14479,02/07/26 01:00:53 AM,1.00,1.67,292.0,1.510,84.488,1069.350,-0.819
14480,02/07/26 01:10:53 AM,1.34,3.01,294.8,1.502,83.891,1069.350,-0.924
14481,02/07/26 01:20:53 AM,1.34,2.34,254.1,1.609,83.912,1069.350,-0.816
14482,02/07/26 01:30:53 AM,1.00,2.00,258.3,1.880,82.803,1069.350,-0.732
14483,02/07/26 01:40:53 AM,2.00,3.34,258.3,2.196,81.859,1069.350,-0.579
14484,02/07/26 01:50:53 AM,1.34,2.34,307.5,2.287,81.183,1069.350,-0.604
14485,02/07/26 02:00:53 AM,1.00,2.00,280.8,2.437,80.867,1069.350,-0.511
14486,02/07/26 02:10:53 AM,1.34,2.67,261.1,2.293,82.287,1069.350,-0.413
14487,02/07/26 02:20:53 AM,1.67,3.01,254.1,2.083,83.771,1069.350,-0.373
14488,02/07/26 02:30:53 AM,1.67,3.01,262.5,2.410,83.841,1069.350,-0.041
14489,02/07/26 02:40:53 AM,2.34,4.01,289.2,2.705,83.401,1069.350,0.176
14490,02/07/26 02:50:53 AM,2.34,4.01,285.0,2.695,83.362,1069.350,0.160
14491,02/07/26 03:00:53 AM,2.00,3.34,282.2,2.877,83.363,1069.350,0.338
14492,02/07/26 03:10:53 AM,2.00,3.67,275.2,3.904,80.882,1069.350,0.925
14493,02/07/26 03:20:53 AM,2.00,4.68,268.1,4.049,79.242,1069.350,0.783
14494,02/07/26 03:30:53 AM,2.00,4.01,296.2,3.668,79.982,1069.350,0.540
14495,02/07/26 03:40:53 AM,1.67,3.01,286.4,3.536,81.215,1069.350,0.623
14496,02/07/26 03:50:53 AM,2.00,4.01,299.0,3.140,82.269,1069.350,0.413
14497,02/07/26 04:00:53 AM,1.34,3.67,271.0,2.531,84.028,1069.350,0.108
14498,02/07/26 04:10:53 AM,1.67,2.67,279.4,2.357,84.984,1069.350,0.093
14499,02/07/26 04:20:53 AM,1.67,2.67,271.0,2.217,85.530,1069.350,0.044
14500,02/07/26 04:30:53 AM,1.34,2.67,256.9,2.124,85.126,1069.350,-0.113
14501,02/07/26 04:40:53 AM,1.67,3.01,294.8,2.108,86.322,1069.350,0.063
14502,02/07/26 04:50:53 AM,1.34,3.01,306.1,2.397,84.657,1069.350,0.079
14503,02/07/26 05:00:53 AM,1.34,2.34,261.1,1.499,87.086,1069.350,-0.415
14504,02/07/26 05:10:53 AM,1.34,2.34,286.4,1.713,87.398,1069.350,-0.155
14505,02/07/26 05:20:53 AM,1.00,1.67,279.4,2.016,86.973,1069.350,0.076
14506,02/07/26 05:30:53 AM,1.00,2.00,286.4,1.810,86.934,1069.350,-0.133
14507,02/07/26 05:40:53 AM,1.34,2.00,273.8,1.764,86.369,1069.350,-0.268
14508,02/07/26 05:50:53 AM,1.34,2.67,266.7,1.695,86.332,1069.350,-0.342
14509,02/07/26 06:00:53 AM,1.34,2.34,275.2,1.445,86.069,1069.350,-0.630
14510,02/07/26 06:10:53 AM,2.00,3.34,285.0,1.188,87.085,1069.350,-0.722
14511,02/07/26 06:20:53 AM,1.34,2.34,268.1,1.309,85.898,1069.350,-0.791
14512,02/07/26 06:30:53 AM,1.34,2.00,271.0,0.995,86.871,1069.350,-0.946
14513,02/07/26 06:40:53 AM,1.67,2.67,266.7,1.094,86.606,1069.350,-0.890
14514,02/07/26 06:50:53 AM,1.67,2.67,268.1,1.408,84.974,1069.350,-0.841
14515,02/07/26 07:00:53 AM,1.34,2.00,271.0,1.274,84.932,1069.350,-0.980
14516,02/07/26 07:10:53 AM,1.00,2.00,275.2,1.166,84.996,1069.350,-1.075
14517,02/07/26 07:20:53 AM,1.34,2.34,272.4,0.805,85.699,1069.350,-1.318
14518,02/07/26 07:30:53 AM,1.67,2.34,259.7,0.636,86.477,1069.350,-1.362
14519,02/07/26 07:40:53 AM,1.34,2.00,262.5,0.212,87.259,1069.350,-1.657
14520,02/07/26 07:50:53 AM,1.00,2.00,286.4,-0.281,88.965,1069.350,-1.881
14521,02/07/26 08:00:53 AM,1.34,2.67,314.5,-0.139,89.328,1069.350,-1.686
14522,02/07/26 08:10:53 AM,1.00,1.67,286.4,-0.179,88.952,1069.350,-1.782
14523,02/07/26 08:20:53 AM,1.00,1.67,220.4,-0.273,89.271,1069.350,-1.827
14524,02/07/26 08:30:53 AM,1.34,2.34,212.0,-0.035,88.772,1069.350,-1.668
14525,02/07/26 08:40:53 AM,0.00,1.00,228.8,0.400,87.337,1069.350,-1.460
14526,02/07/26 08:50:53 AM,1.00,2.34,254.1,0.435,86.841,1069.350,-1.502
14527,02/07/26 09:00:53 AM,1.34,3.01,249.9,1.129,84.988,1069.350,-1.113
14528,02/07/26 09:10:53 AM,1.00,2.34,275.2,1.531,83.047,1069.350,-1.034
14529,02/07/26 09:20:53 AM,1.67,4.34,237.3,2.378,81.302,1069.350,-0.495
14530,02/07/26 09:30:53 AM,1.00,2.67,231.6,2.571,81.187,1069.350,-0.325
14531,02/07/26 09:40:53 AM,0.67,1.67,228.8,3.078,80.679,1069.350,0.084
14532,02/07/26 09:50:53 AM,0.33,1.34,220.4,3.998,78.148,1069.350,0.541
14533,02/07/26 10:00:53 AM,0.33,1.34,190.9,5.204,73.729,1069.350,0.904
14534,02/07/26 10:10:53 AM,0.67,1.67,196.5,5.730,72.990,1069.350,1.272
14535,02/07/26 10:20:53 AM,2.34,4.01,321.5,6.496,68.878,1069.350,1.203
14536,02/07/26 10:30:53 AM,2.00,3.34,307.5,7.003,66.920,1069.350,1.287
14537,02/07/26 10:40:53 AM,2.00,4.01,296.2,7.384,65.937,1069.350,1.445
14538,02/07/26 10:50:53 AM,3.01,5.34,293.4,7.504,65.434,1069.350,1.452
14539,02/07/26 11:00:53 AM,3.01,4.68,299.0,7.762,65.437,1069.350,1.699
14540,02/07/26 11:10:53 AM,3.67,5.34,304.7,8.041,64.154,1069.350,1.688
14541,02/07/26 11:20:53 AM,3.67,6.01,293.4,8.711,61.526,1069.350,1.739
14542,02/07/26 11:30:53 AM,4.01,6.01,283.6,9.132,59.609,1069.350,1.694
14543,02/07/26 11:40:53 AM,4.01,6.01,285.0,9.255,59.338,1069.350,1.746
14544,02/07/26 11:50:53 AM,4.01,5.68,290.6,9.625,58.552,1069.350,1.908
14545,02/07/26 12:00:53 PM,4.68,7.35,276.6,10.309,54.850,1069.350,1.636
14546,02/07/26 12:10:53 PM,5.01,7.68,275.2,10.083,55.045,1069.350,1.475
14547,02/07/26 12:20:53 PM,4.68,6.68,271.0,10.263,54.839,1069.350,1.591
14548,02/07/26 12:30:53 PM,4.68,7.01,269.6,10.443,53.909,1069.350,1.520
14549,02/07/26 12:40:53 PM,4.34,6.68,268.1,10.743,53.446,1069.350,1.678
14550,02/07/26 12:50:53 PM,4.68,7.01,265.3,10.861,52.508,1069.350,1.541
14551,02/07/26 01:00:53 PM,5.01,7.35,272.4,10.960,50.842,1069.350,1.184
14552,02/07/26 01:10:53 PM,5.01,8.02,265.3,11.258,50.127,1069.350,1.262
14553,02/07/26 01:20:53 PM,5.68,8.35,271.0,11.033,49.197,1069.350,0.795
14554,02/07/26 01:30:53 PM,5.68,8.35,271.0,11.022,48.331,1069.350,0.539
14555,02/07/26 01:40:53 PM,5.01,7.68,272.4,11.376,47.370,1069.350,0.586
14556,02/07/26 01:50:53 PM,5.34,8.02,271.0,11.636,45.306,1069.350,0.208
14557,02/07/26 02:00:53 PM,5.34,9.02,271.0,11.140,46.099,1069.350,-0.005
14558,02/07/26 02:10:53 PM,5.01,7.35,269.6,11.767,45.371,1069.350,0.348
14559,02/07/26 02:20:53 PM,5.01,7.35,286.4,11.341,45.130,1069.350,-0.114
14560,02/07/26 02:30:53 PM,4.01,7.01,293.4,11.866,45.028,1069.350,0.333
14561,02/07/26 02:40:53 PM,3.67,5.68,283.6,12.260,44.288,1069.350,0.463
14562,02/07/26 02:50:53 PM,3.67,6.01,279.4,12.770,43.339,1069.350,0.626
14563,02/07/26 03:00:53 PM,3.67,5.68,280.8,12.813,42.834,1069.350,0.503
14564,02/07/26 03:10:53 PM,3.67,6.01,262.5,12.823,43.027,1069.350,0.575
14565,02/07/26 03:20:53 PM,4.34,6.01,276.6,12.502,43.336,1069.350,0.382
14566,02/07/26 03:30:53 PM,4.34,7.01,289.2,12.748,42.684,1069.350,0.396
14567,02/07/26 03:40:53 PM,4.34,6.01,279.4,12.759,42.725,1069.350,0.419
14568,02/07/26 03:50:53 PM,5.01,7.35,283.6,12.703,42.470,1069.350,0.286
14569,02/07/26 04:00:53 PM,5.01,7.35,296.2,12.772,43.310,1069.350,0.619
14570,02/07/26 04:10:53 PM,4.68,7.01,286.4,12.459,44.347,1069.350,0.662
14571,02/07/26 04:20:53 PM,4.68,7.35,269.6,12.419,46.032,1069.350,1.143
14572,02/07/26 04:30:53 PM,4.34,6.35,273.8,11.309,47.936,1069.350,0.689
14573,02/07/26 04:40:53 PM,3.67,5.34,269.6,10.834,49.232,1069.350,0.621
14574,02/07/26 04:50:53 PM,3.34,4.68,269.6,10.764,50.492,1069.350,0.907
14575,02/07/26 05:00:53 PM,3.01,4.34,278.0,10.593,50.379,1069.350,0.718
14576,02/07/26 05:10:53 PM,3.34,4.68,282.2,11.352,48.226,1069.350,0.812
14577,02/07/26 05:20:53 PM,3.67,5.34,276.6,10.625,49.111,1069.350,0.395
14578,02/07/26 05:30:53 PM,3.34,5.34,273.8,10.888,49.023,1069.350,0.612
14579,02/07/26 05:40:53 PM,4.34,6.01,269.6,10.668,49.531,1069.350,0.552
14580,02/07/26 05:50:53 PM,3.67,5.68,265.3,10.204,51.724,1069.350,0.723
14581,02/07/26 06:00:53 PM,3.67,5.34,266.7,10.231,52.027,1069.350,0.829
14582,02/07/26 06:10:53 PM,3.34,5.01,266.7,9.848,53.465,1069.350,0.851
14583,02/07/26 06:20:53 PM,2.34,4.01,265.3,9.360,55.543,1069.350,0.925
14584,02/07/26 06:30:53 PM,2.00,3.01,258.3,8.821,56.957,1069.350,0.769
14585,02/07/26 06:40:53 PM,2.00,3.01,262.5,8.126,59.185,1069.350,0.648
14586,02/07/26 06:50:53 PM,2.00,2.34,272.4,7.287,60.934,1069.350,0.259
14587,02/07/26 07:00:53 PM,2.00,2.67,279.4,6.807,60.760,1069.350,-0.234
14588,02/07/26 07:10:53 PM,1.67,2.67,293.4,6.271,61.498,1069.350,-0.575
14589,02/07/26 07:20:53 PM,2.00,2.67,280.8,6.201,61.593,1069.350,-0.621
14590,02/07/26 07:30:53 PM,1.67,2.34,290.6,6.054,61.689,1069.350,-0.738
14591,02/07/26 07:40:53 PM,1.34,1.67,297.6,4.850,65.473,1069.350,-1.069
14592,02/07/26 07:50:53 PM,1.34,2.00,247.1,3.553,69.351,1069.350,-1.526
14593,02/07/26 08:00:53 PM,0.67,1.67,223.2,2.293,74.656,1069.350,-1.740
14594,02/07/26 08:10:53 PM,1.00,1.34,262.5,2.716,73.732,1069.350,-1.500
14595,02/07/26 08:20:53 PM,1.00,1.34,296.2,3.102,72.369,1069.350,-1.381
14596,02/07/26 08:30:53 PM,1.34,2.00,300.4,3.381,71.511,1069.350,-1.274
14597,02/07/26 08:40:53 PM,1.67,2.00,303.2,2.990,72.180,1069.350,-1.525
14598,02/07/26 08:50:53 PM,1.34,1.67,296.2,3.207,71.931,1069.350,-1.362
14599,02/07/26 09:00:53 PM,1.67,2.67,294.8,3.504,70.483,1069.350,-1.353
14600,02/07/26 09:10:53 PM,1.34,2.00,292.0,3.437,71.011,1069.350,-1.316
14601,02/07/26 09:20:53 PM,1.34,2.00,289.2,3.657,70.726,1069.350,-1.159
14602,02/07/26 09:30:53 PM,1.67,2.34,286.4,3.566,71.382,1069.350,-1.121
14603,02/07/26 09:40:53 PM,1.34,1.67,293.4,3.805,70.484,1069.350,-1.063
14604,02/07/26 09:50:53 PM,1.67,2.34,285.0,3.901,69.746,1069.350,-1.115
14605,02/07/26 10:00:53 PM,1.67,2.00,282.2,3.531,70.974,1069.350,-1.233
14606,02/07/26 10:10:53 PM,1.67,2.00,287.8,3.400,71.460,1069.350,-1.266
14607,02/07/26 10:20:53 PM,1.34,1.67,300.4,3.335,70.759,1069.350,-1.462
14608,02/07/26 10:30:53 PM,1.67,2.00,296.2,3.587,69.792,1069.350,-1.407
14609,02/07/26 10:40:53 PM,1.67,2.00,282.2,3.239,70.764,1069.350,-1.554
14610,02/07/26 10:50:53 PM,1.34,1.67,283.6,3.440,70.100,1069.350,-1.489
14611,02/07/26 11:00:53 PM,1.00,1.67,300.4,4.169,67.814,1069.350,-1.241
14612,02/07/26 11:10:53 PM,1.34,1.67,301.8,3.906,68.908,1069.350,-1.275
14613,02/07/26 11:20:53 PM,1.34,2.00,301.8,3.998,69.778,1069.350,-1.015
14614,02/07/26 11:30:53 PM,1.34,1.67,301.8,4.207,69.285,1069.350,-0.911
14615,02/07/26 11:40:53 PM,1.34,2.00,286.4,4.065,69.737,1069.350,-0.959
14616,02/07/26 11:50:53 PM,1.00,1.67,292.0,4.137,69.032,1069.350,-1.029
14617,02/08/26 12:00:53 AM,1.34,2.00,299.0,3.590,70.489,1069.350,-1.269
14618,02/08/26 12:10:53 AM,2.00,2.67,280.8,3.279,71.182,1069.350,-1.435
14619,02/08/26 12:20:53 AM,2.34,3.67,287.8,3.070,72.671,1069.350,-1.355
14620,02/08/26 12:30:53 AM,2.67,4.68,314.5,3.161,73.417,1069.350,-1.128
14621,02/08/26 12:40:53 AM,2.34,4.01,322.9,3.574,72.172,1069.350,-0.963
14622,02/08/26 12:50:53 AM,2.00,3.01,279.4,3.740,71.287,1069.350,-0.971
14623,02/08/26 01:00:53 AM,1.34,2.67,276.6,4.172,69.149,1069.350,-0.972
14624,02/08/26 01:10:53 AM,1.34,2.00,258.3,3.719,70.996,1069.350,-1.047
14625,02/08/26 01:20:53 AM,1.34,2.34,252.7,3.933,70.159,1069.350,-1.003
14626,02/08/26 01:30:53 AM,1.34,2.34,244.3,2.933,74.281,1069.350,-1.189
14627,02/08/26 01:40:53 AM,1.34,1.67,292.0,2.829,74.653,1069.350,-1.222
14628,02/08/26 01:50:53 AM,1.34,2.00,293.4,2.984,73.138,1069.350,-1.351
14629,02/08/26 02:00:53 AM,2.00,2.34,294.8,2.217,75.372,1069.350,-1.684
14630,02/08/26 02:10:53 AM,2.34,3.01,296.2,2.595,73.936,1069.350,-1.579
14631,02/08/26 02:20:53 AM,2.00,3.34,280.8,3.134,72.177,1069.350,-1.386
14632,02/08/26 02:30:53 AM,1.67,2.67,258.3,2.775,74.015,1069.350,-1.391
14633,02/08/26 02:40:53 AM,2.00,4.01,269.6,3.140,72.491,1069.350,-1.321
14634,02/08/26 02:50:53 AM,1.34,2.34,252.7,2.679,74.017,1069.350,-1.483
14635,02/08/26 03:00:53 AM,1.00,2.00,273.8,3.110,72.828,1069.350,-1.287
14636,02/08/26 03:10:53 AM,1.34,2.00,259.7,3.687,70.417,1069.350,-1.190
14637,02/08/26 03:20:53 AM,1.34,2.00,268.1,2.207,75.433,1069.350,-1.683
14638,02/08/26 03:30:53 AM,1.67,2.00,289.2,1.941,76.748,1069.350,-1.707
14639,02/08/26 03:40:53 AM,1.67,2.00,296.2,2.126,75.747,1069.350,-1.705
14640,02/08/26 03:50:53 AM,1.34,2.00,285.0,2.687,73.532,1069.350,-1.565
14641,02/08/26 04:00:53 AM,1.67,3.01,287.8,2.727,73.460,1069.350,-1.540
14642,02/08/26 04:10:53 AM,1.34,2.34,266.7,2.933,72.718,1069.350,-1.479
14643,02/08/26 04:20:53 AM,1.00,2.34,233.1,2.480,74.078,1069.350,-1.665
14644,02/08/26 04:30:53 AM,1.34,2.00,266.7,1.797,77.031,1069.350,-1.797
14645,02/08/26 04:40:53 AM,1.34,1.67,293.4,1.756,77.218,1069.350,-1.804
14646,02/08/26 04:50:53 AM,1.67,2.00,282.2,2.016,76.037,1069.350,-1.760
14647,02/08/26 05:00:53 AM,0.67,1.67,280.8,1.550,77.578,1069.350,-1.941
14648,02/08/26 05:10:53 AM,0.00,0.00,280.8,0.890,80.246,1069.350,-2.127
14649,02/08/26 05:20:53 AM,0.00,0.00,280.8,0.327,82.866,1069.350,-2.243
14650,02/08/26 05:30:53 AM,0.33,1.34,280.8,1.158,79.773,1069.350,-1.945
14651,02/08/26 05:40:53 AM,1.34,1.67,290.6,0.906,81.160,1069.350,-1.958
14652,02/08/26 05:50:53 AM,0.33,1.34,324.3,1.711,78.225,1069.350,-1.672
14653,02/08/26 06:00:53 AM,0.00,1.00,332.7,2.183,76.121,1069.350,-1.583
14654,02/08/26 06:10:53 AM,0.33,1.00,351.0,2.488,75.169,1069.350,-1.458
14655,02/08/26 06:20:53 AM,0.67,1.34,349.6,2.351,75.833,1069.350,-1.472
14656,02/08/26 06:30:53 AM,1.34,1.67,300.4,2.183,76.503,1069.350,-1.515
14657,02/08/26 06:40:53 AM,2.00,2.34,263.9,1.671,78.743,1069.350,-1.621
14658,02/08/26 06:50:53 AM,1.67,2.34,275.2,1.424,80.029,1069.350,-1.642
14659,02/08/26 07:00:53 AM,1.34,1.67,290.6,1.625,78.595,1069.350,-1.691
14660,02/08/26 07:10:53 AM,1.34,2.00,313.1,1.939,77.377,1069.350,-1.598
14661,02/08/26 07:20:53 AM,1.00,1.67,304.7,2.279,76.788,1069.350,-1.371
14662,02/08/26 07:30:53 AM,1.00,1.67,331.3,2.520,75.845,1069.350,-1.306
14663,02/08/26 07:40:53 AM,0.67,2.34,334.1,3.105,73.361,1069.350,-1.193
14664,02/08/26 07:50:53 AM,0.33,1.34,103.9,2.445,76.347,1069.350,-1.288
14665,02/08/26 08:00:53 AM,0.00,0.00,123.5,0.931,83.084,1069.350,-1.616
14666,02/08/26 08:10:53 AM,0.00,0.00,123.5,0.842,83.798,1069.350,-1.587
14667,02/08/26 08:20:53 AM,0.00,0.00,123.5,0.724,84.846,1069.350,-1.534
14668,02/08/26 08:30:53 AM,0.00,0.00,123.5,0.553,85.841,1069.350,-1.544
14669,02/08/26 08:40:53 AM,0.00,0.00,123.5,0.705,85.095,1069.350,-1.513
14670,02/08/26 08:50:53 AM,0.00,0.00,123.5,0.630,85.728,1069.350,-1.486
14671,02/08/26 09:00:53 AM,0.33,1.67,143.2,0.644,85.820,1069.350,-1.457
14672,02/08/26 09:10:53 AM,0.67,1.34,241.5,0.772,85.510,1069.350,-1.381
14673,02/08/26 09:20:53 AM,0.00,0.00,241.5,1.059,84.276,1069.350,-1.296
14674,02/08/26 09:30:53 AM,0.00,1.00,241.5,1.057,84.894,1069.350,-1.199
14675,02/08/26 09:40:53 AM,0.00,0.00,241.5,1.091,84.680,1069.350,-1.200
14676,02/08/26 09:50:53 AM,0.00,0.00,241.5,1.231,84.181,1069.350,-1.143
14677,02/08/26 10:00:53 AM,0.00,0.00,241.5,1.531,83.258,1069.350,-0.999
14678,02/08/26 10:10:53 AM,0.00,0.33,241.5,1.821,83.012,1069.350,-0.755
14679,02/08/26 10:20:53 AM,0.00,1.00,241.5,2.368,81.604,1069.350,-0.454
14680,02/08/26 10:30:53 AM,0.33,1.34,265.3,3.464,77.760,1069.350,-0.047
14681,02/08/26 10:40:53 AM,0.33,1.34,348.2,3.933,75.651,1069.350,0.030
14682,02/08/26 10:50:53 AM,1.00,1.67,108.1,3.547,77.118,1069.350,-0.081
14683,02/08/26 11:00:53 AM,1.00,2.00,137.6,3.590,78.058,1069.350,0.128
14684,02/08/26 11:10:53 AM,1.00,2.00,147.4,4.298,76.519,1069.350,0.541
14685,02/08/26 11:20:53 AM,1.34,2.67,112.3,5.274,73.727,1069.350,0.972
14686,02/08/26 11:30:53 AM,1.00,2.00,102.5,5.429,73.007,1069.350,0.985
14687,02/08/26 11:40:53 AM,1.00,1.67,99.7,5.888,71.417,1069.350,1.122
14688,02/08/26 11:50:53 AM,0.67,1.67,108.1,6.475,68.850,1069.350,1.177
14689,02/08/26 12:00:53 PM,1.00,1.67,109.5,7.000,65.072,1069.350,0.895
14690,02/08/26 12:10:53 PM,1.00,2.00,94.1,7.587,61.120,1069.350,0.584
14691,02/08/26 12:20:53 PM,2.00,5.68,203.6,8.204,57.311,1069.350,0.276
14692,02/08/26 12:30:53 PM,3.67,6.01,206.4,8.805,52.677,1069.350,-0.323
14693,02/08/26 12:40:53 PM,4.34,8.02,212.0,8.665,52.532,1069.350,-0.491
14694,02/08/26 12:50:53 PM,3.67,6.35,214.8,8.512,53.162,1069.350,-0.470
14695,02/08/26 01:00:53 PM,4.01,7.01,213.4,8.531,53.179,1069.350,-0.447
14696,02/08/26 01:10:53 PM,4.01,7.01,209.2,8.475,53.922,1069.350,-0.309
14697,02/08/26 01:20:53 PM,2.34,4.34,221.8,8.325,55.352,1069.350,-0.090
14698,02/08/26 01:30:53 PM,2.00,3.34,213.4,8.247,56.381,1069.350,0.091
14699,02/08/26 01:40:53 PM,1.67,3.67,235.9,8.352,56.201,1069.350,0.145
14700,02/08/26 01:50:53 PM,1.00,2.00,314.5,8.478,56.136,1069.350,0.247
14701,02/08/26 02:00:53 PM,1.00,2.00,324.3,8.676,54.510,1069.350,0.027
14702,02/08/26 02:10:53 PM,0.67,1.67,318.7,8.928,53.805,1069.350,0.083
14703,02/08/26 02:20:53 PM,0.00,1.00,287.8,9.105,53.355,1069.350,0.132
14704,02/08/26 02:30:53 PM,0.00,0.00,290.6,9.236,53.004,1069.350,0.163
14705,02/08/26 02:40:53 PM,0.33,1.34,327.1,9.134,53.289,1069.350,0.142
14706,02/08/26 02:50:53 PM,1.34,2.00,124.9,8.727,57.705,1069.350,0.862
14707,02/08/26 03:00:53 PM,1.34,2.34,96.9,8.523,60.395,1069.350,1.303
14708,02/08/26 03:10:53 PM,2.34,4.01,56.2,8.266,61.855,1069.350,1.392
14709,02/08/26 03:20:53 PM,1.67,3.01,57.6,8.574,61.305,1069.350,1.559
14710,02/08/26 03:30:53 PM,1.67,2.67,74.4,9.003,58.949,1069.350,1.418
14711,02/08/26 03:40:53 PM,1.67,2.67,61.8,9.083,58.457,1069.350,1.376
14712,02/08/26 03:50:53 PM,1.34,2.67,64.6,8.807,57.906,1069.350,0.985
14713,02/08/26 04:00:53 PM,1.34,2.34,87.0,8.652,60.433,1069.350,1.433
14714,02/08/26 04:10:53 PM,1.00,2.00,87.0,8.083,64.199,1069.350,1.737
14715,02/08/26 04:20:53 PM,0.67,2.00,95.5,7.764,66.345,1069.350,1.893
14716,02/08/26 04:30:53 PM,1.34,2.34,105.3,7.510,66.744,1069.350,1.734
14717,02/08/26 04:40:53 PM,1.67,2.67,78.6,7.360,65.888,1069.350,1.411
14718,02/08/26 04:50:53 PM,0.67,2.00,63.2,7.266,67.375,1069.350,1.633
14719,02/08/26 05:00:53 PM,1.34,2.34,54.8,7.081,68.316,1069.350,1.649
14720,02/08/26 05:10:53 PM,1.67,3.67,46.3,6.960,68.417,1069.350,1.554
14721,02/08/26 05:20:53 PM,2.67,4.01,42.1,6.925,68.020,1069.350,1.439
14722,02/08/26 05:30:53 PM,3.34,4.68,33.7,6.759,68.293,1069.350,1.336
14723,02/08/26 05:40:53 PM,2.67,4.01,16.8,6.563,69.271,1069.350,1.346
14724,02/08/26 05:50:53 PM,1.67,3.67,18.3,6.646,67.707,1069.350,1.108
14725,02/08/26 06:00:53 PM,1.34,3.01,154.4,6.314,70.094,1069.350,1.272
14726,02/08/26 06:10:53 PM,1.00,1.67,220.4,5.971,71.908,1069.350,1.297
14727,02/08/26 06:20:53 PM,1.00,2.34,265.3,5.813,72.671,1069.350,1.292
14728,02/08/26 06:30:53 PM,2.00,3.67,94.1,5.542,74.482,1069.350,1.372
14729,02/08/26 06:40:53 PM,0.67,2.34,339.7,5.362,74.833,1069.350,1.264
14730,02/08/26 06:50:53 PM,1.00,2.67,146.0,5.834,72.059,1069.350,1.194
14731,02/08/26 07:00:53 PM,1.67,2.67,349.6,5.510,73.408,1069.350,1.139
14732,02/08/26 07:10:53 PM,1.34,2.34,355.2,5.298,74.591,1069.350,1.157
14733,02/08/26 07:20:53 PM,1.34,1.67,12.6,5.091,76.156,1069.350,1.245
14734,02/08/26 07:30:53 PM,0.33,2.34,29.5,5.360,75.027,1069.350,1.298
14735,02/08/26 07:40:53 PM,1.34,2.67,7.0,5.113,78.758,1069.350,1.734
14736,02/08/26 07:50:53 PM,3.01,4.34,9.8,4.537,82.213,1069.350,1.772
14737,02/08/26 08:00:53 PM,2.67,4.01,16.8,4.915,80.676,1069.350,1.877
14738,02/08/26 08:10:53 PM,2.34,4.01,12.6,4.858,81.410,1069.350,1.948
14739,02/08/26 08:20:53 PM,1.00,2.67,165.7,4.287,84.431,1069.350,1.899
14740,02/08/26 08:30:53 PM,0.67,2.00,174.1,4.453,83.403,1069.350,1.890
14741,02/08/26 08:40:53 PM,1.00,1.67,223.2,3.606,88.954,1069.350,1.958
14742,02/08/26 08:50:53 PM,0.67,1.00,261.1,3.397,90.584,1069.350,2.005
14743,02/08/26 09:00:53 PM,0.67,1.34,290.6,3.461,90.858,1069.350,2.111
14744,02/08/26 09:10:53 PM,0.33,1.34,280.8,3.660,89.177,1069.350,2.046
14745,02/08/26 09:20:53 PM,0.00,0.00,237.3,3.394,90.758,1069.350,2.029
14746,02/08/26 09:30:53 PM,0.00,1.00,245.7,3.075,93.642,1069.350,2.151
14747,02/08/26 09:40:53 PM,0.33,1.00,306.1,3.472,89.631,1069.350,1.931
14748,02/08/26 09:50:53 PM,0.33,1.67,310.3,3.384,90.892,1069.350,2.040
14749,02/08/26 10:00:53 PM,0.67,1.67,346.8,2.957,94.157,1069.350,2.110
14750,02/08/26 10:10:53 PM,1.34,2.00,331.3,3.105,93.439,1069.350,2.150
14751,02/08/26 10:20:53 PM,2.00,3.01,342.6,3.008,94.789,1069.350,2.255
14752,02/08/26 10:30:53 PM,2.00,2.67,9.8,3.193,93.671,1069.350,2.272
14753,02/08/26 10:40:53 PM,1.00,2.34,355.2,3.065,94.365,1069.350,2.249
14754,02/08/26 10:50:53 PM,0.67,1.67,355.2,3.065,93.980,1069.350,2.191
14755,02/08/26 11:00:53 PM,0.33,1.34,2.8,3.161,93.414,1069.350,2.202
14756,02/08/26 11:10:53 PM,0.67,1.34,157.2,2.990,94.047,1069.350,2.127
14757,02/08/26 11:20:53 PM,0.33,1.00,169.9,2.478,96.135,1069.350,1.924
14758,02/08/26 11:30:53 PM,0.00,0.00,214.8,2.333,97.197,1069.350,1.933
14759,02/08/26 11:40:53 PM,0.33,1.67,248.5,2.279,97.580,1069.350,1.934
14760,02/08/26 11:50:53 PM,0.00,1.00,303.2,2.539,97.708,1069.350,2.213
14761,02/09/26 12:00:53 AM,0.33,1.67,300.4,2.657,96.638,1069.350,2.176
14762,02/09/26 12:10:53 AM,0.67,1.67,16.8,2.453,97.751,1069.350,2.133
14763,02/09/26 12:20:53 AM,0.00,0.00,37.9,2.585,97.325,1069.350,2.203
14764,02/09/26 12:30:53 AM,0.00,0.00,37.9,2.700,97.173,1069.350,2.296
14765,02/09/26 12:40:53 AM,0.67,3.34,352.4,2.518,97.018,1069.350,2.092
14766,02/09/26 12:50:53 AM,1.67,4.34,248.5,2.126,98.746,1069.350,1.948
14767,02/09/26 01:00:53 AM,2.67,4.68,271.0,2.569,98.918,1069.350,2.415
14768,02/09/26 01:10:53 AM,2.34,3.67,265.3,2.813,98.015,1069.350,2.530
14769,02/09/26 01:20:53 AM,2.34,3.67,262.5,2.960,97.775,1069.350,2.643
14770,02/09/26 01:30:53 AM,2.34,3.34,259.7,2.778,98.578,1069.350,2.576
14771,02/09/26 01:40:53 AM,3.01,5.68,280.8,2.973,99.088,1069.350,2.844
14772,02/09/26 01:50:53 AM,3.01,4.68,275.2,2.984,98.445,1069.350,2.763
14773,02/09/26 02:00:53 AM,4.01,5.68,278.0,2.915,98.062,1069.350,2.639
14774,02/09/26 02:10:53 AM,4.68,7.35,272.4,2.904,97.581,1069.350,2.559
14775,02/09/26 02:20:53 AM,5.68,9.02,265.3,2.689,97.343,1069.350,2.310
14776,02/09/26 02:30:53 AM,6.35,9.02,266.7,2.191,97.433,1069.350,1.826
14777,02/09/26 02:40:53 AM,5.68,8.68,265.3,1.861,98.154,1069.350,1.599
14778,02/09/26 02:50:53 AM,6.01,8.68,265.3,1.410,98.303,1069.350,1.169
14779,02/09/26 03:00:53 AM,5.68,8.35,269.6,1.137,98.512,1069.350,0.926
14780,02/09/26 03:10:53 AM,5.01,7.01,269.6,1.070,98.839,1069.350,0.905
14781,02/09/26 03:20:53 AM,5.01,7.68,272.4,1.075,98.965,1069.350,0.927
14782,02/09/26 03:30:53 AM,5.68,8.68,271.0,1.228,98.761,1069.350,1.052
14783,02/09/26 03:40:53 AM,5.68,8.35,275.2,1.349,98.642,1069.350,1.156
14784,02/09/26 03:50:53 AM,5.34,8.02,276.6,1.373,98.322,1069.350,1.135
14785,02/09/26 04:00:53 AM,5.68,8.35,271.0,1.402,98.001,1069.350,1.118
14786,02/09/26 04:10:53 AM,5.34,7.68,272.4,1.351,98.050,1069.350,1.074
14787,02/09/26 04:20:53 AM,5.34,7.68,275.2,1.317,97.432,1069.350,0.953
14788,02/09/26 04:30:53 AM,6.01,9.35,271.0,1.338,96.300,1069.350,0.812
14789,02/09/26 04:40:53 AM,5.68,8.02,273.8,1.199,96.371,1069.350,0.683
14790,02/09/26 04:50:53 AM,6.35,9.35,276.6,1.148,95.750,1069.350,0.543
14791,02/09/26 05:00:53 AM,5.68,8.02,272.4,1.075,95.634,1069.350,0.453
14792,02/09/26 05:10:53 AM,5.34,7.35,268.1,0.960,95.781,1069.350,0.360
14793,02/09/26 05:20:53 AM,4.34,6.68,266.7,0.866,95.921,1069.350,0.286
14794,02/09/26 05:30:53 AM,4.68,8.02,269.6,0.770,96.210,1069.350,0.232
14795,02/09/26 05:40:53 AM,5.01,7.68,263.9,0.676,96.768,1069.350,0.218
14796,02/09/26 05:50:53 AM,6.01,10.02,266.7,0.697,95.972,1069.350,0.125
14797,02/09/26 06:00:53 AM,5.68,8.68,268.1,0.654,95.406,1069.350,0.001
14798,02/09/26 06:10:53 AM,6.01,8.68,268.1,0.695,94.562,1069.350,-0.080
14799,02/09/26 06:20:53 AM,5.01,7.35,272.4,0.641,94.658,1069.350,-0.120
14800,02/09/26 06:30:53 AM,5.01,7.68,275.2,0.598,94.179,1069.350,-0.233
14801,02/09/26 06:40:53 AM,5.68,8.68,265.3,0.338,95.840,1069.350,-0.251
14802,02/09/26 06:50:53 AM,5.34,7.68,261.1,0.322,94.153,1069.350,-0.511
14803,02/09/26 07:00:53 AM,5.68,8.68,265.3,0.349,92.152,1069.350,-0.778
14804,02/09/26 07:10:53 AM,5.34,8.35,268.1,0.244,91.911,1069.350,-0.918
14805,02/09/26 07:20:53 AM,5.01,8.02,269.6,0.110,91.058,1069.350,-1.178
14806,02/09/26 07:30:53 AM,5.68,8.02,268.1,0.032,90.906,1069.350,-1.278
14807,02/09/26 07:40:53 AM,5.34,7.68,258.3,-0.142,93.918,1069.350,-1.007
14808,02/09/26 07:50:53 AM,6.01,9.35,258.3,-0.155,93.347,1069.350,-1.103
14809,02/09/26 08:00:53 AM,6.01,9.02,259.7,-0.324,92.717,1069.350,-1.363
14810,02/09/26 08:10:53 AM,6.01,8.35,259.7,-0.394,92.375,1069.350,-1.483
14811,02/09/26 08:20:53 AM,6.01,8.68,266.7,-0.415,91.171,1069.350,-1.682
14812,02/09/26 08:30:53 AM,6.35,8.68,272.4,-0.292,89.235,1069.350,-1.851
14813,02/09/26 08:40:53 AM,6.68,10.02,259.7,-0.386,90.939,1069.350,-1.687
14814,02/09/26 08:50:53 AM,6.68,9.68,263.9,-0.587,93.910,1069.350,-1.450
14815,02/09/26 09:00:53 AM,6.35,9.68,266.7,-0.603,93.954,1069.350,-1.460
14816,02/09/26 09:10:53 AM,6.01,9.02,265.3,-0.217,91.781,1069.350,-1.395
14817,02/09/26 09:20:53 AM,6.35,10.02,265.3,0.027,91.191,1069.350,-1.241
14818,02/09/26 09:30:53 AM,6.01,9.02,269.6,-0.056,91.478,1069.350,-1.280
14819,02/09/26 09:40:53 AM,6.01,9.02,272.4,0.266,90.246,1069.350,-1.146
14820,02/09/26 09:50:53 AM,6.35,9.68,271.0,0.496,89.187,1069.350,-1.079
14821,02/09/26 10:00:53 AM,6.35,10.02,269.6,0.070,91.217,1069.350,-1.194
14822,02/09/26 10:10:53 AM,7.35,10.69,271.0,-0.010,91.070,1069.350,-1.295
14823,02/09/26 10:20:53 AM,7.01,10.02,271.0,0.027,90.181,1069.350,-1.392
14824,02/09/26 10:30:53 AM,6.68,10.02,271.0,0.400,88.128,1069.350,-1.337
14825,02/09/26 10:40:53 AM,5.68,9.35,276.6,0.217,87.950,1069.350,-1.545
14826,02/09/26 10:50:53 AM,5.68,8.35,283.6,0.314,87.448,1069.350,-1.527
14827,02/09/26 11:00:53 AM,6.35,10.02,279.4,0.330,86.812,1069.350,-1.610
14828,02/09/26 11:10:53 AM,6.35,10.69,280.8,0.531,85.805,1069.350,-1.571
14829,02/09/26 11:20:53 AM,7.01,10.35,280.8,0.582,84.460,1069.350,-1.735
14830,02/09/26 11:30:53 AM,6.35,9.68,285.0,0.762,83.838,1069.350,-1.659
14831,02/09/26 11:40:53 AM,6.35,10.02,280.8,1.301,82.826,1069.350,-1.295
14832,02/09/26 11:50:53 AM,5.68,9.35,292.0,1.150,84.569,1069.350,-1.160
14833,02/09/26 12:00:53 PM,6.68,10.02,296.2,1.346,82.657,1069.350,-1.279
14834,02/09/26 12:10:53 PM,7.35,11.02,296.2,1.901,80.050,1069.350,-1.173
14835,02/09/26 12:20:53 PM,7.01,10.02,290.6,1.839,79.242,1069.350,-1.371
14836,02/09/26 12:30:53 PM,7.01,10.69,290.6,1.606,78.959,1069.350,-1.647
14837,02/09/26 12:40:53 PM,7.01,9.68,289.2,1.236,80.163,1069.350,-1.803
14838,02/09/26 12:50:53 PM,7.01,10.35,286.4,2.188,77.002,1069.350,-1.422
14839,02/09/26 01:00:53 PM,7.35,10.69,289.2,1.882,77.067,1069.350,-1.708
14840,02/09/26 01:10:53 PM,6.35,10.35,286.4,2.464,77.145,1069.350,-1.128
14841,02/09/26 01:20:53 PM,7.01,9.68,286.4,2.250,76.985,1069.350,-1.365
14842,02/09/26 01:30:53 PM,6.35,9.02,278.0,2.169,77.993,1069.350,-1.266
14843,02/09/26 01:40:53 PM,7.35,10.35,276.6,1.952,78.647,1069.350,-1.364
14844,02/09/26 01:50:53 PM,6.68,10.69,272.4,2.389,77.737,1069.350,-1.097
14845,02/09/26 02:00:53 PM,7.01,10.69,276.6,2.968,75.419,1069.350,-0.948
14846,02/09/26 02:10:53 PM,7.01,11.35,280.8,2.590,75.296,1069.350,-1.337
14847,02/09/26 02:20:53 PM,6.68,9.35,279.4,2.032,77.230,1069.350,-1.533
14848,02/09/26 02:30:53 PM,7.01,10.02,271.0,2.105,76.431,1069.350,-1.604
14849,02/09/26 02:40:53 PM,7.01,10.35,273.8,2.105,75.982,1069.350,-1.684
14850,02/09/26 02:50:53 PM,6.35,10.02,279.4,2.668,73.977,1069.350,-1.501
14851,02/09/26 03:00:53 PM,7.35,10.69,285.0,3.051,69.032,1069.350,-2.070
14852,02/09/26 03:10:53 PM,6.35,10.02,280.8,3.102,69.905,1069.350,-1.851
14853,02/09/26 03:20:53 PM,6.35,10.02,292.0,3.228,70.236,1069.350,-1.666
14854,02/09/26 03:30:53 PM,6.68,9.35,299.0,3.175,68.020,1069.350,-2.151
14855,02/09/26 03:40:53 PM,6.01,9.02,297.6,3.276,68.354,1069.350,-1.988
14856,02/09/26 03:50:53 PM,6.01,8.68,304.7,3.193,66.116,1069.350,-2.517
14857,02/09/26 04:00:53 PM,5.34,8.35,303.2,3.687,65.747,1069.350,-2.121
14858,02/09/26 04:10:53 PM,6.01,9.35,292.0,3.279,64.332,1069.350,-2.803
14859,02/09/26 04:20:53 PM,6.01,8.35,294.8,3.035,65.298,1069.350,-2.835
14860,02/09/26 04:30:53 PM,5.68,8.68,300.4,2.625,67.428,1069.350,-2.796
14861,02/09/26 04:40:53 PM,6.68,9.68,296.2,3.075,65.922,1069.350,-2.669
14862,02/09/26 04:50:53 PM,6.01,8.68,297.6,3.081,67.071,1069.350,-2.431
14863,02/09/26 05:00:53 PM,4.68,8.02,282.2,2.555,69.595,1069.350,-2.437
14864,02/09/26 05:10:53 PM,4.68,7.01,282.2,3.070,67.749,1069.350,-2.306
14865,02/09/26 05:20:53 PM,4.68,6.68,278.0,3.006,67.143,1069.350,-2.488
14866,02/09/26 05:30:53 PM,4.34,7.01,282.2,3.059,67.092,1069.350,-2.448
14867,02/09/26 05:40:53 PM,4.68,6.68,287.8,3.097,67.182,1069.350,-2.393
14868,02/09/26 05:50:53 PM,6.01,8.35,286.4,2.528,69.198,1069.350,-2.540
14869,02/09/26 06:00:53 PM,4.68,7.01,299.0,1.646,76.023,1069.350,-2.122
14870,02/09/26 06:10:53 PM,4.01,6.35,297.6,2.317,72.631,1069.350,-2.089
14871,02/09/26 06:20:53 PM,3.67,6.01,292.0,2.156,71.238,1069.350,-2.506
14872,02/09/26 06:30:53 PM,3.34,5.01,292.0,1.882,70.933,1069.350,-2.828
14873,02/09/26 06:40:53 PM,2.34,3.67,290.6,1.451,72.410,1069.350,-2.966
14874,02/09/26 06:50:53 PM,2.34,3.34,287.8,0.499,74.839,1069.350,-3.445
14875,02/09/26 07:00:53 PM,2.00,2.67,278.0,-0.410,78.593,1069.350,-3.674
14876,02/09/26 07:10:53 PM,2.00,2.34,279.4,-0.927,80.458,1069.350,-3.866
14877,02/09/26 07:20:53 PM,1.67,2.34,266.7,-1.340,83.061,1069.350,-3.846
14878,02/09/26 07:30:53 PM,2.00,2.34,268.1,-1.718,85.353,1069.350,-3.855
14879,02/09/26 07:40:53 PM,1.67,2.67,272.4,-1.683,85.963,1069.350,-3.725
14880,02/09/26 07:50:53 PM,1.67,2.67,252.7,-2.029,87.808,1069.350,-3.783
14881,02/09/26 08:00:53 PM,2.00,2.67,272.4,-2.024,88.009,1069.350,-3.748
14882,02/09/26 08:10:53 PM,2.00,2.67,266.7,-2.051,88.011,1069.350,-3.774
14883,02/09/26 08:20:53 PM,1.67,2.00,261.1,-2.388,89.068,1069.350,-3.948
14884,02/09/26 08:30:53 PM,1.34,1.67,244.3,-2.994,91.003,1069.350,-4.262
14885,02/09/26 08:40:53 PM,2.00,2.34,238.7,-2.868,91.565,1069.350,-4.055
14886,02/09/26 08:50:53 PM,1.34,2.00,276.6,-2.986,91.022,1069.350,-4.251
14887,02/09/26 09:00:53 PM,1.34,2.00,285.0,-3.037,91.006,1069.350,-4.304
14888,02/09/26 09:10:53 PM,1.34,2.34,282.2,-2.994,90.272,1069.350,-4.369
14889,02/09/26 09:20:53 PM,1.67,2.67,268.1,-3.024,90.941,1069.350,-4.301
14890,02/09/26 09:30:53 PM,1.67,2.67,290.6,-3.123,90.431,1069.350,-4.473
14891,02/09/26 09:40:53 PM,1.67,3.34,301.8,-3.099,91.235,1069.350,-4.332
14892,02/09/26 09:50:53 PM,2.67,3.67,314.5,-2.576,89.644,1069.350,-4.048
14893,02/09/26 10:00:53 PM,3.01,4.01,318.7,-2.557,89.346,1069.350,-4.074
14894,02/09/26 10:10:53 PM,3.34,5.01,321.5,-2.565,89.764,1069.350,-4.019
14895,02/09/26 10:20:53 PM,3.67,5.01,314.5,-2.397,89.470,1069.350,-3.897
14896,02/09/26 10:30:53 PM,3.01,4.34,318.7,-2.431,88.785,1069.350,-4.033
14897,02/09/26 10:40:53 PM,1.67,3.67,294.8,-2.801,89.409,1069.350,-4.306
14898,02/09/26 10:50:53 PM,1.67,2.34,255.5,-3.335,91.907,1069.350,-4.469
14899,02/09/26 11:00:53 PM,2.00,3.34,244.3,-3.241,91.562,1069.350,-4.426
14900,02/09/26 11:10:53 PM,2.00,3.01,231.6,-3.565,92.773,1069.350,-4.573
14901,02/09/26 11:20:53 PM,2.00,2.67,251.3,-3.624,93.004,1069.350,-4.599
14902,02/09/26 11:30:53 PM,1.67,2.34,293.4,-4.354,94.150,1069.350,-5.163
14903,02/09/26 11:40:53 PM,1.67,2.67,307.5,-4.273,95.270,1069.350,-4.926
14904,02/09/26 11:50:53 PM,1.67,3.01,306.1,-3.456,93.838,1069.350,-4.313
14905,02/10/26 12:00:53 AM,1.67,3.67,272.4,-4.029,94.122,1069.350,-4.843
14906,02/10/26 12:10:53 AM,2.00,3.67,276.6,-3.831,94.452,1069.350,-4.600
14907,02/10/26 12:20:53 AM,1.67,2.34,262.5,-4.045,95.041,1069.350,-4.731
14908,02/10/26 12:30:53 AM,2.67,4.01,315.9,-3.686,93.886,1069.350,-4.535
14909,02/10/26 12:40:53 AM,3.01,4.01,320.1,-3.236,92.386,1069.350,-4.302
14910,02/10/26 12:50:53 AM,3.01,4.68,318.7,-3.182,92.187,1069.350,-4.277
14911,02/10/26 01:00:53 AM,4.34,5.68,322.9,-2.791,91.106,1069.350,-4.046
14912,02/10/26 01:10:53 AM,3.34,5.01,310.3,-2.960,90.249,1069.350,-4.339
14913,02/10/26 01:20:53 AM,3.34,5.01,322.9,-3.287,90.575,1069.350,-4.615
14914,02/10/26 01:30:53 AM,4.34,5.68,324.3,-3.372,90.503,1069.350,-4.709
14915,02/10/26 01:40:53 AM,3.01,4.68,317.3,-3.413,90.159,1069.350,-4.800
14916,02/10/26 01:50:53 AM,2.34,4.01,328.5,-3.254,88.722,1069.350,-4.855
14917,02/10/26 02:00:53 AM,2.00,2.67,303.2,-3.638,88.580,1069.350,-5.256
14918,02/10/26 02:10:53 AM,2.00,3.01,317.3,-4.136,89.992,1069.350,-5.540
14919,02/10/26 02:20:53 AM,1.67,2.67,299.0,-4.027,88.659,1069.350,-5.629
14920,02/10/26 02:30:53 AM,2.00,2.67,245.7,-4.506,91.562,1069.350,-5.680
14921,02/10/26 02:40:53 AM,1.67,2.67,255.5,-4.654,93.068,1069.350,-5.613
14922,02/10/26 02:50:53 AM,2.00,3.01,242.9,-4.930,93.603,1069.350,-5.812
14923,02/10/26 03:00:53 AM,2.00,3.01,235.9,-4.651,93.214,1069.350,-5.589
14924,02/10/26 03:10:53 AM,2.34,3.67,238.7,-3.809,89.345,1069.350,-5.312
14925,02/10/26 03:20:53 AM,2.34,3.67,259.7,-3.783,89.384,1069.350,-5.280
14926,02/10/26 03:30:53 AM,2.34,3.34,252.7,-4.718,92.927,1069.350,-5.696
14927,02/10/26 03:40:53 AM,2.34,3.34,234.5,-5.289,94.575,1069.350,-6.034
14928,02/10/26 03:50:53 AM,2.34,4.01,271.0,-5.533,94.745,1069.350,-6.253
14929,02/10/26 04:00:53 AM,2.34,3.34,280.8,-5.783,95.674,1069.350,-6.375
14930,02/10/26 04:10:53 AM,2.34,3.67,286.4,-4.954,93.782,1069.350,-5.811
14931,02/10/26 04:20:53 AM,1.34,2.00,299.0,-4.968,91.600,1069.350,-6.133
14932,02/10/26 04:30:53 AM,1.34,2.00,306.1,-4.866,90.076,1069.350,-6.251
14933,02/10/26 04:40:53 AM,1.00,2.00,318.7,-5.032,89.410,1069.350,-6.512
14934,02/10/26 04:50:53 AM,1.00,1.67,351.0,-5.021,86.334,1069.350,-6.956
14935,02/10/26 05:00:53 AM,0.33,1.34,334.1,-5.263,86.030,1069.350,-7.240
14936,02/10/26 05:10:53 AM,1.00,2.00,77.2,-5.225,85.318,1069.350,-7.310
14937,02/10/26 05:20:53 AM,0.67,1.34,94.1,-5.386,86.711,1069.350,-7.259
14938,02/10/26 05:30:53 AM,0.67,1.34,103.9,-5.713,88.470,1069.350,-7.322
14939,02/10/26 05:40:53 AM,0.67,1.67,82.8,-6.501,90.599,1069.350,-7.795
14940,02/10/26 05:50:53 AM,1.00,1.34,355.2,-6.651,92.250,1069.350,-7.711
14941,02/10/26 06:00:53 AM,1.00,1.67,351.0,-6.568,92.300,1069.350,-7.621
14942,02/10/26 06:10:53 AM,1.00,2.00,22.5,-6.372,92.103,1069.350,-7.454
14943,02/10/26 06:20:53 AM,1.00,1.67,2.8,-6.067,91.456,1069.350,-7.243
14944,02/10/26 06:30:53 AM,0.67,1.67,344.0,-6.107,90.774,1069.350,-7.379
14945,02/10/26 06:40:53 AM,0.67,1.34,273.8,-6.512,92.346,1069.350,-7.559
14946,02/10/26 06:50:53 AM,1.00,1.67,271.0,-7.053,93.104,1069.350,-7.991
14947,02/10/26 07:00:53 AM,1.00,1.34,271.0,-7.147,94.351,1069.350,-7.914
14948,02/10/26 07:10:53 AM,0.00,0.67,289.2,-6.831,93.739,1069.350,-7.683
14949,02/10/26 07:20:53 AM,0.00,0.00,320.1,-6.498,92.831,1069.350,-7.478
14950,02/10/26 07:30:53 AM,0.00,0.00,320.1,-6.533,92.032,1069.350,-7.624
14951,02/10/26 07:40:53 AM,0.00,0.00,320.1,-6.777,93.094,1069.350,-7.719
14952,02/10/26 07:50:53 AM,0.00,0.00,334.1,-7.198,93.869,1069.350,-8.030
14953,02/10/26 08:00:53 AM,0.00,0.00,355.2,-7.563,95.511,1069.350,-8.171
14954,02/10/26 08:10:53 AM,0.00,0.00,355.2,-7.338,97.379,1069.350,-7.698
14955,02/10/26 08:20:53 AM,0.00,0.00,355.2,-7.061,96.452,1069.350,-7.544
14956,02/10/26 08:30:53 AM,0.00,0.00,355.2,-7.155,96.497,1069.350,-7.632
14957,02/10/26 08:40:53 AM,0.00,0.00,355.2,-7.426,95.654,1069.350,-8.015
14958,02/10/26 08:50:53 AM,0.00,0.00,355.2,-7.402,96.461,1069.350,-7.883
14959,02/10/26 09:00:53 AM,0.00,0.00,355.2,-7.177,94.067,1069.350,-7.982
14960,02/10/26 09:10:53 AM,0.00,0.00,355.2,-7.102,93.634,1069.350,-7.967
14961,02/10/26 09:20:53 AM,0.00,0.00,355.2,-6.608,92.145,1069.350,-7.683
14962,02/10/26 09:30:53 AM,0.33,1.34,355.2,-6.190,91.975,1069.350,-7.292
14963,02/10/26 09:40:53 AM,0.00,0.67,355.2,-5.311,89.689,1069.350,-6.747
14964,02/10/26 09:50:53 AM,0.00,0.00,355.2,-4.675,87.234,1069.350,-6.480
14965,02/10/26 10:00:53 AM,0.00,0.00,355.2,-3.935,84.904,1069.350,-6.104
14966,02/10/26 10:10:53 AM,0.33,1.67,4.2,-3.812,84.602,1069.350,-6.030
14967,02/10/26 10:20:53 AM,0.67,1.67,57.6,-2.943,82.937,1069.350,-5.438
14968,02/10/26 10:30:53 AM,1.34,2.34,106.7,-2.498,83.447,1069.350,-4.920
14969,02/10/26 10:40:53 AM,1.67,3.67,105.3,-2.222,84.063,1069.350,-4.552
14970,02/10/26 10:50:53 AM,1.34,2.34,112.3,-2.008,84.625,1069.350,-4.254
14971,02/10/26 11:00:53 AM,2.00,4.34,88.4,-1.321,81.906,1069.350,-4.014
14972,02/10/26 11:10:53 AM,2.34,3.67,87.0,-0.533,78.027,1069.350,-3.890
14973,02/10/26 11:20:53 AM,2.67,4.01,80.0,-0.064,75.724,1069.350,-3.834
14974,02/10/26 11:30:53 AM,2.67,4.34,80.0,0.255,73.927,1069.350,-3.845
14975,02/10/26 11:40:53 AM,3.34,5.01,67.4,0.480,72.891,1069.350,-3.815
14976,02/10/26 11:50:53 AM,4.01,6.68,63.2,0.713,70.779,1069.350,-3.982
14977,02/10/26 12:00:53 PM,4.68,6.68,60.4,0.960,69.902,1069.350,-3.910
14978,02/10/26 12:10:53 PM,5.01,7.01,63.2,1.928,66.871,1069.350,-3.573
14979,02/10/26 12:20:53 PM,4.68,7.68,63.2,2.376,65.740,1069.350,-3.373
14980,02/10/26 12:30:53 PM,4.68,7.35,59.0,2.866,64.230,1069.350,-3.218
14981,02/10/26 12:40:53 PM,5.34,8.02,54.8,2.719,63.380,1069.350,-3.536
14982,02/10/26 12:50:53 PM,5.68,9.02,70.2,3.402,61.665,1069.350,-3.254
14983,02/10/26 01:00:53 PM,5.68,9.02,70.2,3.802,58.619,1069.350,-3.554
14984,02/10/26 01:10:53 PM,5.68,9.35,85.6,4.043,57.787,1069.350,-3.518
14985,02/10/26 01:20:53 PM,5.34,9.02,77.2,4.306,57.244,1069.350,-3.398
14986,02/10/26 01:30:53 PM,5.68,8.68,77.2,4.368,56.681,1069.350,-3.471
14987,02/10/26 01:40:53 PM,5.68,9.02,73.0,4.491,55.506,1069.350,-3.636
14988,02/10/26 01:50:53 PM,5.34,8.35,75.8,4.491,54.977,1069.350,-3.764
14989,02/10/26 02:00:53 PM,5.34,7.68,84.2,4.866,54.775,1069.350,-3.463
14990,02/10/26 02:10:53 PM,5.68,8.35,74.4,4.853,53.336,1069.350,-3.830
14991,02/10/26 02:20:53 PM,5.68,9.35,85.6,5.196,51.890,1069.350,-3.877
14992,02/10/26 02:30:53 PM,5.34,8.68,77.2,5.212,51.014,1069.350,-4.089
14993,02/10/26 02:40:53 PM,6.01,9.68,80.0,5.113,50.916,1069.350,-4.206
14994,02/10/26 02:50:53 PM,6.01,10.02,75.8,5.242,50.614,1069.350,-4.166
14995,02/10/26 03:00:53 PM,5.68,9.02,75.8,5.349,50.358,1069.350,-4.134
14996,02/10/26 03:10:53 PM,6.01,8.35,78.6,5.266,49.989,1069.350,-4.309
14997,02/10/26 03:20:53 PM,5.01,8.35,80.0,5.724,50.050,1069.350,-3.869
14998,02/10/26 03:30:53 PM,5.34,8.35,94.1,5.692,48.258,1069.350,-4.383
14999,02/10/26 03:40:53 PM,6.01,8.35,89.9,5.507,47.027,1069.350,-4.895
15000,02/10/26 03:50:53 PM,6.01,9.02,91.3,5.370,46.726,1069.350,-5.105
15001,02/10/26 04:00:53 PM,6.01,9.35,89.9,5.435,46.023,1069.350,-5.246
15002,02/10/26 04:10:53 PM,6.35,9.02,85.6,5.510,44.443,1069.350,-5.636
15003,02/10/26 04:20:53 PM,6.01,8.68,91.3,5.408,45.109,1069.350,-5.534
15004,02/10/26 04:30:53 PM,5.68,9.02,88.4,5.507,46.262,1069.350,-5.111
15005,02/10/26 04:40:53 PM,5.68,8.35,82.8,5.614,45.765,1069.350,-5.156
15006,02/10/26 04:50:53 PM,6.01,8.68,80.0,5.437,45.737,1069.350,-5.326
15007,02/10/26 05:00:53 PM,5.68,9.02,77.2,5.641,46.212,1069.350,-5.003
15008,02/10/26 05:10:53 PM,6.01,9.68,73.0,5.325,45.370,1069.350,-5.534
15009,02/10/26 05:20:53 PM,5.68,8.68,75.8,5.325,45.893,1069.350,-5.383
15010,02/10/26 05:30:53 PM,6.35,9.68,66.0,4.947,46.293,1069.350,-5.616
15011,02/10/26 05:40:53 PM,5.68,8.68,75.8,4.979,45.968,1069.350,-5.679
15012,02/10/26 05:50:53 PM,6.01,8.68,78.6,4.805,46.537,1069.350,-5.677
15013,02/10/26 06:00:53 PM,5.34,8.02,82.8,4.311,48.322,1069.350,-5.637
15014,02/10/26 06:10:53 PM,5.01,7.68,80.0,3.660,50.163,1069.350,-5.748
15015,02/10/26 06:20:53 PM,4.68,7.01,73.0,3.032,53.478,1069.350,-5.491
15016,02/10/26 06:30:53 PM,4.34,6.35,70.2,2.534,56.443,1069.350,-5.247
15017,02/10/26 06:40:53 PM,4.01,6.01,73.0,2.169,57.990,1069.350,-5.234
15018,02/10/26 06:50:53 PM,3.67,5.68,73.0,1.893,59.791,1069.350,-5.091
15019,02/10/26 07:00:53 PM,3.67,5.01,67.4,1.553,61.930,1069.350,-4.949
15020,02/10/26 07:10:53 PM,3.67,5.34,66.0,1.207,64.190,1069.350,-4.805
15021,02/10/26 07:20:53 PM,3.34,4.68,71.6,0.909,65.652,1069.350,-4.791
15022,02/10/26 07:30:53 PM,3.01,4.34,71.6,0.638,67.140,1069.350,-4.754
15023,02/10/26 07:40:53 PM,3.34,4.68,67.4,0.550,67.640,1069.350,-4.740
15024,02/10/26 07:50:53 PM,3.34,5.01,63.2,0.443,68.037,1069.350,-4.765
15025,02/10/26 08:00:53 PM,3.34,5.34,68.8,0.384,68.524,1069.350,-4.728
15026,02/10/26 08:10:53 PM,3.34,4.34,66.0,0.054,70.857,1069.350,-4.602
15027,02/10/26 08:20:53 PM,3.34,5.01,59.0,-0.217,72.821,1069.350,-4.501
15028,02/10/26 08:30:53 PM,3.01,4.68,59.0,-0.292,73.288,1069.350,-4.489
15029,02/10/26 08:40:53 PM,3.34,5.01,64.6,-0.177,73.402,1069.350,-4.357
15030,02/10/26 08:50:53 PM,2.67,4.34,70.2,-0.086,73.373,1069.350,-4.274
15031,02/10/26 09:00:53 PM,2.67,3.67,64.6,-0.281,74.871,1069.350,-4.195
15032,02/10/26 09:10:53 PM,3.01,4.01,60.4,-0.244,74.867,1069.350,-4.160
15033,02/10/26 09:20:53 PM,2.67,4.01,63.2,-0.230,74.192,1069.350,-4.266
15034,02/10/26 09:30:53 PM,2.34,3.34,80.0,-0.185,73.851,1069.350,-4.284
15035,02/10/26 09:40:53 PM,2.34,3.67,73.0,-0.300,74.090,1069.350,-4.352
15036,02/10/26 09:50:53 PM,2.34,4.34,78.6,-0.375,73.664,1069.350,-4.501
15037,02/10/26 10:00:53 PM,2.67,4.01,78.6,-0.477,73.738,1069.350,-4.587
15038,02/10/26 10:10:53 PM,3.34,4.68,70.2,-0.716,74.876,1069.350,-4.615
15039,02/10/26 10:20:53 PM,3.01,4.68,67.4,-0.882,76.240,1069.350,-4.537
15040,02/10/26 10:30:53 PM,3.01,4.68,61.8,-0.887,75.982,1069.350,-4.587
15041,02/10/26 10:40:53 PM,3.34,5.01,60.4,-0.764,75.444,1069.350,-4.562
15042,02/10/26 10:50:53 PM,3.67,5.68,64.6,-0.614,74.781,1069.350,-4.533
15043,02/10/26 11:00:53 PM,4.01,5.34,66.0,-0.667,74.974,1069.350,-4.550
15044,02/10/26 11:10:53 PM,4.01,6.35,71.6,-0.705,75.082,1069.350,-4.568
15045,02/10/26 11:20:53 PM,3.34,5.01,73.0,-0.807,76.098,1069.350,-4.489
15046,02/10/26 11:30:53 PM,3.34,6.01,74.4,-0.657,74.733,1069.350,-4.583
15047,02/10/26 11:40:53 PM,3.67,5.68,74.4,-0.506,73.696,1069.350,-4.622
15048,02/10/26 11:50:53 PM,3.34,5.01,70.2,-0.678,74.580,1069.350,-4.631
15049,02/11/26 12:00:53 AM,3.01,4.34,71.6,-0.643,74.472,1069.350,-4.616
15050,02/11/26 12:10:53 AM,3.01,5.01,80.0,-0.477,73.588,1069.350,-4.614
15051,02/11/26 12:20:53 AM,3.34,5.01,78.6,-0.305,72.235,1069.350,-4.693
15052,02/11/26 12:30:53 AM,3.34,4.68,74.4,-0.230,71.965,1069.350,-4.670
15053,02/11/26 12:40:53 AM,3.01,5.01,75.8,-0.029,70.748,1069.350,-4.702
15054,02/11/26 12:50:53 AM,3.67,5.34,78.6,0.298,68.562,1069.350,-4.803
15055,02/11/26 01:00:53 AM,3.34,4.68,68.8,0.362,68.745,1069.350,-4.706
15056,02/11/26 01:10:53 AM,3.01,4.01,68.8,0.110,70.541,1069.350,-4.607
15057,02/11/26 01:20:53 AM,2.34,3.67,74.4,0.051,70.970,1069.350,-4.584
15058,02/11/26 01:30:53 AM,2.34,4.01,84.2,0.089,71.098,1069.350,-4.523
15059,02/11/26 01:40:53 AM,2.67,4.01,94.1,0.156,71.147,1069.350,-4.449
15060,02/11/26 01:50:53 AM,2.34,4.01,80.0,0.169,71.098,1069.350,-4.446
15061,02/11/26 02:00:53 AM,2.34,3.67,80.0,0.239,70.861,1069.350,-4.423
15062,02/11/26 02:10:53 AM,2.00,4.01,75.8,0.357,70.449,1069.350,-4.387
15063,02/11/26 02:20:53 AM,3.01,4.68,82.8,0.491,69.612,1069.350,-4.416
15064,02/11/26 02:30:53 AM,3.01,4.68,82.8,0.708,67.881,1069.350,-4.542
15065,02/11/26 02:40:53 AM,2.34,3.34,89.9,0.657,68.634,1069.350,-4.444
15066,02/11/26 02:50:53 AM,2.00,3.67,82.8,0.555,69.473,1069.350,-4.381
15067,02/11/26 03:00:53 AM,2.34,4.01,84.2,0.577,69.946,1069.350,-4.270
15068,02/11/26 03:10:53 AM,2.34,4.01,68.8,0.713,69.165,1069.350,-4.288
15069,02/11/26 03:20:53 AM,3.01,4.68,67.4,0.762,69.058,1069.350,-4.262
15070,02/11/26 03:30:53 AM,4.68,7.68,70.2,0.949,69.010,1069.350,-4.092
15071,02/11/26 03:40:53 AM,4.01,6.68,80.0,1.011,70.961,1069.350,-3.661
15072,02/11/26 03:50:53 AM,4.68,6.68,89.9,0.995,73.524,1069.350,-3.202
15073,02/11/26 04:00:53 AM,4.68,7.01,88.4,0.877,74.914,1069.350,-3.065
15074,02/11/26 04:10:53 AM,5.34,7.68,89.9,0.754,75.866,1069.350,-3.015
15075,02/11/26 04:20:53 AM,4.68,7.35,91.3,0.622,77.237,1069.350,-2.903
15076,02/11/26 04:30:53 AM,4.34,7.01,78.6,0.491,79.037,1069.350,-2.721
15077,02/11/26 04:40:53 AM,4.68,6.68,78.6,0.282,81.901,1069.350,-2.445
15078,02/11/26 04:50:53 AM,4.68,7.68,78.6,0.024,84.952,1069.350,-2.205
15079,02/11/26 05:00:53 AM,3.67,6.01,81.4,-0.195,86.934,1069.350,-2.109
15080,02/11/26 05:10:53 AM,3.34,5.01,88.4,-0.303,88.386,1069.350,-1.991
15081,02/11/26 05:20:53 AM,3.34,5.34,84.2,-0.423,90.057,1069.350,-1.856
15082,02/11/26 05:30:53 AM,3.34,5.01,74.4,-0.560,91.566,1069.350,-1.767
15083,02/11/26 05:40:53 AM,2.67,4.01,84.2,-0.675,92.676,1069.350,-1.717
15084,02/11/26 05:50:53 AM,1.67,2.67,101.1,-0.772,93.310,1069.350,-1.721
15085,02/11/26 06:00:53 AM,2.34,3.67,84.2,-0.863,93.478,1069.350,-1.787
15086,02/11/26 06:10:53 AM,2.00,3.34,75.8,-0.914,93.329,1069.350,-1.860
15087,02/11/26 06:20:53 AM,2.34,3.67,77.2,-0.737,91.646,1069.350,-1.930
15088,02/11/26 06:30:53 AM,1.67,3.34,77.2,-0.565,90.301,1069.350,-1.960
15089,02/11/26 06:40:53 AM,2.00,3.34,77.2,-0.536,89.741,1069.350,-2.016
15090,02/11/26 06:50:53 AM,2.34,3.67,73.0,-0.539,89.352,1069.350,-2.077
15091,02/11/26 07:00:53 AM,2.00,3.34,71.6,-0.560,89.152,1069.350,-2.128
15092,02/11/26 07:10:53 AM,2.00,3.34,73.0,-0.584,88.901,1069.350,-2.190
15093,02/11/26 07:20:53 AM,1.67,2.67,66.0,-0.603,89.244,1069.350,-2.157
15094,02/11/26 07:30:53 AM,2.00,3.67,71.6,-0.590,89.369,1069.350,-2.125
15095,02/11/26 07:40:53 AM,2.34,4.34,59.0,-0.557,89.613,1069.350,-2.056
15096,02/11/26 07:50:53 AM,2.34,3.34,53.3,-0.606,90.048,1069.350,-2.039
15097,02/11/26 08:00:53 AM,1.67,3.01,54.8,-0.603,89.897,1069.350,-2.058
15098,02/11/26 08:10:53 AM,1.67,3.01,68.8,-0.646,90.341,1069.350,-2.034
15099,02/11/26 08:20:53 AM,1.34,2.34,88.4,-0.753,91.107,1069.350,-2.026
15100,02/11/26 08:30:53 AM,1.00,1.67,92.7,-0.769,91.388,1069.350,-2.000
15101,02/11/26 08:40:53 AM,1.00,1.67,87.0,-0.764,91.098,1069.350,-2.038
15102,02/11/26 08:50:53 AM,1.34,2.34,71.6,-0.718,90.800,1069.350,-2.037
15103,02/11/26 09:00:53 AM,1.34,2.67,74.4,-0.657,90.497,1069.350,-2.022
15104,02/11/26 09:10:53 AM,1.67,2.67,78.6,-0.582,90.007,1069.350,-2.021
15105,02/11/26 09:20:53 AM,2.00,3.01,80.0,-0.493,89.271,1069.350,-2.044
15106,02/11/26 09:30:53 AM,1.34,2.67,75.8,-0.394,88.872,1069.350,-2.007
15107,02/11/26 09:40:53 AM,1.67,2.67,71.6,-0.246,87.973,1069.350,-1.998
15108,02/11/26 09:50:53 AM,2.00,3.34,81.4,-0.120,87.324,1069.350,-1.974
15109,02/11/26 10:00:53 AM,2.34,3.67,85.6,0.014,86.604,1069.350,-1.954
15110,02/11/26 10:10:53 AM,2.34,3.67,81.4,0.000,87.413,1069.350,-1.842
15111,02/11/26 10:20:53 AM,2.34,3.67,81.4,-0.010,88.199,1069.350,-1.731
15112,02/11/26 10:30:53 AM,2.00,3.01,82.8,-0.013,89.375,1069.350,-1.554
15113,02/11/26 10:40:53 AM,2.67,4.01,80.0,-0.045,90.391,1069.350,-1.432
15114,02/11/26 10:50:53 AM,3.01,4.68,85.6,-0.110,91.135,1069.350,-1.385
15115,02/11/26 11:00:53 AM,2.67,4.34,73.0,-0.128,92.343,1069.350,-1.223
15116,02/11/26 11:10:53 AM,2.34,3.67,68.8,-0.104,93.245,1069.350,-1.067
15117,02/11/26 11:20:53 AM,2.67,4.34,75.8,-0.045,93.297,1069.350,-1.001
15118,02/11/26 11:30:53 AM,3.01,4.68,73.0,-0.077,93.518,1069.350,-1.000
15119,02/11/26 11:40:53 AM,2.67,4.34,70.2,-0.174,95.109,1069.350,-0.866
15120,02/11/26 11:50:53 AM,3.34,4.68,71.6,-0.388,97.082,1069.350,-0.799
15121,02/11/26 12:00:53 PM,3.01,4.68,78.6,-0.453,98.676,1069.350,-0.641
15122,02/11/26 12:10:53 PM,2.67,4.34,74.4,-0.351,98.982,1069.350,-0.497
15123,02/11/26 12:20:53 PM,2.34,3.67,75.8,-0.289,99.297,1069.350,-0.391
15124,02/11/26 12:30:53 PM,2.67,4.34,77.2,-0.244,99.460,1069.350,-0.324
15125,02/11/26 12:40:53 PM,2.34,3.34,75.8,-0.134,99.748,1069.350,-0.174
15126,02/11/26 12:50:53 PM,2.34,4.01,73.0,-0.086,99.977,1069.350,-0.094
15127,02/11/26 01:00:53 PM,2.34,3.67,71.6,-0.035,99.997,1069.350,-0.040
15128,02/11/26 01:10:53 PM,2.34,4.01,74.4,0.094,99.997,1069.350,0.089
15129,02/11/26 01:20:53 PM,3.01,5.34,77.2,0.161,99.997,1069.350,0.156
15130,02/11/26 01:30:53 PM,2.67,4.68,77.2,0.236,99.997,1069.350,0.231
15131,02/11/26 01:40:53 PM,2.67,4.34,78.6,0.266,99.997,1069.350,0.261
15132,02/11/26 01:50:53 PM,2.67,4.01,75.8,0.311,99.997,1069.350,0.306
15133,02/11/26 02:00:53 PM,2.67,4.01,81.4,0.362,99.997,1069.350,0.357
15134,02/11/26 02:10:53 PM,3.01,5.34,74.4,0.309,99.997,1069.350,0.304
15135,02/11/26 02:20:53 PM,3.01,5.01,74.4,0.282,99.997,1069.350,0.277
15136,02/11/26 02:30:53 PM,3.34,5.34,73.0,0.378,99.997,1069.350,0.373
15137,02/11/26 02:40:53 PM,3.01,4.68,70.2,0.528,99.997,1069.350,0.523
15138,02/11/26 02:50:53 PM,3.01,5.34,71.6,0.617,99.997,1069.350,0.613
15139,02/11/26 03:00:53 PM,2.67,4.68,66.0,0.729,99.997,1069.350,0.725
15140,02/11/26 03:10:53 PM,2.34,4.34,73.0,0.831,99.997,1069.350,0.827
15141,02/11/26 03:20:53 PM,2.67,4.68,80.0,0.995,99.997,1069.350,0.991
15142,02/11/26 03:30:53 PM,2.34,4.34,74.4,1.303,99.997,1069.350,1.300
15143,02/11/26 03:40:53 PM,2.34,4.34,68.8,1.515,99.997,1069.350,1.512
15144,02/11/26 03:50:53 PM,2.34,3.67,70.2,1.595,99.997,1069.350,1.592
15145,02/11/26 04:00:53 PM,2.00,3.67,66.0,1.293,99.992,1069.350,1.289
15146,02/11/26 04:10:53 PM,2.00,3.01,70.2,1.132,99.997,1069.350,1.128
15147,02/11/26 04:20:53 PM,1.34,2.34,71.6,1.134,99.997,1069.350,1.130
15148,02/11/26 04:30:53 PM,1.00,2.00,68.8,1.073,99.997,1069.350,1.069
15149,02/11/26 04:40:53 PM,1.00,2.34,92.7,1.030,99.997,1069.350,1.026
15150,02/11/26 04:50:53 PM,0.67,1.34,92.7,1.145,99.997,1069.350,1.141
15151,02/11/26 05:00:53 PM,0.67,1.34,92.7,1.400,99.997,1069.350,1.397
15152,02/11/26 05:10:53 PM,1.00,1.67,110.9,1.477,99.997,1069.350,1.474
15153,02/11/26 05:20:53 PM,0.67,1.34,110.9,1.802,99.997,1069.350,1.799
15154,02/11/26 05:30:53 PM,0.67,1.67,85.6,2.212,99.675,1069.350,2.165
15155,02/11/26 05:40:53 PM,0.33,1.34,51.9,2.110,97.528,1069.350,1.758
15156,02/11/26 05:50:53 PM,0.67,1.67,75.8,2.167,96.803,1069.350,1.711
15157,02/11/26 06:00:53 PM,0.33,1.34,59.0,1.735,97.372,1069.350,1.361
15158,02/11/26 06:10:53 PM,0.00,0.00,57.6,1.721,97.711,1069.350,1.396
15159,02/11/26 06:20:53 PM,0.33,2.34,82.8,1.518,97.235,1069.350,1.125
15160,02/11/26 06:30:53 PM,0.00,0.33,137.6,1.381,97.765,1069.350,1.064
15161,02/11/26 06:40:53 PM,0.00,0.33,137.6,1.360,98.514,1069.350,1.149
15162,02/11/26 06:50:53 PM,0.00,0.00,137.6,1.242,98.221,1069.350,0.990
15163,02/11/26 07:00:53 PM,0.33,1.67,94.1,1.191,97.156,1069.350,0.788
15164,02/11/26 07:10:53 PM,0.33,1.00,141.8,1.209,97.111,1069.350,0.799
15165,02/11/26 07:20:53 PM,0.00,0.33,141.8,1.166,97.356,1069.350,0.791
15166,02/11/26 07:30:53 PM,0.00,0.33,141.8,1.110,97.487,1069.350,0.754
15167,02/11/26 07:40:53 PM,0.00,0.00,157.2,0.858,98.740,1069.350,0.679
15168,02/11/26 07:50:53 PM,0.00,0.00,202.2,0.716,99.538,1069.350,0.648
15169,02/11/26 08:00:53 PM,0.00,0.00,205.0,0.716,99.454,1069.350,0.636
15170,02/11/26 08:10:53 PM,0.00,0.00,205.0,0.523,99.471,1069.350,0.446
15171,02/11/26 08:20:53 PM,0.00,0.00,205.0,0.118,99.799,1069.350,0.085
15172,02/11/26 08:30:53 PM,0.00,0.00,205.0,0.137,99.988,1069.350,0.131
15173,02/11/26 08:40:53 PM,0.00,0.00,205.0,0.255,99.963,1069.350,0.245
15174,02/11/26 08:50:53 PM,0.00,0.00,206.4,0.263,99.802,1069.350,0.231
15175,02/11/26 09:00:53 PM,0.67,1.67,251.3,0.083,99.997,1069.350,0.078
15176,02/11/26 09:10:53 PM,1.34,2.00,272.4,0.094,99.997,1069.350,0.089
15177,02/11/26 09:20:53 PM,1.34,2.00,266.7,0.137,99.997,1069.350,0.132
15178,02/11/26 09:30:53 PM,1.34,2.34,261.1,0.121,99.997,1069.350,0.116
15179,02/11/26 09:40:53 PM,1.34,1.67,249.9,0.022,99.997,1069.350,0.017
15180,02/11/26 09:50:53 PM,1.67,2.00,235.9,0.057,99.997,1069.350,0.052
15181,02/11/26 10:00:53 PM,1.00,1.67,266.7,0.129,99.997,1069.350,0.124
15182,02/11/26 10:10:53 PM,1.00,1.67,249.9,0.234,99.997,1069.350,0.229
15183,02/11/26 10:20:53 PM,1.00,2.00,207.8,0.276,99.997,1069.350,0.271
15184,02/11/26 10:30:53 PM,1.00,1.67,196.5,0.421,99.997,1069.350,0.416
15185,02/11/26 10:40:53 PM,0.33,1.34,196.5,0.317,99.997,1069.350,0.312
15186,02/11/26 10:50:53 PM,0.00,0.33,196.5,0.255,99.997,1069.350,0.250
15187,02/11/26 11:00:53 PM,0.00,0.00,196.5,0.161,99.997,1069.350,0.156
15188,02/11/26 11:10:53 PM,0.00,0.00,196.5,0.094,99.997,1069.350,0.089
15189,02/11/26 11:20:53 PM,0.00,0.00,196.5,0.116,99.997,1069.350,0.111
15190,02/11/26 11:30:53 PM,0.00,0.00,196.5,0.102,99.997,1069.350,0.097
15191,02/11/26 11:40:53 PM,0.00,0.00,196.5,0.073,99.997,1069.350,0.068
15192,02/11/26 11:50:53 PM,0.00,0.00,196.5,0.046,99.997,1069.350,0.041
15193,02/12/26 12:00:53 AM,0.00,0.00,196.5,-0.002,99.997,1069.350,-0.007
15194,02/12/26 12:10:53 AM,0.00,0.00,196.5,-0.002,99.997,1069.350,-0.007
15195,02/12/26 12:20:53 AM,0.00,0.00,196.5,-0.021,99.997,1069.350,-0.026
15196,02/12/26 12:30:53 AM,0.00,0.00,210.6,0.003,99.997,1069.350,-0.002
15197,02/12/26 12:40:53 AM,0.00,0.00,220.4,0.006,99.997,1069.350,0.001
15198,02/12/26 12:50:53 AM,0.33,1.34,220.4,-0.027,99.997,1069.350,-0.032
15199,02/12/26 01:00:53 AM,1.00,2.34,219.0,-0.099,99.997,1069.350,-0.105
15200,02/12/26 01:10:53 AM,1.00,1.67,228.8,-0.158,99.997,1069.350,-0.164
15201,02/12/26 01:20:53 AM,0.67,1.34,247.1,-0.201,99.997,1069.350,-0.207
15202,02/12/26 01:30:53 AM,0.33,1.34,248.5,-0.193,99.997,1069.350,-0.199
15203,02/12/26 01:40:53 AM,0.67,1.34,258.3,-0.174,99.997,1069.350,-0.180
15204,02/12/26 01:50:53 AM,0.67,1.34,287.8,-0.139,99.997,1069.350,-0.145
15205,02/12/26 02:00:53 AM,0.00,0.33,287.8,-0.096,99.997,1069.350,-0.102
15206,02/12/26 02:10:53 AM,0.00,0.00,287.8,-0.053,99.997,1069.350,-0.058
15207,02/12/26 02:20:53 AM,0.00,0.00,287.8,0.019,99.997,1069.350,0.014
15208,02/12/26 02:30:53 AM,0.00,0.00,287.8,0.073,99.997,1069.350,0.068
15209,02/12/26 02:40:53 AM,0.00,0.67,287.8,0.105,99.997,1069.350,0.100
15210,02/12/26 02:50:53 AM,0.00,0.00,287.8,0.148,99.997,1069.350,0.143
15211,02/12/26 03:00:53 AM,0.00,0.00,287.8,0.201,99.997,1069.350,0.196
15212,02/12/26 03:10:53 AM,0.00,0.00,287.8,0.132,99.997,1069.350,0.127
15213,02/12/26 03:20:53 AM,0.00,0.00,287.8,0.118,99.997,1069.350,0.113
15214,02/12/26 03:30:53 AM,0.33,1.67,301.8,0.145,99.997,1069.350,0.140
15215,02/12/26 03:40:53 AM,0.33,2.00,153.0,0.220,99.997,1069.350,0.215
15216,02/12/26 03:50:53 AM,0.33,1.34,33.7,0.279,99.806,1069.350,0.248
15217,02/12/26 04:00:53 AM,0.33,1.67,112.3,0.309,99.358,1069.350,0.216
15218,02/12/26 04:10:53 AM,0.00,0.00,171.3,0.250,99.890,1069.350,0.230
15219,02/12/26 04:20:53 AM,0.00,0.67,171.3,0.217,99.997,1069.350,0.212
15220,02/12/26 04:30:53 AM,0.33,1.67,186.7,0.191,99.997,1069.350,0.186
15221,02/12/26 04:40:53 AM,0.67,1.00,214.8,0.150,99.997,1069.350,0.145
15222,02/12/26 04:50:53 AM,0.00,0.67,214.8,0.083,99.997,1069.350,0.078
15223,02/12/26 05:00:53 AM,0.00,0.00,209.2,0.129,99.997,1069.350,0.124
15224,02/12/26 05:10:53 AM,0.00,0.00,206.4,0.116,99.997,1069.350,0.111
15225,02/12/26 05:20:53 AM,0.00,0.00,206.4,0.030,99.997,1069.350,0.025
15226,02/12/26 05:30:53 AM,0.00,0.00,206.4,-0.016,99.997,1069.350,-0.021
15227,02/12/26 05:40:53 AM,0.00,0.00,206.4,-0.077,99.997,1069.350,-0.083
15228,02/12/26 05:50:53 AM,0.00,0.00,206.4,-0.110,99.997,1069.350,-0.116
15229,02/12/26 06:00:53 AM,0.00,0.00,206.4,-0.069,99.997,1069.350,-0.075
15230,02/12/26 06:10:53 AM,0.00,0.00,206.4,0.003,98.955,1069.350,-0.146
15231,02/12/26 06:20:53 AM,0.00,0.00,206.4,-0.005,99.371,1069.350,-0.097
15232,02/12/26 06:30:53 AM,0.00,0.00,206.4,-0.069,99.997,1069.350,-0.075
15233,02/12/26 06:40:53 AM,0.00,0.00,206.4,-0.115,99.997,1069.350,-0.121
15234,02/12/26 06:50:53 AM,0.00,0.00,206.4,-0.115,99.997,1069.350,-0.121
15235,02/12/26 07:00:53 AM,0.00,1.34,221.8,-0.131,99.969,1069.350,-0.140
15236,02/12/26 07:10:53 AM,0.33,1.00,292.0,-0.142,99.860,1069.350,-0.166
15237,02/12/26 07:20:53 AM,0.00,1.00,283.6,-0.163,99.948,1069.350,-0.175
15238,02/12/26 07:30:53 AM,0.00,1.00,283.6,-0.249,99.997,1069.350,-0.255
15239,02/12/26 07:40:53 AM,0.00,0.00,283.6,-0.292,99.997,1069.350,-0.298
15240,02/12/26 07:50:53 AM,0.00,0.00,299.0,-0.327,99.997,1069.350,-0.333
15241,02/12/26 08:00:53 AM,0.00,0.00,301.8,-0.375,99.997,1069.350,-0.381
15242,02/12/26 08:10:53 AM,0.00,0.00,301.8,-0.380,99.997,1069.350,-0.386
15243,02/12/26 08:20:53 AM,0.33,1.00,301.8,-0.399,99.997,1069.350,-0.405
15244,02/12/26 08:30:53 AM,0.00,0.33,301.8,-0.421,99.997,1069.350,-0.427
15245,02/12/26 08:40:53 AM,0.33,1.00,301.8,-0.450,99.997,1069.350,-0.456
15246,02/12/26 08:50:53 AM,0.00,0.00,301.8,-0.453,99.997,1069.350,-0.459
15247,02/12/26 09:00:53 AM,0.00,0.00,301.8,-0.439,99.997,1069.350,-0.445
15248,02/12/26 09:10:53 AM,0.67,1.67,308.9,-0.437,99.997,1069.350,-0.443
15249,02/12/26 09:20:53 AM,1.00,1.67,332.7,-0.453,99.997,1069.350,-0.459
15250,02/12/26 09:30:53 AM,1.00,1.67,4.2,-0.472,99.997,1069.350,-0.478
15251,02/12/26 09:40:53 AM,1.00,1.34,74.4,-0.346,99.997,1069.350,-0.352
15252,02/12/26 09:50:53 AM,1.34,2.00,339.7,-0.276,99.066,1069.350,-0.410
15253,02/12/26 10:00:53 AM,0.67,1.67,336.9,-0.190,99.033,1069.350,-0.329
15254,02/12/26 10:10:53 AM,1.34,1.67,334.1,-0.153,98.016,1069.350,-0.433
15255,02/12/26 10:20:53 AM,1.34,2.00,327.1,-0.115,97.662,1069.350,-0.445
15256,02/12/26 10:30:53 AM,1.34,2.34,332.7,-0.088,97.899,1069.350,-0.385
15257,02/12/26 10:40:53 AM,1.00,2.00,315.9,-0.013,97.024,1069.350,-0.433
15258,02/12/26 10:50:53 AM,1.00,1.67,328.5,0.145,96.945,1069.350,-0.287
15259,02/12/26 11:00:53 AM,1.00,1.67,344.0,0.319,95.634,1069.350,-0.300
15260,02/12/26 11:10:53 AM,0.33,1.00,348.2,0.577,95.579,1069.350,-0.051
15261,02/12/26 11:20:53 AM,0.00,0.00,348.2,1.030,95.213,1069.350,0.348
15262,02/12/26 11:30:53 AM,0.00,0.33,348.2,1.158,94.508,1069.350,0.372
15263,02/12/26 11:40:53 AM,0.33,1.00,353.8,1.030,94.360,1069.350,0.223
15264,02/12/26 11:50:53 AM,0.33,1.00,353.8,1.030,93.991,1069.350,0.169
15265,02/12/26 12:00:53 PM,0.33,1.34,21.1,1.091,95.129,1069.350,0.396
15266,02/12/26 12:10:53 PM,0.67,1.67,84.2,1.156,95.238,1069.350,0.477
15267,02/12/26 12:20:53 PM,0.33,1.34,105.3,1.392,95.479,1069.350,0.747
15268,02/12/26 12:30:53 PM,0.33,2.34,136.2,1.156,94.322,1069.350,0.343
15269,02/12/26 12:40:53 PM,0.00,1.00,176.9,1.260,94.066,1069.350,0.409
15270,02/12/26 12:50:53 PM,0.67,1.67,151.6,1.153,93.603,1069.350,0.235
15271,02/12/26 01:00:53 PM,0.33,1.00,144.6,1.335,94.025,1069.350,0.478
15272,02/12/26 01:10:53 PM,0.33,1.34,108.1,1.349,93.906,1069.350,0.474
15273,02/12/26 01:20:53 PM,0.33,1.34,310.3,1.394,94.502,1069.350,0.606
15274,02/12/26 01:30:53 PM,0.67,2.67,338.3,1.617,94.307,1069.350,0.800
15275,02/12/26 01:40:53 PM,2.00,3.01,307.5,1.000,95.142,1069.350,0.307
15276,02/12/26 01:50:53 PM,2.00,3.01,287.8,1.132,95.808,1069.350,0.535
15277,02/12/26 02:00:53 PM,2.00,3.01,287.8,1.051,94.849,1069.350,0.316
15278,02/12/26 02:10:53 PM,1.67,2.67,299.0,1.180,93.906,1069.350,0.306
15279,02/12/26 02:20:53 PM,1.67,3.01,307.5,1.378,92.262,1069.350,0.259
15280,02/12/26 02:30:53 PM,1.00,2.34,296.2,1.520,91.569,1069.350,0.296
15281,02/12/26 02:40:53 PM,1.00,2.34,328.5,2.099,89.827,1069.350,0.604
15282,02/12/26 02:50:53 PM,0.67,1.67,9.8,1.982,90.144,1069.350,0.537
15283,02/12/26 03:00:53 PM,0.33,2.00,124.9,2.279,88.293,1069.350,0.544
15284,02/12/26 03:10:53 PM,0.33,2.00,293.4,2.121,89.628,1069.350,0.595
15285,02/12/26 03:20:53 PM,0.33,1.67,209.2,2.126,91.154,1069.350,0.834
15286,02/12/26 03:30:53 PM,0.67,1.34,237.3,2.083,91.786,1069.350,0.887
15287,02/12/26 03:40:53 PM,0.00,1.00,231.6,1.984,91.839,1069.350,0.797
15288,02/12/26 03:50:53 PM,0.00,1.00,231.6,2.263,90.481,1069.350,0.867
15289,02/12/26 04:00:53 PM,0.67,2.00,240.1,2.191,89.387,1069.350,0.627
15290,02/12/26 04:10:53 PM,0.67,1.67,262.5,2.400,87.860,1069.350,0.595
15291,02/12/26 04:20:53 PM,0.33,3.01,259.7,2.502,86.719,1069.350,0.515
15292,02/12/26 04:30:53 PM,0.67,1.67,238.7,2.652,86.206,1069.350,0.580
15293,02/12/26 04:40:53 PM,1.34,3.34,242.9,2.732,86.007,1069.350,0.627
15294,02/12/26 04:50:53 PM,1.34,2.67,247.1,2.700,85.841,1069.350,0.569
15295,02/12/26 05:00:53 PM,2.34,3.34,249.9,2.614,87.321,1069.350,0.721
15296,02/12/26 05:10:53 PM,2.67,4.34,252.7,2.349,87.359,1069.350,0.466
15297,02/12/26 05:20:53 PM,1.67,3.34,255.5,2.394,87.552,1069.350,0.541
15298,02/12/26 05:30:53 PM,2.00,4.01,282.2,2.215,87.199,1069.350,0.308
15299,02/12/26 05:40:53 PM,1.34,2.34,304.7,2.167,87.837,1069.350,0.362
15300,02/12/26 05:50:53 PM,2.00,2.67,325.7,2.057,88.962,1069.350,0.429
15301,02/12/26 06:00:53 PM,1.34,3.67,314.5,1.992,89.174,1069.350,0.397
15302,02/12/26 06:10:53 PM,1.00,4.01,334.1,1.837,89.187,1069.350,0.246
15303,02/12/26 06:20:53 PM,0.67,2.34,300.4,1.936,89.131,1069.350,0.335
15304,02/12/26 06:30:53 PM,1.34,2.67,245.7,1.743,89.696,1069.350,0.232
15305,02/12/26 06:40:53 PM,1.00,2.00,212.0,1.595,90.108,1069.350,0.148
15306,02/12/26 06:50:53 PM,1.34,2.67,249.9,1.421,91.380,1069.350,0.169
15307,02/12/26 07:00:53 PM,1.67,3.01,272.4,1.252,91.534,1069.350,0.025
15308,02/12/26 07:10:53 PM,0.33,1.34,308.9,1.279,90.716,1069.350,-0.072
15309,02/12/26 07:20:53 PM,1.34,4.01,245.7,1.172,91.278,1069.350,-0.093
15310,02/12/26 07:30:53 PM,1.00,2.34,263.9,1.118,91.467,1069.350,-0.118
15311,02/12/26 07:40:53 PM,1.34,2.00,266.7,0.931,93.446,1069.350,-0.009
15312,02/12/26 07:50:53 PM,1.67,2.67,278.0,0.931,92.854,1069.350,-0.097
15313,02/12/26 08:00:53 PM,1.34,3.01,306.1,0.963,92.308,1069.350,-0.146
15314,02/12/26 08:10:53 PM,1.34,2.34,262.5,0.880,92.428,1069.350,-0.210
15315,02/12/26 08:20:53 PM,1.34,2.67,249.9,0.716,93.193,1069.350,-0.260
15316,02/12/26 08:30:53 PM,1.34,2.34,266.7,0.614,93.523,1069.350,-0.313
15317,02/12/26 08:40:53 PM,1.34,2.34,259.7,0.571,93.172,1069.350,-0.407
15318,02/12/26 08:50:53 PM,1.34,2.34,240.1,0.555,92.854,1069.350,-0.470
15319,02/12/26 09:00:53 PM,1.34,2.67,259.7,0.563,92.744,1069.350,-0.478
15320,02/12/26 09:10:53 PM,1.00,2.34,285.0,0.577,92.602,1069.350,-0.485
15321,02/12/26 09:20:53 PM,0.33,1.34,324.3,0.574,92.430,1069.350,-0.514
15322,02/12/26 09:30:53 PM,0.33,1.34,242.9,0.512,92.673,1069.350,-0.539
15323,02/12/26 09:40:53 PM,0.67,1.34,224.6,0.467,93.095,1069.350,-0.522
15324,02/12/26 09:50:53 PM,1.00,1.67,238.7,0.360,93.883,1069.350,-0.513
15325,02/12/26 10:00:53 PM,1.00,1.67,220.4,0.276,94.023,1069.350,-0.576
15326,02/12/26 10:10:53 PM,1.00,2.00,209.2,0.156,95.018,1069.350,-0.551
15327,02/12/26 10:20:53 PM,1.34,2.00,202.2,0.075,95.456,1069.350,-0.569
15328,02/12/26 10:30:53 PM,1.00,1.67,205.0,-0.099,96.983,1069.350,-0.525
15329,02/12/26 10:40:53 PM,0.00,1.00,205.0,-0.260,98.331,1069.350,-0.496
15330,02/12/26 10:50:53 PM,0.00,0.00,205.0,-0.354,99.161,1069.350,-0.475
15331,02/12/26 11:00:53 PM,0.33,1.00,209.2,-0.453,99.698,1069.350,-0.500
15332,02/12/26 11:10:53 PM,0.00,1.00,217.6,-0.520,99.977,1069.350,-0.529
15333,02/12/26 11:20:53 PM,0.00,0.00,217.6,-0.528,99.997,1069.350,-0.534
15334,02/12/26 11:30:53 PM,0.00,0.00,217.6,-0.517,99.997,1069.350,-0.523
15335,02/12/26 11:40:53 PM,0.67,1.34,308.9,-0.472,99.858,1069.350,-0.497
15336,02/12/26 11:50:53 PM,1.00,1.34,329.9,-0.421,99.107,1069.350,-0.550
15337,02/13/26 12:00:53 AM,1.00,1.34,338.3,-0.464,99.065,1069.350,-0.598
15338,02/13/26 12:10:53 AM,1.34,1.67,341.2,-0.603,99.484,1069.350,-0.680
15339,02/13/26 12:20:53 AM,1.00,1.67,341.2,-0.657,99.614,1069.350,-0.716
15340,02/13/26 12:30:53 AM,1.34,1.67,348.2,-0.769,99.509,1069.350,-0.842
15341,02/13/26 12:40:53 AM,1.00,1.67,348.2,-0.785,99.638,1069.350,-0.841
15342,02/13/26 12:50:53 AM,0.67,1.34,348.2,-0.745,99.609,1069.350,-0.805
15343,02/13/26 01:00:53 AM,0.33,1.34,348.2,-0.764,99.783,1069.350,-0.800
15344,02/13/26 01:10:53 AM,0.67,1.34,352.4,-0.801,99.854,1069.350,-0.827
15345,02/13/26 01:20:53 AM,0.33,1.00,355.2,-0.732,99.582,1069.350,-0.795
15346,02/13/26 01:30:53 AM,0.00,0.67,355.2,-0.708,99.419,1069.350,-0.794
15347,02/13/26 01:40:53 AM,0.33,1.67,299.0,-0.807,99.834,1069.350,-0.836
15348,02/13/26 01:50:53 AM,0.33,1.00,219.0,-0.839,99.997,1069.350,-0.846
15349,02/13/26 02:00:53 AM,0.67,1.00,254.1,-0.809,99.997,1069.350,-0.816
15350,02/13/26 02:10:53 AM,0.33,1.00,283.6,-0.836,99.997,1069.350,-0.843
15351,02/13/26 02:20:53 AM,0.33,1.00,283.6,-0.783,99.997,1069.350,-0.790
15352,02/13/26 02:30:53 AM,1.34,1.67,278.0,-0.737,99.997,1069.350,-0.744
15353,02/13/26 02:40:53 AM,1.00,1.67,261.1,-0.654,99.997,1069.350,-0.660
15354,02/13/26 02:50:53 AM,0.33,1.00,261.1,-0.584,99.809,1069.350,-0.616
15355,02/13/26 03:00:53 AM,0.00,0.67,261.1,-0.584,99.606,1069.350,-0.644
15356,02/13/26 03:10:53 AM,1.00,1.67,248.5,-0.488,98.898,1069.350,-0.646
15357,02/13/26 03:20:53 AM,0.00,1.00,248.5,-0.375,97.940,1069.350,-0.666
15358,02/13/26 03:30:53 AM,0.00,0.00,255.5,-0.254,96.965,1069.350,-0.682
15359,02/13/26 03:40:53 AM,0.00,0.00,255.5,-0.292,96.973,1069.350,-0.719
15360,02/13/26 03:50:53 AM,0.00,0.00,255.5,-0.262,96.641,1069.350,-0.736
15361,02/13/26 04:00:53 AM,0.00,0.00,255.5,-0.399,97.528,1069.350,-0.747
15362,02/13/26 04:10:53 AM,0.00,0.00,255.5,-0.413,97.296,1069.350,-0.794
15363,02/13/26 04:20:53 AM,0.00,0.00,255.5,-0.249,95.778,1069.350,-0.845
15364,02/13/26 04:30:53 AM,0.00,0.00,255.5,-0.271,95.293,1069.350,-0.937
15365,02/13/26 04:40:53 AM,0.67,1.67,262.5,-0.083,93.193,1069.350,-1.054
15366,02/13/26 04:50:53 AM,0.67,1.67,268.1,-0.185,93.941,1069.350,-1.046
15367,02/13/26 05:00:53 AM,0.67,1.34,269.6,-0.346,95.302,1069.350,-1.010
15368,02/13/26 05:10:53 AM,0.33,1.34,286.4,-0.271,94.002,1069.350,-1.123
15369,02/13/26 05:20:53 AM,0.67,1.00,290.6,-0.195,93.315,1069.350,-1.147
15370,02/13/26 05:30:53 AM,0.67,2.00,286.4,-0.174,93.094,1069.350,-1.159
15371,02/13/26 05:40:53 AM,0.67,1.34,275.2,-0.380,94.874,1069.350,-1.105
15372,02/13/26 05:50:53 AM,0.67,1.34,265.3,-0.437,95.801,1069.350,-1.029
15373,02/13/26 06:00:53 AM,1.00,1.34,268.1,-0.472,95.839,1069.350,-1.059
15374,02/13/26 06:10:53 AM,0.67,1.34,258.3,-0.514,96.562,1069.350,-0.998
15375,02/13/26 06:20:53 AM,0.67,1.00,259.7,-0.539,96.529,1069.350,-1.028
15376,02/13/26 06:30:53 AM,0.67,1.00,266.7,-0.590,96.542,1069.350,-1.077
15377,02/13/26 06:40:53 AM,1.00,1.34,279.4,-0.590,95.915,1069.350,-1.166
15378,02/13/26 06:50:53 AM,0.67,1.00,279.4,-0.587,95.500,1069.350,-1.222
15379,02/13/26 07:00:53 AM,0.00,0.00,279.4,-0.592,94.807,1069.350,-1.326
15380,02/13/26 07:10:53 AM,0.00,0.00,279.4,-0.632,95.006,1069.350,-1.337
15381,02/13/26 07:20:53 AM,0.33,1.34,276.6,-0.737,95.477,1069.350,-1.375
15382,02/13/26 07:30:53 AM,0.67,1.34,266.7,-0.721,95.395,1069.350,-1.370
15383,02/13/26 07:40:53 AM,0.33,0.67,266.7,-0.804,95.897,1069.350,-1.382
15384,02/13/26 07:50:53 AM,0.00,1.00,266.7,-0.793,95.567,1069.350,-1.418
15385,02/13/26 08:00:53 AM,0.67,1.00,282.2,-0.893,96.281,1069.350,-1.416
15386,02/13/26 08:10:53 AM,1.00,1.67,327.1,-0.954,96.638,1069.350,-1.426
15387,02/13/26 08:20:53 AM,1.00,1.67,342.6,-0.823,96.503,1069.350,-1.315
15388,02/13/26 08:30:53 AM,1.00,1.34,355.2,-0.740,96.817,1069.350,-1.188
15389,02/13/26 08:40:53 AM,0.33,1.00,15.4,-0.860,97.359,1069.350,-1.232
15390,02/13/26 08:50:53 AM,0.33,1.67,44.9,-1.096,97.781,1069.350,-1.408
15391,02/13/26 09:00:53 AM,0.00,1.00,134.8,-1.469,98.360,1069.350,-1.701
15392,02/13/26 09:10:53 AM,0.67,1.00,169.9,-1.335,98.648,1069.350,-1.527
15393,02/13/26 09:20:53 AM,0.33,1.00,183.9,-1.142,98.518,1069.350,-1.352
15394,02/13/26 09:30:53 AM,0.00,1.00,183.9,-0.909,98.560,1069.350,-1.113
15395,02/13/26 09:40:53 AM,0.00,1.34,190.9,-0.632,98.636,1069.350,-0.826
15396,02/13/26 09:50:53 AM,0.33,1.00,244.3,-0.324,97.960,1069.350,-0.612
15397,02/13/26 10:00:53 AM,0.00,0.67,249.9,0.016,96.454,1069.350,-0.485
15398,02/13/26 10:10:53 AM,0.33,1.34,249.9,0.175,95.404,1069.350,-0.476
15399,02/13/26 10:20:53 AM,0.00,0.00,249.9,0.609,93.902,1069.350,-0.262
15400,02/13/26 10:30:53 AM,0.00,0.00,249.9,1.030,91.547,1069.350,-0.193
15401,02/13/26 10:40:53 AM,0.00,1.00,249.9,1.335,89.941,1069.350,-0.134
15402,02/13/26 10:50:53 AM,0.33,1.34,242.9,1.290,89.816,1069.350,-0.198
15403,02/13/26 11:00:53 AM,0.00,0.33,227.4,1.821,87.219,1069.350,-0.077
15404,02/13/26 11:10:53 AM,0.67,1.67,155.8,1.984,82.632,1069.350,-0.658
15405,02/13/26 11:20:53 AM,0.67,2.34,92.7,2.402,80.284,1069.350,-0.644
15406,02/13/26 11:30:53 AM,1.00,2.34,110.9,2.531,78.581,1069.350,-0.811
15407,02/13/26 11:40:53 AM,1.00,3.01,126.4,2.574,77.128,1069.350,-1.024
15408,02/13/26 11:50:53 AM,0.67,2.34,139.0,2.006,78.318,1069.350,-1.368
15409,02/13/26 12:00:53 PM,1.67,3.34,78.6,3.295,74.867,1069.350,-0.731
15410,02/13/26 12:10:53 PM,2.34,4.68,112.3,3.504,73.452,1069.350,-0.790
15411,02/13/26 12:20:53 PM,2.34,4.34,106.7,3.866,71.083,1069.350,-0.889
15412,02/13/26 12:30:53 PM,2.67,5.01,109.5,3.689,71.980,1069.350,-0.888
15413,02/13/26 12:40:53 PM,3.01,4.68,119.3,3.362,72.749,1069.350,-1.059
15414,02/13/26 12:50:53 PM,2.34,4.68,112.3,3.625,70.991,1069.350,-1.139
15415,02/13/26 01:00:53 PM,2.00,3.67,137.6,3.858,71.353,1069.350,-0.845
15416,02/13/26 01:10:53 PM,2.67,4.34,106.7,4.099,70.982,1069.350,-0.684
15417,02/13/26 01:20:53 PM,1.67,3.34,108.1,3.743,68.885,1069.350,-1.435
15418,02/13/26 01:30:53 PM,1.34,3.34,105.3,3.370,70.936,1069.350,-1.395
15419,02/13/26 01:40:53 PM,2.00,3.34,59.0,4.394,69.726,1069.350,-0.645
15420,02/13/26 01:50:53 PM,1.34,3.01,110.9,4.491,67.446,1069.350,-1.007
15421,02/13/26 02:00:53 PM,1.34,2.67,99.7,5.204,66.844,1069.350,-0.448
15422,02/13/26 02:10:53 PM,1.34,3.01,113.7,5.290,63.810,1069.350,-1.001
15423,02/13/26 02:20:53 PM,1.00,2.34,139.0,4.957,63.909,1069.350,-1.296
15424,02/13/26 02:30:53 PM,1.00,2.67,95.5,5.711,62.467,1069.350,-0.892
15425,02/13/26 02:40:53 PM,0.67,1.67,26.7,5.287,62.448,1069.350,-1.298
15426,02/13/26 02:50:53 PM,0.67,2.34,106.7,6.553,61.605,1069.350,-0.285
15427,02/13/26 03:00:53 PM,0.67,2.00,140.4,5.681,62.542,1069.350,-0.904
15428,02/13/26 03:10:53 PM,0.67,2.00,144.6,6.153,61.465,1069.350,-0.694
15429,02/13/26 03:20:53 PM,1.00,2.67,188.1,5.941,62.809,1069.350,-0.599
15430,02/13/26 03:30:53 PM,1.34,2.34,137.6,5.735,63.847,1069.350,-0.570
15431,02/13/26 03:40:53 PM,1.34,3.01,148.8,5.821,63.319,1069.350,-0.602
15432,02/13/26 03:50:53 PM,1.00,2.67,143.2,6.545,61.901,1069.350,-0.226
15433,02/13/26 04:00:53 PM,1.00,3.01,94.1,6.097,62.608,1069.350,-0.495
15434,02/13/26 04:10:53 PM,1.00,2.67,88.4,5.898,62.771,1069.350,-0.648
15435,02/13/26 04:20:53 PM,1.00,2.67,77.2,6.732,62.139,1069.350,0.003
15436,02/13/26 04:30:53 PM,0.67,2.00,105.3,6.424,61.141,1069.350,-0.510
15437,02/13/26 04:40:53 PM,0.67,2.67,171.3,5.689,64.221,1069.350,-0.534
15438,02/13/26 04:50:53 PM,1.67,2.67,195.1,5.177,65.620,1069.350,-0.726
15439,02/13/26 05:00:53 PM,2.00,4.01,182.5,5.266,67.274,1069.350,-0.300
15440,02/13/26 05:10:53 PM,2.67,4.01,189.5,5.121,68.318,1069.350,-0.228
15441,02/13/26 05:20:53 PM,3.01,4.68,178.3,5.022,69.277,1069.350,-0.131
15442,02/13/26 05:30:53 PM,2.34,3.34,160.0,4.864,69.676,1069.350,-0.204
15443,02/13/26 05:40:53 PM,2.34,3.34,151.6,4.542,70.684,1069.350,-0.316
15444,02/13/26 05:50:53 PM,2.34,3.67,148.8,4.134,71.815,1069.350,-0.491
15445,02/13/26 06:00:53 PM,1.67,2.67,140.4,4.105,72.857,1069.350,-0.321
15446,02/13/26 06:10:53 PM,2.00,3.34,154.4,4.075,73.378,1069.350,-0.252
15447,02/13/26 06:20:53 PM,1.67,2.67,168.5,4.153,72.930,1069.350,-0.261
15448,02/13/26 06:30:53 PM,1.00,2.00,172.7,3.976,72.808,1069.350,-0.455
15449,02/13/26 06:40:53 PM,1.00,2.00,151.6,3.424,74.821,1069.350,-0.615
15450,02/13/26 06:50:53 PM,1.00,1.67,164.3,3.000,76.109,1069.350,-0.792
15451,02/13/26 07:00:53 PM,0.67,1.34,192.3,2.483,77.171,1069.350,-1.105
15452,02/13/26 07:10:53 PM,0.00,0.67,198.0,2.059,78.486,1069.350,-1.288
15453,02/13/26 07:20:53 PM,0.33,1.00,127.8,1.595,80.395,1069.350,-1.413
15454,02/13/26 07:30:53 PM,0.00,0.00,113.7,1.207,81.617,1069.350,-1.587
15455,02/13/26 07:40:53 PM,0.00,0.33,113.7,1.091,81.436,1069.350,-1.731
15456,02/13/26 07:50:53 PM,0.00,0.33,113.7,0.847,81.962,1069.350,-1.882
15457,02/13/26 08:00:53 PM,0.00,0.00,46.3,0.373,82.411,1069.350,-2.273
15458,02/13/26 08:10:53 PM,1.34,1.67,352.4,-0.828,87.504,1069.350,-2.645
15459,02/13/26 08:20:53 PM,1.00,1.67,352.4,-0.525,87.788,1069.350,-2.302
15460,02/13/26 08:30:53 PM,0.67,2.00,351.0,-0.533,88.171,1069.350,-2.251
15461,02/13/26 08:40:53 PM,0.00,0.67,348.2,-0.632,88.000,1069.350,-2.375
15462,02/13/26 08:50:53 PM,1.00,1.67,280.8,-1.364,90.193,1069.350,-2.767
15463,02/13/26 09:00:53 PM,0.67,1.00,283.6,-0.957,89.287,1069.350,-2.500
15464,02/13/26 09:10:53 PM,0.67,1.00,304.7,-0.973,89.366,1069.350,-2.504
15465,02/13/26 09:20:53 PM,0.00,0.33,304.7,-0.667,88.951,1069.350,-2.265
15466,02/13/26 09:30:53 PM,0.00,0.00,304.7,-0.442,88.028,1069.350,-2.183
15467,02/13/26 09:40:53 PM,0.00,0.00,304.7,-1.059,90.967,1069.350,-2.350
15468,02/13/26 09:50:53 PM,0.00,0.00,304.7,-1.222,91.626,1069.350,-2.414
15469,02/13/26 10:00:53 PM,0.00,0.00,304.7,-1.340,91.638,1069.350,-2.530
15470,02/13/26 10:10:53 PM,0.00,0.00,304.7,-1.236,91.687,1069.350,-2.419
15471,02/13/26 10:20:53 PM,0.00,0.33,320.1,-1.171,91.537,1069.350,-2.377
15472,02/13/26 10:30:53 PM,0.00,0.00,5.6,-1.206,91.710,1069.350,-2.386
15473,02/13/26 10:40:53 PM,0.00,0.00,5.6,-1.281,91.275,1069.350,-2.524
15474,02/13/26 10:50:53 PM,0.00,0.00,5.6,-1.576,91.832,1069.350,-2.735
15475,02/13/26 11:00:53 PM,0.00,0.00,5.6,-1.740,92.268,1069.350,-2.834
15476,02/13/26 11:10:53 PM,0.00,0.00,341.2,-2.461,94.299,1069.350,-3.258
15477,02/13/26 11:20:53 PM,0.00,0.00,339.7,-2.067,94.694,1069.350,-2.810
15478,02/13/26 11:30:53 PM,0.00,0.00,339.7,-1.434,93.507,1069.350,-2.351
15479,02/13/26 11:40:53 PM,0.00,0.00,339.7,-1.069,91.939,1069.350,-2.216
15480,02/13/26 11:50:53 PM,0.00,0.00,339.7,-1.279,93.614,1069.350,-2.181
15481,02/14/26 12:00:53 AM,0.00,0.00,339.7,-1.123,93.184,1069.350,-2.088
15482,02/14/26 12:10:53 AM,0.00,0.00,339.7,-1.222,93.696,1069.350,-2.113
15483,02/14/26 12:20:53 AM,0.00,0.00,339.7,-1.573,94.978,1069.350,-2.278
15484,02/14/26 12:30:53 AM,0.00,0.00,339.7,-1.951,96.269,1069.350,-2.473
15485,02/14/26 12:40:53 AM,0.00,0.00,339.7,-1.997,96.278,1069.350,-2.517
15486,02/14/26 12:50:53 AM,0.00,0.00,339.7,-1.820,94.568,1069.350,-2.582
15487,02/14/26 01:00:53 AM,0.33,1.34,341.2,-2.249,95.444,1069.350,-2.886
15488,02/14/26 01:10:53 AM,0.33,1.34,345.4,-2.346,96.059,1069.350,-2.896
15489,02/14/26 01:20:53 AM,0.67,1.34,12.6,-2.094,95.387,1069.350,-2.739
15490,02/14/26 01:30:53 AM,0.67,1.00,42.1,-2.450,96.210,1069.350,-2.979
15491,02/14/26 01:40:53 AM,0.33,1.00,96.9,-2.608,97.180,1069.350,-3.002
15492,02/14/26 01:50:53 AM,0.00,0.00,109.5,-2.694,97.819,1069.350,-3.000
15493,02/14/26 02:00:53 AM,0.00,0.67,109.5,-2.823,98.061,1069.350,-3.095
15494,02/14/26 02:10:53 AM,0.67,1.00,109.5,-2.825,98.024,1069.350,-3.102
15495,02/14/26 02:20:53 AM,0.00,0.00,109.5,-2.758,98.088,1069.350,-3.027
15496,02/14/26 02:30:53 AM,0.33,1.00,81.4,-2.598,97.890,1069.350,-2.894
15497,02/14/26 02:40:53 AM,0.00,0.67,54.8,-2.523,97.554,1069.350,-2.865
15498,02/14/26 02:50:53 AM,0.00,0.00,54.8,-2.442,97.601,1069.350,-2.778
15499,02/14/26 03:00:53 AM,0.00,0.33,51.9,-2.402,97.293,1069.350,-2.780
15500,02/14/26 03:10:53 AM,1.00,1.34,328.5,-2.641,97.340,1069.350,-3.013
15501,02/14/26 03:20:53 AM,0.67,1.34,304.7,-3.112,97.859,1069.350,-3.412
15502,02/14/26 03:30:53 AM,0.33,1.00,304.7,-2.930,99.039,1069.350,-3.069
15503,02/14/26 03:40:53 AM,0.00,0.00,304.7,-2.641,98.283,1069.350,-2.883
15504,02/14/26 03:50:53 AM,0.00,0.00,304.7,-2.458,97.571,1069.350,-2.798
15505,02/14/26 04:00:53 AM,0.00,0.00,304.7,-2.388,97.311,1069.350,-2.764
15506,02/14/26 04:10:53 AM,0.00,0.00,304.7,-2.391,96.817,1069.350,-2.835
15507,02/14/26 04:20:53 AM,0.00,0.00,304.7,-2.287,96.960,1069.350,-2.712
15508,02/14/26 04:30:53 AM,0.00,0.00,304.7,-2.254,96.529,1069.350,-2.739
15509,02/14/26 04:40:53 AM,0.00,0.00,304.7,-2.614,97.084,1069.350,-3.021
15510,02/14/26 04:50:53 AM,0.00,1.00,306.1,-2.914,97.710,1069.350,-3.234
15511,02/14/26 05:00:53 AM,0.67,1.00,327.1,-2.935,98.082,1069.350,-3.204
15512,02/14/26 05:10:53 AM,0.67,1.34,342.6,-2.951,97.967,1069.350,-3.236
15513,02/14/26 05:20:53 AM,0.33,1.00,353.8,-2.901,97.935,1069.350,-3.191
15514,02/14/26 05:30:53 AM,0.00,1.00,157.2,-2.994,97.937,1069.350,-3.283
15515,02/14/26 05:40:53 AM,0.00,0.00,2.8,-2.737,97.267,1069.350,-3.118
15516,02/14/26 05:50:53 AM,0.33,1.00,106.7,-2.541,97.855,1069.350,-2.842
15517,02/14/26 06:00:53 AM,0.67,1.34,2.8,-2.316,96.812,1069.350,-2.761
15518,02/14/26 06:10:53 AM,0.00,0.00,0.0,-2.182,96.144,1069.350,-2.721
15519,02/14/26 06:20:53 AM,0.00,1.00,0.0,-2.305,96.356,1069.350,-2.814
15520,02/14/26 06:30:53 AM,0.00,0.00,0.0,-2.439,96.992,1069.350,-2.859
15521,02/14/26 06:40:53 AM,0.00,0.00,0.0,-2.504,97.067,1069.350,-2.913
15522,02/14/26 06:50:53 AM,0.00,0.00,0.0,-2.431,96.660,1069.350,-2.897
15523,02/14/26 07:00:53 AM,0.00,0.00,0.0,-2.635,97.205,1069.350,-3.025
15524,02/14/26 07:10:53 AM,0.00,0.00,0.0,-2.748,97.372,1069.350,-3.115
15525,02/14/26 07:20:53 AM,0.00,0.00,0.0,-2.638,96.706,1069.350,-3.097
15526,02/14/26 07:30:53 AM,0.00,0.00,0.0,-2.898,96.761,1069.350,-3.349
15527,02/14/26 07:40:53 AM,0.00,0.00,0.0,-3.069,97.305,1069.350,-3.445
15528,02/14/26 07:50:53 AM,0.00,0.00,0.0,-3.043,97.377,1069.350,-3.409
15529,02/14/26 08:00:53 AM,0.00,0.33,0.0,-2.649,96.741,1069.350,-3.103
15530,02/14/26 08:10:53 AM,0.00,0.00,0.0,-2.665,96.799,1069.350,-3.111
15531,02/14/26 08:20:53 AM,0.00,0.00,0.0,-2.708,96.864,1069.350,-3.145
15532,02/14/26 08:30:53 AM,0.00,0.33,0.0,-2.745,97.270,1069.350,-3.126
15533,02/14/26 08:40:53 AM,0.00,0.00,0.0,-2.611,97.627,1069.350,-2.943
15534,02/14/26 08:50:53 AM,0.00,0.00,0.0,-2.480,97.035,1069.350,-2.894
15535,02/14/26 09:00:53 AM,0.00,0.00,0.0,-2.421,96.988,1069.350,-2.842
15536,02/14/26 09:10:53 AM,0.00,0.00,0.0,-2.383,97.299,1069.350,-2.761
15537,02/14/26 09:20:53 AM,0.00,0.00,0.0,-2.321,97.339,1069.350,-2.693
15538,02/14/26 09:30:53 AM,0.00,0.00,0.0,-1.911,96.620,1069.350,-2.384
15539,02/14/26 09:40:53 AM,0.00,0.00,0.0,-1.560,95.625,1069.350,-2.174
15540,02/14/26 09:50:53 AM,0.00,0.67,0.0,-1.434,95.181,1069.350,-2.111
15541,02/14/26 10:00:53 AM,0.67,1.67,33.7,-1.190,94.516,1069.350,-1.963
15542,02/14/26 10:10:53 AM,1.00,1.67,71.6,-1.005,94.330,1069.350,-1.805
15543,02/14/26 10:20:53 AM,0.67,1.34,85.6,-0.694,94.401,1069.350,-1.486
15544,02/14/26 10:30:53 AM,0.67,1.34,115.1,-0.568,93.024,1069.350,-1.560
15545,02/14/26 10:40:53 AM,0.67,1.67,126.4,-0.547,93.101,1069.350,-1.528
15546,02/14/26 10:50:53 AM,1.00,1.67,144.6,-0.370,92.753,1069.350,-1.403
15547,02/14/26 11:00:53 AM,0.67,1.67,132.0,-0.024,92.187,1069.350,-1.143
15548,02/14/26 11:10:53 AM,0.67,1.67,124.9,0.180,91.408,1069.350,-1.057
15549,02/14/26 11:20:53 AM,1.00,1.67,113.7,0.301,91.247,1069.350,-0.961
15550,02/14/26 11:30:53 AM,1.67,2.34,106.7,0.400,91.412,1069.350,-0.838
15551,02/14/26 11:40:53 AM,2.00,2.67,119.3,0.622,91.710,1069.350,-0.573
15552,02/14/26 11:50:53 AM,2.00,3.01,98.3,1.515,89.935,1069.350,0.043
15553,02/14/26 12:00:53 PM,2.34,4.34,99.7,2.024,86.542,1069.350,0.016
15554,02/14/26 12:10:53 PM,2.67,4.01,94.1,2.376,83.534,1069.350,-0.125
15555,02/14/26 12:20:53 PM,3.01,4.68,91.3,2.700,80.894,1069.350,-0.249
15556,02/14/26 12:30:53 PM,3.34,4.68,88.4,2.727,81.268,1069.350,-0.159
15557,02/14/26 12:40:53 PM,3.34,5.01,77.2,3.022,80.952,1069.350,0.075
15558,02/14/26 12:50:53 PM,3.67,5.68,82.8,3.129,80.154,1069.350,0.044
15559,02/14/26 01:00:53 PM,3.34,5.34,82.8,3.689,78.772,1069.350,0.350
15560,02/14/26 01:10:53 PM,3.67,5.68,92.7,4.469,77.357,1069.350,0.858
15561,02/14/26 01:20:53 PM,4.01,5.68,89.9,5.346,74.517,1069.350,1.189
15562,02/14/26 01:30:53 PM,3.67,6.01,89.9,6.003,72.468,1069.350,1.436
15563,02/14/26 01:40:53 PM,3.67,5.68,92.7,5.877,71.514,1069.350,1.130
15564,02/14/26 01:50:53 PM,4.34,6.35,81.4,6.381,70.065,1069.350,1.330
15565,02/14/26 02:00:53 PM,4.01,6.35,81.4,6.472,70.274,1069.350,1.459
15566,02/14/26 02:10:53 PM,4.34,6.68,82.8,6.754,68.945,1069.350,1.464
15567,02/14/26 02:20:53 PM,4.01,6.68,75.8,6.906,68.882,1069.350,1.597
15568,02/14/26 02:30:53 PM,4.34,6.68,73.0,7.011,68.800,1069.350,1.681
15569,02/14/26 02:40:53 PM,4.34,6.68,75.8,7.024,68.232,1069.350,1.577
15570,02/14/26 02:50:53 PM,4.34,6.35,59.0,6.880,69.589,1069.350,1.714
15571,02/14/26 03:00:53 PM,4.34,7.01,67.4,7.239,68.672,1069.350,1.873
15572,02/14/26 03:10:53 PM,4.68,6.68,64.6,7.314,68.498,1069.350,1.910
15573,02/14/26 03:20:53 PM,4.68,7.01,60.4,7.282,68.499,1069.350,1.879
15574,02/14/26 03:30:53 PM,4.68,7.35,63.2,7.472,67.596,1069.350,1.875
15575,02/14/26 03:40:53 PM,4.34,7.01,66.0,7.805,67.031,1069.350,2.076
15576,02/14/26 03:50:53 PM,4.34,7.01,63.2,7.984,66.691,1069.350,2.176
15577,02/14/26 04:00:53 PM,4.34,7.01,60.4,7.866,66.313,1069.350,1.984
15578,02/14/26 04:10:53 PM,4.01,6.35,75.8,7.762,66.380,1069.350,1.899
15579,02/14/26 04:20:53 PM,4.01,7.01,73.0,7.483,67.401,1069.350,1.846
15580,02/14/26 04:30:53 PM,4.34,6.68,71.6,6.990,68.788,1069.350,1.658
15581,02/14/26 04:40:53 PM,4.34,6.68,64.6,7.188,68.147,1069.350,1.717
15582,02/14/26 04:50:53 PM,4.68,6.68,61.8,6.904,68.960,1069.350,1.611
15583,02/14/26 05:00:53 PM,4.34,6.35,61.8,6.515,69.947,1069.350,1.435
15584,02/14/26 05:10:53 PM,4.34,6.35,60.4,6.461,70.866,1069.350,1.565
15585,02/14/26 05:20:53 PM,4.34,6.01,64.6,6.405,70.930,1069.350,1.524
15586,02/14/26 05:30:53 PM,4.34,6.68,61.8,6.239,71.475,1069.350,1.471
15587,02/14/26 05:40:53 PM,4.01,6.35,54.8,6.134,72.096,1069.350,1.490
15588,02/14/26 05:50:53 PM,5.01,7.35,49.1,6.014,72.360,1069.350,1.426
15589,02/14/26 06:00:53 PM,5.34,7.68,50.5,5.882,72.132,1069.350,1.255
15590,02/14/26 06:10:53 PM,4.01,7.35,61.8,5.684,73.059,1069.350,1.241
15591,02/14/26 06:20:53 PM,4.01,6.35,61.8,5.545,73.782,1069.350,1.244
15592,02/14/26 06:30:53 PM,3.34,5.34,61.8,5.301,75.492,1069.350,1.327
15593,02/14/26 06:40:53 PM,3.67,5.01,59.0,5.091,76.313,1069.350,1.273
15594,02/14/26 06:50:53 PM,3.67,5.34,57.6,4.882,76.637,1069.350,1.129
15595,02/14/26 07:00:53 PM,3.34,5.01,60.4,4.625,76.933,1069.350,0.933
15596,02/14/26 07:10:53 PM,3.34,5.34,67.4,4.427,77.449,1069.350,0.834
15597,02/14/26 07:20:53 PM,3.01,4.34,68.8,4.086,78.814,1069.350,0.744
15598,02/14/26 07:30:53 PM,3.01,4.34,66.0,3.901,79.261,1069.350,0.642
15599,02/14/26 07:40:53 PM,2.67,4.01,81.4,3.716,79.954,1069.350,0.582
15600,02/14/26 07:50:53 PM,2.00,3.67,95.5,3.215,82.512,1069.350,0.528
15601,02/14/26 08:00:53 PM,2.00,3.01,92.7,2.915,84.286,1069.350,0.528
15602,02/14/26 08:10:53 PM,2.34,4.01,87.0,2.837,84.526,1069.350,0.490
15603,02/14/26 08:20:53 PM,2.34,3.67,91.3,2.756,84.909,1069.350,0.473
15604,02/14/26 08:30:53 PM,2.34,3.67,84.2,2.679,85.438,1069.350,0.483
15605,02/14/26 08:40:53 PM,3.01,4.68,70.2,2.346,86.882,1069.350,0.387
15606,02/14/26 08:50:53 PM,2.67,4.34,78.6,2.124,87.529,1069.350,0.271
15607,02/14/26 09:00:53 PM,2.34,3.67,84.2,1.944,87.985,1069.350,0.165
15608,02/14/26 09:10:53 PM,2.34,3.34,74.4,1.853,87.565,1069.350,0.009
15609,02/14/26 09:20:53 PM,2.00,3.01,70.2,1.780,87.150,1069.350,-0.128
15610,02/14/26 09:30:53 PM,2.34,3.67,68.8,1.947,85.850,1069.350,-0.170
15611,02/14/26 09:40:53 PM,2.34,3.34,74.4,1.979,85.473,1069.350,-0.199
15612,02/14/26 09:50:53 PM,2.34,3.67,77.2,1.788,86.093,1069.350,-0.288
15613,02/14/26 10:00:53 PM,2.34,3.34,61.8,1.673,86.456,1069.350,-0.344
15614,02/14/26 10:10:53 PM,2.34,3.34,67.4,1.644,86.229,1069.350,-0.408
15615,02/14/26 10:20:53 PM,2.00,3.01,84.2,1.606,86.101,1069.350,-0.466
15616,02/14/26 10:30:53 PM,2.00,3.34,73.0,1.507,86.432,1069.350,-0.511
15617,02/14/26 10:40:53 PM,2.34,4.01,54.8,1.595,86.181,1069.350,-0.464
15618,02/14/26 10:50:53 PM,2.67,3.67,51.9,1.649,85.653,1069.350,-0.495
15619,02/14/26 11:00:53 PM,2.34,3.67,63.2,1.553,86.027,1069.350,-0.530
15620,02/14/26 11:10:53 PM,2.67,4.34,67.4,1.539,85.983,1069.350,-0.551
15621,02/14/26 11:20:53 PM,2.00,4.01,81.4,1.512,85.827,1069.350,-0.602
15622,02/14/26 11:30:53 PM,1.34,3.01,109.5,1.231,86.964,1069.350,-0.699
15623,02/14/26 11:40:53 PM,1.34,2.00,143.2,0.829,88.612,1069.350,-0.839
15624,02/14/26 11:50:53 PM,0.67,1.67,144.6,0.735,89.184,1069.350,-0.844
15625,02/15/26 12:00:53 AM,1.00,1.67,129.2,0.799,88.769,1069.350,-0.844
15626,02/15/26 12:10:53 AM,0.67,1.34,127.8,0.778,88.869,1069.350,-0.849
15627,02/15/26 12:20:53 AM,1.00,1.67,130.6,0.684,89.209,1069.350,-0.890
15628,02/15/26 12:30:53 AM,1.34,2.00,96.9,0.697,89.436,1069.350,-0.843
15629,02/15/26 12:40:53 AM,1.67,2.67,84.2,0.681,89.635,1069.350,-0.828
15630,02/15/26 12:50:53 AM,1.34,2.34,87.0,0.751,89.311,1069.350,-0.808
15631,02/15/26 01:00:53 AM,1.67,2.34,89.9,0.684,89.789,1069.350,-0.802
15632,02/15/26 01:10:53 AM,2.00,3.34,87.0,0.703,89.805,1069.350,-0.780
15633,02/15/26 01:20:53 AM,1.34,2.34,132.0,0.708,89.834,1069.350,-0.771
15634,02/15/26 01:30:53 AM,1.67,2.34,136.2,0.606,90.480,1069.350,-0.774
15635,02/15/26 01:40:53 AM,1.34,2.00,112.3,0.582,90.599,1069.350,-0.780
15636,02/15/26 01:50:53 AM,1.00,2.00,126.4,0.201,92.184,1069.350,-0.920
15637,02/15/26 02:00:53 AM,0.00,1.00,161.5,0.172,92.415,1069.350,-0.915
15638,02/15/26 02:10:53 AM,0.33,1.67,144.6,0.397,91.228,1069.350,-0.868
15639,02/15/26 02:20:53 AM,0.67,1.34,47.7,0.603,89.972,1069.350,-0.854
15640,02/15/26 02:30:53 AM,0.00,0.00,50.5,0.577,90.117,1069.350,-0.858
15641,02/15/26 02:40:53 AM,0.33,1.34,74.4,0.595,90.249,1069.350,-0.820
15642,02/15/26 02:50:53 AM,1.00,1.67,87.0,0.437,90.639,1069.350,-0.917
15643,02/15/26 03:00:53 AM,1.34,2.34,80.0,0.244,91.864,1069.350,-0.925
15644,02/15/26 03:10:53 AM,0.33,1.67,74.4,0.276,91.652,1069.350,-0.925
15645,02/15/26 03:20:53 AM,0.67,1.00,153.0,-0.094,92.699,1069.350,-1.137
15646,02/15/26 03:30:53 AM,0.00,0.67,171.3,-0.185,93.632,1069.350,-1.091
15647,02/15/26 03:40:53 AM,0.00,1.00,171.3,0.059,92.782,1069.350,-0.973
15648,02/15/26 03:50:53 AM,0.00,0.00,171.3,0.062,92.757,1069.350,-0.974
15649,02/15/26 04:00:53 AM,0.00,0.67,171.3,0.134,92.061,1069.350,-1.005
15650,02/15/26 04:10:53 AM,0.67,1.00,223.2,-0.474,93.851,1069.350,-1.347
15651,02/15/26 04:20:53 AM,0.33,1.00,227.4,-0.045,93.352,1069.350,-0.993
15652,02/15/26 04:30:53 AM,1.00,2.00,259.7,-0.576,93.619,1069.350,-1.482
15653,02/15/26 04:40:53 AM,1.34,2.00,262.5,-0.506,94.641,1069.350,-1.264
15654,02/15/26 04:50:53 AM,0.67,1.34,268.1,-0.431,94.228,1069.350,-1.249
15655,02/15/26 05:00:53 AM,1.00,1.67,268.1,-0.142,93.130,1069.350,-1.122
15656,02/15/26 05:10:53 AM,0.00,1.34,266.7,0.003,91.997,1069.350,-1.145
15657,02/15/26 05:20:53 AM,1.00,2.34,254.1,-0.225,92.738,1069.350,-1.262
15658,02/15/26 05:30:53 AM,0.33,1.34,242.9,-0.614,95.029,1069.350,-1.316
15659,02/15/26 05:40:53 AM,1.00,1.67,276.6,-0.667,95.212,1069.350,-1.343
15660,02/15/26 05:50:53 AM,1.34,2.00,287.8,-0.166,93.582,1069.350,-1.079
15661,02/15/26 06:00:53 AM,1.00,1.67,320.1,-0.284,93.353,1069.350,-1.230
15662,02/15/26 06:10:53 AM,0.33,1.34,313.1,-0.120,92.529,1069.350,-1.188
15663,02/15/26 06:20:53 AM,1.00,1.67,346.8,-0.268,92.753,1069.350,-1.302
15664,02/15/26 06:30:53 AM,0.00,0.67,355.2,-0.021,92.178,1069.350,-1.142
15665,02/15/26 06:40:53 AM,0.67,1.67,318.7,0.113,91.209,1069.350,-1.153
15666,02/15/26 06:50:53 AM,0.67,1.34,231.6,-0.265,93.140,1069.350,-1.242
15667,02/15/26 07:00:53 AM,0.33,1.00,231.6,-0.319,93.312,1069.350,-1.271
15668,02/15/26 07:10:53 AM,0.00,0.67,256.9,-0.300,93.443,1069.350,-1.233
15669,02/15/26 07:20:53 AM,0.00,0.00,307.5,-0.311,92.421,1069.350,-1.393
15670,02/15/26 07:30:53 AM,0.00,0.00,311.7,-0.273,91.879,1069.350,-1.436
15671,02/15/26 07:40:53 AM,0.00,0.00,7.0,-0.351,92.102,1069.350,-1.480
15672,02/15/26 07:50:53 AM,0.00,1.00,9.8,-0.539,92.418,1069.350,-1.620
15673,02/15/26 08:00:53 AM,0.33,1.34,36.5,-1.185,95.109,1069.350,-1.873
15674,02/15/26 08:10:53 AM,0.00,0.00,36.5,-1.496,97.409,1069.350,-1.860
15675,02/15/26 08:20:53 AM,0.00,1.00,35.1,-1.539,97.884,1069.350,-1.837
15676,02/15/26 08:30:53 AM,1.34,1.67,294.8,-1.951,97.888,1069.350,-2.248
15677,02/15/26 08:40:53 AM,1.34,2.00,286.4,-2.249,97.359,1069.350,-2.618
15678,02/15/26 08:50:53 AM,1.67,2.34,282.2,-1.651,95.822,1069.350,-2.236
15679,02/15/26 09:00:53 AM,1.34,1.67,289.2,-1.659,94.690,1069.350,-2.405
15680,02/15/26 09:10:53 AM,1.34,1.67,301.8,-1.504,94.325,1069.350,-2.303
15681,02/15/26 09:20:53 AM,1.00,1.67,310.3,-1.418,94.467,1069.350,-2.197
15682,02/15/26 09:30:53 AM,0.33,1.34,332.7,-1.236,94.708,1069.350,-1.981
15683,02/15/26 09:40:53 AM,0.00,0.00,292.0,-1.136,94.696,1069.350,-1.883
15684,02/15/26 09:50:53 AM,0.00,0.00,292.0,-0.780,94.420,1069.350,-1.569
15685,02/15/26 10:00:53 AM,0.00,0.00,292.0,-0.490,94.678,1069.350,-1.243
15686,02/15/26 10:10:53 AM,0.00,0.00,292.0,-0.126,94.989,1069.350,-0.836
15687,02/15/26 10:20:53 AM,0.00,0.00,292.0,0.767,93.573,1069.350,-0.153
15688,02/15/26 10:30:53 AM,0.00,0.00,292.0,2.486,86.592,1069.350,0.479
15689,02/15/26 10:40:53 AM,0.00,1.00,261.1,3.797,80.299,1069.350,0.721
15690,02/15/26 10:50:53 AM,0.67,1.67,150.2,3.679,79.680,1069.350,0.498
15691,02/15/26 11:00:53 AM,0.33,1.34,124.9,3.944,80.835,1069.350,0.956
15692,02/15/26 11:10:53 AM,1.00,2.00,120.7,4.183,78.100,1069.350,0.712
15693,02/15/26 11:20:53 AM,1.00,2.00,123.5,4.185,77.238,1069.350,0.561
15694,02/15/26 11:30:53 AM,1.34,3.01,130.6,4.386,76.335,1069.350,0.593
15695,02/15/26 11:40:53 AM,0.67,1.67,134.8,4.488,75.389,1069.350,0.520
15696,02/15/26 11:50:53 AM,1.00,2.00,124.9,4.547,74.861,1069.350,0.480
15697,02/15/26 12:00:53 PM,1.00,2.34,141.8,4.767,74.217,1069.350,0.573
15698,02/15/26 12:10:53 PM,0.33,1.67,99.7,6.786,68.634,1069.350,1.431
15699,02/15/26 12:20:53 PM,1.34,2.67,75.8,6.963,67.019,1069.350,1.269
15700,02/15/26 12:30:53 PM,1.34,2.67,102.5,7.027,66.085,1069.350,1.135
15701,02/15/26 12:40:53 PM,0.67,2.67,85.6,8.121,62.759,1069.350,1.457
15702,02/15/26 12:50:53 PM,1.34,2.34,77.2,8.510,59.815,1069.350,1.156
15703,02/15/26 01:00:53 PM,1.34,2.67,89.9,7.762,61.862,1069.350,0.917
15704,02/15/26 01:10:53 PM,1.00,2.00,96.9,8.419,60.865,1069.350,1.312
15705,02/15/26 01:20:53 PM,0.67,1.67,89.9,7.740,62.380,1069.350,1.012
15706,02/15/26 01:30:53 PM,0.67,1.34,117.9,7.665,62.281,1069.350,0.919
15707,02/15/26 01:40:53 PM,0.67,1.34,181.1,7.386,61.025,1069.350,0.373
15708,02/15/26 01:50:53 PM,0.33,2.00,185.3,8.502,57.830,1069.350,0.681
15709,02/15/26 02:00:53 PM,1.00,2.34,245.7,9.392,54.072,1069.350,0.583
15710,02/15/26 02:10:53 PM,1.34,3.01,213.4,9.617,53.509,1069.350,0.648
15711,02/15/26 02:20:53 PM,1.34,3.34,304.7,9.724,51.026,1069.350,0.091
15712,02/15/26 02:30:53 PM,2.00,4.34,320.1,9.553,52.758,1069.350,0.393
15713,02/15/26 02:40:53 PM,1.34,3.34,293.4,9.740,52.349,1069.350,0.459
15714,02/15/26 02:50:53 PM,1.00,3.67,247.1,10.502,50.837,1069.350,0.759
15715,02/15/26 03:00:53 PM,2.00,3.67,255.5,9.976,51.600,1069.350,0.479
15716,02/15/26 03:10:53 PM,3.01,5.68,332.7,9.781,52.616,1069.350,0.567
15717,02/15/26 03:20:53 PM,3.01,4.68,306.1,9.831,52.103,1069.350,0.478
15718,02/15/26 03:30:53 PM,2.34,4.68,297.6,10.014,48.939,1069.350,-0.216
15719,02/15/26 03:40:53 PM,2.67,5.01,294.8,10.124,49.055,1069.350,-0.082
15720,02/15/26 03:50:53 PM,3.01,5.68,282.2,10.164,48.563,1069.350,-0.184
15721,02/15/26 04:00:53 PM,2.67,5.34,234.5,10.065,48.452,1069.350,-0.306
15722,02/15/26 04:10:53 PM,1.67,3.67,242.9,10.840,45.737,1069.350,-0.388
15723,02/15/26 04:20:53 PM,1.67,4.01,287.8,8.987,46.500,1069.350,-1.856
15724,02/15/26 04:30:53 PM,2.34,4.34,289.2,9.362,46.270,1069.350,-1.580
15725,02/15/26 04:40:53 PM,2.34,4.01,268.1,9.386,45.087,1069.350,-1.910
15726,02/15/26 04:50:53 PM,2.00,3.34,252.7,9.057,45.826,1069.350,-1.990
15727,02/15/26 05:00:53 PM,2.34,4.68,255.5,9.134,45.438,1069.350,-2.035
15728,02/15/26 05:10:53 PM,2.00,3.67,269.6,9.376,45.203,1069.350,-1.884
15729,02/15/26 05:20:53 PM,2.67,4.34,259.7,9.102,45.927,1069.350,-1.919
15730,02/15/26 05:30:53 PM,2.34,4.01,255.5,8.888,48.493,1069.350,-1.377
15731,02/15/26 05:40:53 PM,1.67,3.01,271.0,8.724,47.211,1069.350,-1.892
15732,02/15/26 05:50:53 PM,1.67,2.67,258.3,8.464,49.781,1069.350,-1.411
15733,02/15/26 06:00:53 PM,1.67,3.01,259.7,8.448,50.759,1069.350,-1.161
15734,02/15/26 06:10:53 PM,2.34,4.01,282.2,8.537,49.639,1069.350,-1.383
15735,02/15/26 06:20:53 PM,2.34,3.34,268.1,8.282,51.989,1069.350,-0.988
15736,02/15/26 06:30:53 PM,2.34,3.34,265.3,8.070,52.833,1069.350,-0.965
15737,02/15/26 06:40:53 PM,2.00,3.01,271.0,7.057,55.496,1069.350,-1.239
15738,02/15/26 06:50:53 PM,2.00,2.67,307.5,5.992,58.589,1069.350,-1.500
15739,02/15/26 07:00:53 PM,2.00,2.67,315.9,5.161,60.896,1069.350,-1.759
15740,02/15/26 07:10:53 PM,2.00,2.67,320.1,4.282,63.479,1069.350,-2.030
15741,02/15/26 07:20:53 PM,1.00,1.34,314.5,3.099,67.147,1069.350,-2.398
15742,02/15/26 07:30:53 PM,0.67,1.34,299.0,2.234,69.900,1069.350,-2.686
15743,02/15/26 07:40:53 PM,1.00,1.34,268.1,1.885,70.895,1069.350,-2.832
15744,02/15/26 07:50:53 PM,1.00,1.34,301.8,1.370,72.168,1069.350,-3.089
15745,02/15/26 08:00:53 PM,1.67,2.00,258.3,1.314,72.827,1069.350,-3.021
15746,02/15/26 08:10:53 PM,1.34,2.00,276.6,1.124,73.262,1069.350,-3.125
15747,02/15/26 08:20:53 PM,1.67,2.67,315.9,1.823,69.422,1069.350,-3.173
15748,02/15/26 08:30:53 PM,2.34,3.01,332.7,2.381,66.751,1069.350,-3.164
15749,02/15/26 08:40:53 PM,3.34,4.68,335.5,2.872,64.730,1069.350,-3.108
15750,02/15/26 08:50:53 PM,4.01,5.01,338.3,3.000,64.005,1069.350,-3.137
15751,02/15/26 09:00:53 PM,3.34,4.68,344.0,2.633,65.359,1069.350,-3.206
15752,02/15/26 09:10:53 PM,1.34,3.34,88.4,1.555,69.909,1069.350,-3.337
15753,02/15/26 09:20:53 PM,0.67,3.01,275.2,0.762,72.604,1069.350,-3.595
15754,02/15/26 09:30:53 PM,0.33,1.67,285.0,0.982,71.618,1069.350,-3.566
15755,02/15/26 09:40:53 PM,1.34,2.34,283.6,0.309,74.284,1069.350,-3.728
15756,02/15/26 09:50:53 PM,1.34,2.00,292.0,-0.236,75.764,1069.350,-3.993
15757,02/15/26 10:00:53 PM,1.67,2.34,294.8,-0.565,77.284,1069.350,-4.049
15758,02/15/26 10:10:53 PM,1.67,2.34,303.2,-0.485,78.317,1069.350,-3.794
15759,02/15/26 10:20:53 PM,1.34,2.67,308.9,-0.756,79.014,1069.350,-3.940
15760,02/15/26 10:30:53 PM,1.67,2.34,290.6,-0.769,78.805,1069.350,-3.988
15761,02/15/26 10:40:53 PM,1.34,1.67,292.0,-0.616,77.494,1069.350,-4.062
15762,02/15/26 10:50:53 PM,1.00,1.67,306.1,-1.206,79.434,1069.350,-4.309
15763,02/15/26 11:00:53 PM,1.00,1.34,315.9,-0.748,77.447,1069.350,-4.199
15764,02/15/26 11:10:53 PM,1.00,1.67,286.4,-1.021,78.802,1069.350,-4.234
15765,02/15/26 11:20:53 PM,1.00,1.34,285.0,-1.397,80.145,1069.350,-4.377
15766,02/15/26 11:30:53 PM,0.33,1.00,282.2,-1.174,79.142,1069.350,-4.326
15767,02/15/26 11:40:53 PM,0.33,1.00,282.2,-1.096,78.553,1069.350,-4.349
15768,02/15/26 11:50:53 PM,1.00,1.67,282.2,-1.335,80.020,1069.350,-4.337
15769,02/16/26 12:00:53 AM,1.34,1.67,293.4,-2.244,84.076,1069.350,-4.572
15770,02/16/26 12:10:53 AM,0.67,1.67,325.7,-1.461,79.564,1069.350,-4.536
15771,02/16/26 12:20:53 AM,0.00,0.67,329.9,-1.673,79.750,1069.350,-4.712
15772,02/16/26 12:30:53 AM,0.00,0.33,329.9,-1.994,81.453,1069.350,-4.746
15773,02/16/26 12:40:53 AM,0.00,1.00,314.5,-2.327,83.200,1069.350,-4.792
15774,02/16/26 12:50:53 AM,0.00,0.00,296.2,-2.571,84.582,1069.350,-4.814
15775,02/16/26 01:00:53 AM,0.00,0.00,296.2,-2.204,83.200,1069.350,-4.671
15776,02/16/26 01:10:53 AM,0.00,0.00,296.2,-2.265,82.744,1069.350,-4.804
15777,02/16/26 01:20:53 AM,0.00,0.00,296.2,-2.710,85.225,1069.350,-4.850
15778,02/16/26 01:30:53 AM,0.67,1.34,296.2,-2.852,85.010,1069.350,-5.023
15779,02/16/26 01:40:53 AM,0.67,1.00,304.7,-2.198,83.420,1069.350,-4.630
15780,02/16/26 01:50:53 AM,0.33,1.00,307.5,-2.582,83.644,1069.350,-4.972
15781,02/16/26 02:00:53 AM,0.33,1.00,307.5,-3.174,85.356,1069.350,-5.286
15782,02/16/26 02:10:53 AM,1.00,1.67,304.7,-3.737,86.926,1069.350,-5.601
15783,02/16/26 02:20:53 AM,1.00,1.67,303.2,-4.035,88.731,1069.350,-5.626
15784,02/16/26 02:30:53 AM,0.67,1.34,303.2,-4.029,88.737,1069.350,-5.619
15785,02/16/26 02:40:53 AM,0.33,1.00,303.2,-3.793,86.877,1069.350,-5.664
15786,02/16/26 02:50:53 AM,0.67,1.67,303.2,-4.075,87.797,1069.350,-5.804
15787,02/16/26 03:00:53 AM,1.00,1.34,303.2,-4.083,87.994,1069.350,-5.783
15788,02/16/26 03:10:53 AM,1.00,1.34,303.2,-4.027,87.817,1069.350,-5.754
15789,02/16/26 03:20:53 AM,0.67,1.34,308.9,-3.670,87.335,1069.350,-5.474
15790,02/16/26 03:30:53 AM,0.00,1.00,314.5,-3.147,85.844,1069.350,-5.185
15791,02/16/26 03:40:53 AM,0.00,0.00,314.5,-3.423,86.859,1069.350,-5.302
15792,02/16/26 03:50:53 AM,0.33,1.34,314.5,-3.683,88.075,1069.350,-5.376
15793,02/16/26 04:00:53 AM,0.33,1.34,310.3,-3.753,88.043,1069.350,-5.449
15794,02/16/26 04:10:53 AM,0.33,1.34,293.4,-4.268,89.660,1069.350,-5.720
15795,02/16/26 04:20:53 AM,0.33,1.34,293.4,-4.321,90.579,1069.350,-5.638
15796,02/16/26 04:30:53 AM,0.33,1.00,293.4,-4.265,88.443,1069.350,-5.896
15797,02/16/26 04:40:53 AM,0.33,1.34,289.2,-4.643,90.649,1069.350,-5.947
15798,02/16/26 04:50:53 AM,0.33,1.00,273.8,-4.622,90.459,1069.350,-5.954
15799,02/16/26 05:00:53 AM,0.00,0.00,273.8,-3.783,88.608,1069.350,-5.395
15800,02/16/26 05:10:53 AM,0.33,1.00,278.0,-3.895,87.648,1069.350,-5.649
15801,02/16/26 05:20:53 AM,0.33,1.00,294.8,-4.094,88.103,1069.350,-5.777
15802,02/16/26 05:30:53 AM,0.67,1.34,301.8,-4.072,88.119,1069.350,-5.753
15803,02/16/26 05:40:53 AM,0.33,1.00,355.2,-3.584,86.589,1069.350,-5.502
15804,02/16/26 05:50:53 AM,1.00,1.34,292.0,-4.917,89.841,1069.350,-6.335
15805,02/16/26 06:00:53 AM,0.00,1.00,342.6,-4.099,88.923,1069.350,-5.661
15806,02/16/26 06:10:53 AM,0.00,0.00,342.6,-4.110,88.086,1069.350,-5.795
15807,02/16/26 06:20:53 AM,0.00,0.00,336.9,-5.102,90.159,1069.350,-6.472
15808,02/16/26 06:30:53 AM,0.00,0.00,320.1,-5.153,93.152,1069.350,-6.097
15809,02/16/26 06:40:53 AM,0.00,0.00,320.1,-4.587,91.829,1069.350,-5.722
15810,02/16/26 06:50:53 AM,0.00,0.00,320.1,-4.649,90.869,1069.350,-5.921
15811,02/16/26 07:00:53 AM,0.67,1.34,313.1,-5.332,92.030,1069.350,-6.433
15812,02/16/26 07:10:53 AM,0.33,1.00,308.9,-5.254,92.592,1069.350,-6.276
15813,02/16/26 07:20:53 AM,0.00,0.00,308.9,-4.624,91.359,1069.350,-5.826
15814,02/16/26 07:30:53 AM,0.00,0.00,341.2,-5.233,91.591,1069.350,-6.397
15815,02/16/26 07:40:53 AM,0.00,0.00,355.2,-5.772,94.142,1069.350,-6.574
15816,02/16/26 07:50:53 AM,0.00,0.00,355.2,-5.737,94.620,1069.350,-6.474
15817,02/16/26 08:00:53 AM,0.67,1.67,18.3,-5.632,94.343,1069.350,-6.407
15818,02/16/26 08:10:53 AM,0.00,0.67,22.5,-5.989,95.080,1069.350,-6.661
15819,02/16/26 08:20:53 AM,0.33,1.34,7.0,-6.169,95.630,1069.350,-6.766
15820,02/16/26 08:30:53 AM,0.67,1.67,287.8,-6.230,95.644,1069.350,-6.825
15821,02/16/26 08:40:53 AM,0.67,1.34,307.5,-5.885,95.178,1069.350,-6.545
15822,02/16/26 08:50:53 AM,0.67,1.34,325.7,-5.842,94.923,1069.350,-6.537
15823,02/16/26 09:00:53 AM,0.33,1.67,324.3,-5.016,92.978,1069.350,-5.985
15824,02/16/26 09:10:53 AM,0.00,0.00,332.7,-3.646,89.346,1069.350,-5.150
15825,02/16/26 09:20:53 AM,0.00,0.00,332.7,-3.367,87.356,1069.350,-5.172
15826,02/16/26 09:30:53 AM,0.00,0.33,332.7,-2.193,84.926,1069.350,-4.388
15827,02/16/26 09:40:53 AM,0.00,1.34,352.4,-1.279,81.935,1069.350,-3.968
15828,02/16/26 09:50:53 AM,0.67,1.67,117.9,-1.086,82.606,1069.350,-3.670
15829,02/16/26 10:00:53 AM,1.00,2.00,117.9,-0.992,83.165,1069.350,-3.488
15830,02/16/26 10:10:53 AM,0.67,1.34,132.0,-0.442,83.160,1069.350,-2.950
15831,02/16/26 10:20:53 AM,1.34,2.00,130.6,-0.346,83.902,1069.350,-2.736
15832,02/16/26 10:30:53 AM,1.34,2.00,137.6,0.137,84.125,1069.350,-2.226
15833,02/16/26 10:40:53 AM,1.34,2.00,123.5,0.869,82.408,1069.350,-1.787
15834,02/16/26 10:50:53 AM,1.00,2.00,130.6,1.730,81.289,1069.350,-1.131
15835,02/16/26 11:00:53 AM,1.67,5.01,96.9,3.258,76.490,1069.350,-0.474
15836,02/16/26 11:10:53 AM,3.34,5.68,77.2,4.349,70.896,1069.350,-0.460
15837,02/16/26 11:20:53 AM,4.68,6.68,82.8,4.357,70.024,1069.350,-0.622
15838,02/16/26 11:30:53 AM,4.68,8.35,74.4,4.775,69.737,1069.350,-0.277
15839,02/16/26 11:40:53 AM,5.34,7.68,64.6,5.035,69.238,1069.350,-0.126
15840,02/16/26 11:50:53 AM,5.01,8.02,61.8,5.756,67.660,1069.350,0.247
15841,02/16/26 12:00:53 PM,6.01,8.35,57.6,5.577,66.793,1069.350,-0.102
15842,02/16/26 12:10:53 PM,6.01,8.68,56.2,6.049,65.832,1069.350,0.149
15843,02/16/26 12:20:53 PM,6.01,8.68,54.8,6.408,65.240,1069.350,0.367
15844,02/16/26 12:30:53 PM,5.68,8.35,57.6,7.051,65.246,1069.350,0.981
15845,02/16/26 12:40:53 PM,6.01,9.02,60.4,7.301,63.845,1069.350,0.917
15846,02/16/26 12:50:53 PM,5.01,8.35,71.6,8.212,58.848,1069.350,0.649
15847,02/16/26 01:00:53 PM,5.34,8.02,77.2,8.520,57.011,1069.350,0.500
15848,02/16/26 01:10:53 PM,5.01,8.35,70.2,8.821,56.083,1069.350,0.555
15849,02/16/26 01:20:53 PM,5.34,9.02,126.4,8.842,52.496,1069.350,-0.336
15850,02/16/26 01:30:53 PM,4.68,8.35,101.1,9.512,51.823,1069.350,0.108
15851,02/16/26 01:40:53 PM,5.01,7.35,102.5,9.153,52.425,1069.350,-0.066
15852,02/16/26 01:50:53 PM,6.01,8.68,105.3,8.432,53.596,1069.350,-0.432
15853,02/16/26 02:00:53 PM,5.68,8.68,112.3,8.772,52.760,1069.350,-0.332
15854,02/16/26 02:10:53 PM,5.34,8.02,103.9,8.995,52.023,1069.350,-0.318
15855,02/16/26 02:20:53 PM,5.34,8.68,109.5,9.255,48.162,1069.350,-1.133
15856,02/16/26 02:30:53 PM,4.68,7.35,98.3,9.585,48.800,1069.350,-0.650
15857,02/16/26 02:40:53 PM,5.01,8.02,98.3,9.335,49.874,1069.350,-0.582
15858,02/16/26 02:50:53 PM,4.34,6.68,113.7,8.912,52.387,1069.350,-0.299
15859,02/16/26 03:00:53 PM,4.34,7.01,112.3,9.156,52.576,1069.350,-0.023
15860,02/16/26 03:10:53 PM,5.01,7.35,103.9,8.917,53.954,1069.350,0.111
15861,02/16/26 03:20:53 PM,5.34,8.35,116.5,10.293,52.551,1069.350,1.025
15862,02/16/26 03:30:53 PM,5.01,7.68,103.9,10.483,51.499,1069.350,0.921
15863,02/16/26 03:40:53 PM,4.68,6.68,105.3,9.574,53.542,1069.350,0.616
15864,02/16/26 03:50:53 PM,4.34,6.35,120.7,8.920,53.692,1069.350,0.046
15865,02/16/26 04:00:53 PM,3.67,6.01,99.7,8.641,54.922,1069.350,0.098
15866,02/16/26 04:10:53 PM,4.01,6.01,95.5,8.451,54.275,1069.350,-0.242
15867,02/16/26 04:20:53 PM,3.34,5.01,99.7,8.381,55.001,1069.350,-0.125
15868,02/16/26 04:30:53 PM,3.34,5.34,99.7,8.523,55.340,1069.350,0.092
15869,02/16/26 04:40:53 PM,3.67,5.68,102.5,8.601,55.193,1069.350,0.129
15870,02/16/26 04:50:53 PM,3.34,6.01,115.1,8.660,55.775,1069.350,0.328
15871,02/16/26 05:00:53 PM,2.67,4.34,113.7,8.839,55.418,1069.350,0.407
15872,02/16/26 05:10:53 PM,3.01,5.01,105.3,8.577,55.160,1069.350,0.098
15873,02/16/26 05:20:53 PM,2.67,5.01,130.6,8.502,53.054,1069.350,-0.507
15874,02/16/26 05:30:53 PM,4.34,9.35,162.9,8.641,49.715,1069.350,-1.266
15875,02/16/26 05:40:53 PM,4.34,9.02,167.1,8.488,50.129,1069.350,-1.294
15876,02/16/26 05:50:53 PM,5.34,11.02,150.2,7.866,53.718,1069.350,-0.928
15877,02/16/26 06:00:53 PM,3.67,7.01,168.5,7.837,53.613,1069.350,-0.982
15878,02/16/26 06:10:53 PM,4.34,6.68,140.4,7.697,53.909,1069.350,-1.037
15879,02/16/26 06:20:53 PM,2.67,5.68,172.7,7.545,55.068,1069.350,-0.889
15880,02/16/26 06:30:53 PM,1.34,2.34,169.9,7.279,55.911,1069.350,-0.930
15881,02/16/26 06:40:53 PM,2.67,4.68,151.6,7.212,55.850,1069.350,-1.007
15882,02/16/26 06:50:53 PM,4.34,8.02,129.2,6.810,58.592,1069.350,-0.730
15883,02/16/26 07:00:53 PM,5.34,9.35,120.7,6.990,58.544,1069.350,-0.571
15884,02/16/26 07:10:53 PM,5.01,8.68,101.1,6.625,60.992,1069.350,-0.354
15885,02/16/26 07:20:53 PM,2.34,3.67,81.4,6.161,63.088,1069.350,-0.330
15886,02/16/26 07:30:53 PM,5.68,9.35,96.9,6.234,66.099,1069.350,0.382
15887,02/16/26 07:40:53 PM,5.68,9.68,119.3,5.901,69.609,1069.350,0.779
15888,02/16/26 07:50:53 PM,4.01,7.35,94.1,5.507,72.313,1069.350,0.928
15889,02/16/26 08:00:53 PM,3.34,8.68,132.0,5.759,71.273,1069.350,0.970
15890,02/16/26 08:10:53 PM,2.67,7.35,110.9,5.697,70.750,1069.350,0.808
15891,02/16/26 08:20:53 PM,4.34,9.02,130.6,6.145,68.254,1069.350,0.740
15892,02/16/26 08:30:53 PM,6.35,10.02,141.8,5.767,71.226,1069.350,0.968
15893,02/16/26 08:40:53 PM,6.68,10.69,147.4,5.118,76.612,1069.350,1.354
15894,02/16/26 08:50:53 PM,6.35,10.69,167.1,4.102,84.396,1069.350,1.711
15895,02/16/26 09:00:53 PM,4.01,7.68,178.3,3.427,89.226,1069.350,1.824
15896,02/16/26 09:10:53 PM,3.67,7.35,192.3,3.083,90.921,1069.350,1.746
15897,02/16/26 09:20:53 PM,1.67,3.34,213.4,2.778,92.587,1069.350,1.697
15898,02/16/26 09:30:53 PM,1.34,3.01,251.3,2.657,93.600,1069.350,1.729
15899,02/16/26 09:40:53 PM,1.00,1.67,306.1,2.486,94.936,1069.350,1.757
15900,02/16/26 09:50:53 PM,1.00,1.67,329.9,2.526,94.771,1069.350,1.772
15901,02/16/26 10:00:53 PM,1.00,1.34,2.8,2.432,95.409,1069.350,1.773
15902,02/16/26 10:10:53 PM,1.00,2.34,26.7,2.185,97.107,1069.350,1.773
15903,02/16/26 10:20:53 PM,1.34,2.00,50.5,2.169,96.881,1069.350,1.724
15904,02/16/26 10:30:53 PM,2.34,3.34,49.1,2.078,96.944,1069.350,1.642
15905,02/16/26 10:40:53 PM,2.34,3.67,44.9,2.006,97.453,1069.350,1.644
15906,02/16/26 10:50:53 PM,2.67,4.01,35.1,1.987,97.578,1069.350,1.643
15907,02/16/26 11:00:53 PM,2.67,4.01,33.7,1.987,97.945,1069.350,1.695
15908,02/16/26 11:10:53 PM,3.01,4.34,44.9,2.014,97.989,1069.350,1.728
15909,02/16/26 11:20:53 PM,3.34,4.68,47.7,2.049,98.070,1069.350,1.775
15910,02/16/26 11:30:53 PM,2.34,4.01,66.0,2.309,97.057,1069.350,1.889
15911,02/16/26 11:40:53 PM,3.01,5.34,77.2,2.408,96.481,1069.350,1.905
15912,02/16/26 11:50:53 PM,3.01,4.68,117.9,2.065,97.589,1069.350,1.722
15913,02/17/26 12:00:53 AM,3.34,6.68,117.9,1.716,97.527,1069.350,1.365
15914,02/17/26 12:10:53 AM,2.34,4.34,137.6,1.410,98.036,1069.350,1.131
15915,02/17/26 12:20:53 AM,1.34,2.34,124.9,1.067,98.959,1069.350,0.918
15916,02/17/26 12:30:53 AM,1.34,2.00,102.5,0.778,99.583,1069.350,0.716
15917,02/17/26 12:40:53 AM,1.00,2.00,81.4,0.614,99.879,1069.350,0.593
15918,02/17/26 12:50:53 AM,0.67,2.34,92.7,0.349,99.997,1069.350,0.344
15919,02/17/26 01:00:53 AM,0.00,0.67,84.2,0.188,99.997,1069.350,0.183
15920,02/17/26 01:10:53 AM,0.00,0.67,73.0,0.102,99.997,1069.350,0.097
15921,02/17/26 01:20:53 AM,0.00,0.00,88.4,0.137,99.997,1069.350,0.132
15922,02/17/26 01:30:53 AM,0.00,1.34,80.0,0.110,99.997,1069.350,0.105
15923,02/17/26 01:40:53 AM,0.67,1.34,25.3,0.118,99.997,1069.350,0.113
15924,02/17/26 01:50:53 AM,0.67,1.34,9.8,0.276,99.997,1069.350,0.271
15925,02/17/26 02:00:53 AM,0.00,0.67,75.8,0.620,99.997,1069.350,0.616
15926,02/17/26 02:10:53 AM,0.33,1.34,77.2,0.330,99.997,1069.350,0.325
15927,02/17/26 02:20:53 AM,0.33,2.00,120.7,0.292,99.997,1069.350,0.287
15928,02/17/26 02:30:53 AM,1.00,2.67,164.3,0.531,99.997,1069.350,0.526
15929,02/17/26 02:40:53 AM,1.00,1.67,176.9,0.684,99.603,1069.350,0.625
15930,02/17/26 02:50:53 AM,1.67,2.67,174.1,0.845,98.352,1069.350,0.611
15931,02/17/26 03:00:53 AM,2.67,4.68,185.3,0.850,98.114,1069.350,0.583
15932,02/17/26 03:10:53 AM,6.01,10.35,233.1,0.196,98.558,1069.350,-0.009
15933,02/17/26 03:20:53 AM,6.01,9.35,252.7,-0.343,99.989,1069.350,-0.350
15934,02/17/26 03:30:53 AM,6.35,10.69,259.7,-0.506,99.997,1069.350,-0.512
15935,02/17/26 03:40:53 AM,6.35,9.35,245.7,-0.614,99.823,1069.350,-0.644
15936,02/17/26 03:50:53 AM,6.35,9.68,238.7,-0.860,99.925,1069.350,-0.877
15937,02/17/26 04:00:53 AM,6.01,8.68,238.7,-0.981,99.725,1069.350,-1.025
15938,02/17/26 04:10:53 AM,7.35,11.35,238.7,-1.171,98.959,1069.350,-1.320
15939,02/17/26 04:20:53 AM,8.02,10.69,238.7,-1.547,97.746,1069.350,-1.864
15940,02/17/26 04:30:53 AM,7.68,11.02,238.7,-1.657,96.913,1069.350,-2.089
15941,02/17/26 04:40:53 AM,7.35,11.35,238.7,-1.793,97.140,1069.350,-2.194
15942,02/17/26 04:50:53 AM,7.68,10.69,238.7,-1.858,96.599,1069.350,-2.334
15943,02/17/26 05:00:53 AM,8.02,11.35,238.7,-1.922,96.553,1069.350,-2.404
15944,02/17/26 05:10:53 AM,7.01,10.02,238.7,-2.040,95.410,1069.350,-2.682
15945,02/17/26 05:20:53 AM,6.01,9.02,238.7,-2.195,95.276,1069.350,-2.855
15946,02/17/26 05:30:53 AM,6.01,8.68,238.7,-2.287,94.108,1069.350,-3.113
15947,02/17/26 05:40:53 AM,6.01,9.02,238.7,-2.332,94.226,1069.350,-3.141
15948,02/17/26 05:50:53 AM,5.68,9.02,238.7,-2.512,95.019,1069.350,-3.207
15949,02/17/26 06:00:53 AM,5.68,8.35,238.7,-2.863,95.015,1069.350,-3.557
15950,02/17/26 06:10:53 AM,6.35,9.68,238.7,-2.976,95.294,1069.350,-3.631
15951,02/17/26 06:20:53 AM,6.68,10.02,238.7,-3.040,96.039,1069.350,-3.591
15952,02/17/26 06:30:53 AM,7.01,10.35,238.7,-3.123,95.483,1069.350,-3.751
15953,02/17/26 06:40:53 AM,6.68,10.02,238.7,-3.190,94.817,1069.350,-3.911
15954,02/17/26 06:50:53 AM,6.01,9.68,238.7,-3.284,94.794,1069.350,-4.008
15955,02/17/26 07:00:53 AM,6.35,9.02,238.7,-3.364,94.679,1069.350,-4.103
15956,02/17/26 07:10:53 AM,6.68,9.68,238.7,-3.378,93.945,1069.350,-4.221
15957,02/17/26 07:20:53 AM,6.68,9.68,238.7,-3.421,93.016,1069.350,-4.395
15958,02/17/26 07:30:53 AM,6.35,9.35,238.7,-3.573,92.802,1069.350,-4.577
15959,02/17/26 07:40:53 AM,6.35,9.68,240.1,-3.659,93.118,1069.350,-4.617
15960,02/17/26 07:50:53 AM,6.35,9.02,265.3,-3.718,92.433,1069.350,-4.774
15961,02/17/26 08:00:53 AM,5.34,8.68,256.9,-3.826,93.062,1069.350,-4.791
15962,02/17/26 08:10:53 AM,5.34,8.02,256.9,-3.796,93.391,1069.350,-4.715
15963,02/17/26 08:20:53 AM,4.68,7.68,265.3,-3.930,93.346,1069.350,-4.854
15964,02/17/26 08:30:53 AM,4.01,6.35,269.6,-4.032,93.646,1069.350,-4.913
15965,02/17/26 08:40:53 AM,4.01,5.68,268.1,-4.126,93.931,1069.350,-4.967
15966,02/17/26 08:50:53 AM,3.67,5.34,276.6,-4.351,94.017,1069.350,-5.178
15967,02/17/26 09:00:53 AM,3.01,4.34,282.2,-4.464,93.611,1069.350,-5.348
15968,02/17/26 09:10:53 AM,2.67,4.01,278.0,-4.120,91.992,1069.350,-5.236
15969,02/17/26 09:20:53 AM,2.34,3.34,275.2,-3.804,91.589,1069.350,-4.980
15970,02/17/26 09:30:53 AM,1.67,2.67,279.4,-3.753,91.405,1069.350,-4.956
15971,02/17/26 09:40:53 AM,1.34,2.00,286.4,-3.906,91.272,1069.350,-5.127
15972,02/17/26 09:50:53 AM,1.67,3.01,301.8,-4.190,91.615,1069.350,-5.359
15973,02/17/26 10:00:53 AM,0.67,2.00,317.3,-4.126,90.842,1069.350,-5.407
15974,02/17/26 10:10:53 AM,0.00,1.00,341.2,-2.340,86.894,1069.350,-4.229
15975,02/17/26 10:20:53 AM,1.00,1.67,87.0,-1.464,83.836,1069.350,-3.844
15976,02/17/26 10:30:53 AM,0.67,1.34,84.2,-0.855,81.813,1069.350,-3.573
15977,02/17/26 10:40:53 AM,0.00,1.00,37.9,-0.206,77.357,1069.350,-3.687
15978,02/17/26 10:50:53 AM,0.33,1.34,329.9,-0.614,76.211,1069.350,-4.282
15979,02/17/26 11:00:53 AM,0.00,0.00,255.5,-0.131,76.237,1069.350,-3.809
15980,02/17/26 11:10:53 AM,0.00,0.00,231.6,0.309,75.370,1069.350,-3.534
15981,02/17/26 11:20:53 AM,0.00,0.00,223.2,-0.378,77.270,1069.350,-3.869
15982,02/17/26 11:30:53 AM,0.00,0.00,223.2,0.598,75.369,1069.350,-3.254
15983,02/17/26 11:40:53 AM,0.00,0.00,214.8,0.158,73.361,1069.350,-4.041
15984,02/17/26 11:50:53 AM,0.00,0.00,200.8,-0.619,71.820,1069.350,-5.072
15985,02/17/26 12:00:53 PM,0.00,0.00,198.0,-0.506,73.268,1069.350,-4.699
15986,02/17/26 12:10:53 PM,0.00,0.00,207.8,-0.957,76.384,1069.350,-4.585
15987,02/17/26 12:20:53 PM,0.00,0.00,202.2,-1.118,76.013,1069.350,-4.806
15988,02/17/26 12:30:53 PM,0.00,0.00,203.6,-0.828,74.795,1069.350,-4.738
15989,02/17/26 12:40:53 PM,0.00,0.00,185.3,-0.667,74.696,1069.350,-4.600
15990,02/17/26 12:50:53 PM,0.00,0.00,195.1,-0.077,72.323,1069.350,-4.457
15991,02/17/26 01:00:53 PM,0.00,0.00,185.3,-0.131,71.456,1069.350,-4.669
15992,02/17/26 01:10:53 PM,0.00,0.00,196.5,0.341,67.816,1069.350,-4.906
15993,02/17/26 01:20:53 PM,0.00,0.00,206.4,0.754,70.591,1069.350,-3.978
15994,02/17/26 01:30:53 PM,2.00,6.01,217.6,0.727,69.262,1069.350,-4.256
15995,02/17/26 01:40:53 PM,2.67,4.34,212.0,0.598,70.063,1069.350,-4.228
15996,02/17/26 01:50:53 PM,3.34,6.01,193.7,0.378,69.340,1069.350,-4.577
15997,02/17/26 02:00:53 PM,4.01,7.01,199.4,-0.037,69.929,1069.350,-4.864
15998,02/17/26 02:10:53 PM,4.01,6.01,206.4,-0.346,73.761,1069.350,-4.456
15999,02/17/26 02:20:53 PM,3.01,5.34,188.1,-0.356,75.259,1069.350,-4.199
16000,02/17/26 02:30:53 PM,4.01,6.35,186.7,-0.796,77.769,1069.350,-4.190
16001,02/17/26 02:40:53 PM,4.01,7.01,169.9,-0.474,78.151,1069.350,-3.812
16002,02/17/26 02:50:53 PM,3.67,6.01,185.3,-0.136,77.650,1069.350,-3.569
16003,02/17/26 03:00:53 PM,2.67,5.68,183.9,-0.145,76.625,1069.350,-3.755
16004,02/17/26 03:10:53 PM,1.34,3.67,181.1,0.220,73.577,1069.350,-3.942
16005,02/17/26 03:20:53 PM,2.34,3.34,165.7,0.070,73.196,1069.350,-4.156
16006,02/17/26 03:30:53 PM,0.67,3.01,196.5,0.301,73.736,1069.350,-3.835
16007,02/17/26 03:40:53 PM,1.34,2.67,165.7,0.145,72.523,1069.350,-4.206
16008,02/17/26 03:50:53 PM,1.67,2.67,169.9,0.027,73.373,1069.350,-4.165
16009,02/17/26 04:00:53 PM,3.67,6.01,176.9,-0.603,77.760,1069.350,-4.004
16010,02/17/26 04:10:53 PM,2.00,4.34,179.7,-1.206,83.693,1069.350,-3.613
16011,02/17/26 04:20:53 PM,0.33,1.00,172.7,-0.917,84.251,1069.350,-3.241
16012,02/17/26 04:30:53 PM,0.00,0.67,155.8,-0.783,84.921,1069.350,-3.003
16013,02/17/26 04:40:53 PM,1.67,4.01,39.3,-1.332,87.410,1069.350,-3.156
16014,02/17/26 04:50:53 PM,3.01,4.68,16.8,-1.590,89.268,1069.350,-3.129
16015,02/17/26 05:00:53 PM,3.34,4.68,16.8,-1.557,89.659,1069.350,-3.038
16016,02/17/26 05:10:53 PM,3.01,5.68,28.1,-1.297,87.994,1069.350,-3.032
16017,02/17/26 05:20:53 PM,2.67,5.01,42.1,-1.166,84.549,1069.350,-3.438
16018,02/17/26 05:30:53 PM,2.34,5.01,74.4,-0.986,83.421,1069.350,-3.441
16019,02/17/26 05:40:53 PM,2.67,5.01,46.3,-1.311,87.538,1069.350,-3.116
16020,02/17/26 05:50:53 PM,3.67,7.01,54.8,-1.568,88.325,1069.350,-3.250
16021,02/17/26 06:00:53 PM,4.68,6.68,47.7,-2.056,93.050,1069.350,-3.035
16022,02/17/26 06:10:53 PM,3.67,6.01,42.1,-2.212,94.067,1069.350,-3.044
16023,02/17/26 06:20:53 PM,3.34,5.01,49.1,-2.233,94.104,1069.350,-3.059
16024,02/17/26 06:30:53 PM,3.67,5.68,47.7,-2.289,94.015,1069.350,-3.128
16025,02/17/26 06:40:53 PM,3.34,5.01,61.8,-2.327,94.351,1069.350,-3.118
16026,02/17/26 06:50:53 PM,3.67,6.01,67.4,-2.348,94.884,1069.350,-3.063
16027,02/17/26 07:00:53 PM,4.01,6.35,68.8,-2.477,95.795,1069.350,-3.064
16028,02/17/26 07:10:53 PM,4.01,6.01,68.8,-2.514,95.744,1069.350,-3.108
16029,02/17/26 07:20:53 PM,4.68,7.68,68.8,-2.584,96.297,1069.350,-3.100
16030,02/17/26 07:30:53 PM,4.68,6.68,70.2,-2.635,96.655,1069.350,-3.101
16031,02/17/26 07:40:53 PM,5.01,8.02,64.6,-2.657,96.709,1069.350,-3.116
16032,02/17/26 07:50:53 PM,5.01,7.35,61.8,-2.657,96.045,1069.350,-3.208
16033,02/17/26 08:00:53 PM,4.68,7.01,67.4,-2.702,96.385,1069.350,-3.206
16034,02/17/26 08:10:53 PM,5.01,7.35,67.4,-2.710,96.674,1069.350,-3.173
16035,02/17/26 08:20:53 PM,5.01,8.35,59.0,-2.740,97.227,1069.350,-3.127
16036,02/17/26 08:30:53 PM,4.68,7.68,66.0,-2.758,97.578,1069.350,-3.097
16037,02/17/26 08:40:53 PM,4.68,7.68,60.4,-2.734,97.415,1069.350,-3.095
16038,02/17/26 08:50:53 PM,5.01,7.35,57.6,-2.724,97.337,1069.350,-3.096
16039,02/17/26 09:00:53 PM,4.34,8.68,56.2,-2.716,97.707,1069.350,-3.037
16040,02/17/26 09:10:53 PM,5.01,7.35,59.0,-2.699,97.839,1069.350,-3.002
16041,02/17/26 09:20:53 PM,4.68,8.02,61.8,-2.729,97.694,1069.350,-3.052
16042,02/17/26 09:30:53 PM,4.34,6.68,61.8,-2.769,98.082,1069.350,-3.038
16043,02/17/26 09:40:53 PM,4.01,6.35,66.0,-2.777,98.047,1069.350,-3.051
16044,02/17/26 09:50:53 PM,4.01,6.68,61.8,-2.809,97.832,1069.350,-3.113
16045,02/17/26 10:00:53 PM,3.34,5.68,64.6,-2.788,96.666,1069.350,-3.252
16046,02/17/26 10:10:53 PM,3.01,5.01,61.8,-2.801,96.672,1069.350,-3.264
16047,02/17/26 10:20:53 PM,3.01,5.01,70.2,-2.804,96.172,1069.350,-3.337
16048,02/17/26 10:30:53 PM,2.34,4.01,68.8,-2.791,96.078,1069.350,-3.337
16049,02/17/26 10:40:53 PM,2.00,4.01,59.0,-2.758,95.592,1069.350,-3.372
16050,02/17/26 10:50:53 PM,1.34,3.34,60.4,-2.716,95.166,1069.350,-3.390
16051,02/17/26 11:00:53 PM,1.00,2.67,61.8,-2.724,95.186,1069.350,-3.395
16052,02/17/26 11:10:53 PM,2.67,5.01,78.6,-2.576,93.616,1069.350,-3.470
16053,02/17/26 11:20:53 PM,1.34,2.67,70.2,-2.603,93.610,1069.350,-3.498
16054,02/17/26 11:30:53 PM,2.67,4.34,50.5,-2.544,92.699,1069.350,-3.570
16055,02/17/26 11:40:53 PM,2.34,3.67,70.2,-2.512,93.275,1069.350,-3.455
16056,02/17/26 11:50:53 PM,2.67,4.68,61.8,-2.555,93.945,1069.350,-3.402
16057,02/18/26 12:00:53 AM,3.01,4.68,49.1,-2.678,95.665,1069.350,-3.282
16058,02/18/26 12:10:53 AM,3.67,5.68,56.2,-2.817,98.526,1069.350,-3.026
16059,02/18/26 12:20:53 AM,4.01,6.01,51.9,-2.868,99.423,1069.350,-2.955
16060,02/18/26 12:30:53 AM,2.67,4.68,53.3,-2.887,99.910,1069.350,-2.909
16061,02/18/26 12:40:53 AM,3.67,5.01,40.7,-2.909,99.921,1069.350,-2.929
16062,02/18/26 12:50:53 AM,3.01,5.34,44.9,-2.930,99.992,1069.350,-2.941
16063,02/18/26 01:00:53 AM,3.34,4.68,44.9,-2.938,99.997,1069.350,-2.948
16064,02/18/26 01:10:53 AM,3.67,5.01,42.1,-2.919,99.997,1069.350,-2.929
16065,02/18/26 01:20:53 AM,3.34,5.34,57.6,-2.922,99.997,1069.350,-2.932
16066,02/18/26 01:30:53 AM,3.01,4.68,53.3,-2.922,99.997,1069.350,-2.932
16067,02/18/26 01:40:53 AM,2.67,4.34,46.3,-2.876,99.997,1069.350,-2.886
16068,02/18/26 01:50:53 AM,2.67,4.34,37.9,-2.860,99.997,1069.350,-2.870
16069,02/18/26 02:00:53 AM,2.67,4.01,42.1,-2.866,99.997,1069.350,-2.876
16070,02/18/26 02:10:53 AM,2.34,3.67,42.1,-2.844,99.997,1069.350,-2.854
16071,02/18/26 02:20:53 AM,2.67,4.01,54.8,-2.823,99.997,1069.350,-2.833
16072,02/18/26 02:30:53 AM,2.67,5.01,56.2,-2.828,99.997,1069.350,-2.838
16073,02/18/26 02:40:53 AM,2.34,4.34,59.0,-2.809,99.997,1069.350,-2.819
16074,02/18/26 02:50:53 AM,2.00,3.34,66.0,-2.796,99.997,1069.350,-2.806
16075,02/18/26 03:00:53 AM,1.00,2.34,89.9,-2.758,99.997,1069.350,-2.768
16076,02/18/26 03:10:53 AM,1.00,2.00,71.6,-2.748,99.997,1069.350,-2.758
16077,02/18/26 03:20:53 AM,0.67,1.67,80.0,-2.758,99.997,1069.350,-2.768
16078,02/18/26 03:30:53 AM,0.67,1.00,80.0,-2.807,99.997,1069.350,-2.817
16079,02/18/26 03:40:53 AM,0.00,0.00,80.0,-2.847,99.997,1069.350,-2.857
16080,02/18/26 03:50:53 AM,0.33,1.67,116.5,-2.836,99.997,1069.350,-2.846
16081,02/18/26 04:00:53 AM,2.00,5.68,217.6,-2.823,99.997,1069.350,-2.833
16082,02/18/26 04:10:53 AM,2.00,3.34,228.8,-2.863,99.997,1069.350,-2.873
16083,02/18/26 04:20:53 AM,1.67,3.01,258.3,-3.112,99.997,1069.350,-3.122
16084,02/18/26 04:30:53 AM,1.67,2.34,271.0,-3.244,99.997,1069.350,-3.255
16085,02/18/26 04:40:53 AM,1.34,2.00,276.6,-3.380,99.997,1069.350,-3.391
16086,02/18/26 04:50:53 AM,1.00,1.34,283.6,-3.573,99.997,1069.350,-3.584
16087,02/18/26 05:00:53 AM,0.67,1.00,273.8,-3.732,99.997,1069.350,-3.743
16088,02/18/26 05:10:53 AM,1.00,2.00,313.1,-3.740,99.997,1069.350,-3.751
16089,02/18/26 05:20:53 AM,1.67,2.34,283.6,-3.643,99.997,1069.350,-3.654
16090,02/18/26 05:30:53 AM,1.00,2.34,287.8,-3.799,99.997,1069.350,-3.810
16091,02/18/26 05:40:53 AM,2.34,3.67,283.6,-4.096,99.997,1069.350,-4.108
16092,02/18/26 05:50:53 AM,2.00,3.01,261.1,-4.654,99.939,1069.350,-4.675
16093,02/18/26 06:00:53 AM,2.34,3.34,272.4,-5.035,99.890,1069.350,-5.063
16094,02/18/26 06:10:53 AM,1.34,2.67,241.5,-5.375,99.730,1069.350,-5.424
16095,02/18/26 06:20:53 AM,1.67,2.34,241.5,-5.453,99.829,1069.350,-5.489
16096,02/18/26 06:30:53 AM,2.00,3.34,262.5,-5.155,99.881,1069.350,-5.184
16097,02/18/26 06:40:53 AM,3.01,5.34,278.0,-4.635,99.997,1069.350,-4.648
16098,02/18/26 06:50:53 AM,4.34,6.35,266.7,-4.616,99.597,1069.350,-4.682
16099,02/18/26 07:00:53 AM,4.01,6.35,271.0,-5.069,99.268,1069.350,-5.179
16100,02/18/26 07:10:53 AM,3.67,5.01,261.1,-5.563,99.039,1069.350,-5.704
16101,02/18/26 07:20:53 AM,3.01,5.01,265.3,-6.083,98.871,1069.350,-6.246
16102,02/18/26 07:30:53 AM,3.01,4.34,272.4,-6.281,98.804,1069.350,-6.453
16103,02/18/26 07:40:53 AM,3.01,4.34,271.0,-6.348,98.662,1069.350,-6.539
16104,02/18/26 07:50:53 AM,3.01,5.01,285.0,-6.343,98.643,1069.350,-6.536
16105,02/18/26 08:00:53 AM,3.67,6.35,275.2,-6.134,98.605,1069.350,-6.332
16106,02/18/26 08:10:53 AM,3.67,5.01,273.8,-6.359,98.485,1069.350,-6.573
16107,02/18/26 08:20:53 AM,3.67,5.34,276.6,-6.592,98.625,1069.350,-6.788
16108,02/18/26 08:30:53 AM,5.01,7.35,273.8,-6.322,98.593,1069.350,-6.522
16109,02/18/26 08:40:53 AM,4.01,6.68,285.0,-6.539,98.447,1069.350,-6.758
16110,02/18/26 08:50:53 AM,4.68,6.35,271.0,-6.439,98.611,1069.350,-6.636
16111,02/18/26 09:00:53 AM,5.01,7.68,268.1,-6.348,98.459,1069.350,-6.565
16112,02/18/26 09:10:53 AM,5.34,6.68,269.6,-6.383,98.447,1069.350,-6.602
16113,02/18/26 09:20:53 AM,4.68,6.35,271.0,-6.437,98.369,1069.350,-6.666
16114,02/18/26 09:30:53 AM,4.34,6.01,275.2,-6.480,98.329,1069.350,-6.715
16115,02/18/26 09:40:53 AM,5.01,7.68,280.8,-6.370,98.189,1069.350,-6.623
16116,02/18/26 09:50:53 AM,4.34,6.35,272.4,-6.539,98.099,1069.350,-6.804
16117,02/18/26 10:00:53 AM,4.34,6.01,272.4,-6.426,97.996,1069.350,-6.705
16118,02/18/26 10:10:53 AM,4.34,6.35,272.4,-6.083,97.823,1069.350,-6.385
16119,02/18/26 10:20:53 AM,4.01,5.68,275.2,-5.590,97.676,1069.350,-5.912
16120,02/18/26 10:30:53 AM,4.68,7.35,266.7,-5.279,97.217,1069.350,-5.663
16121,02/18/26 10:40:53 AM,5.68,8.02,259.7,-5.010,96.518,1069.350,-5.489
16122,02/18/26 10:50:53 AM,5.68,8.35,268.1,-4.954,95.396,1069.350,-5.587
16123,02/18/26 11:00:53 AM,4.68,7.01,276.6,-4.560,94.119,1069.350,-5.372
16124,02/18/26 11:10:53 AM,5.34,8.68,282.2,-4.311,91.446,1069.350,-5.503
16125,02/18/26 11:20:53 AM,5.34,8.02,273.8,-4.008,88.443,1069.350,-5.642
16126,02/18/26 11:30:53 AM,6.01,9.68,273.8,-3.968,87.530,1069.350,-5.738
16127,02/18/26 11:40:53 AM,5.68,9.02,271.0,-3.952,87.474,1069.350,-5.731
16128,02/18/26 11:50:53 AM,5.68,8.68,276.6,-3.809,86.552,1069.350,-5.729
16129,02/18/26 12:00:53 PM,5.68,8.68,276.6,-3.547,84.933,1069.350,-5.718
16130,02/18/26 12:10:53 PM,5.68,8.68,280.8,-3.799,84.622,1069.350,-6.014
16131,02/18/26 12:20:53 PM,5.68,9.02,279.4,-3.890,85.174,1069.350,-6.019
16132,02/18/26 12:30:53 PM,6.68,10.02,280.8,-3.807,85.135,1069.350,-5.943
16133,02/18/26 12:40:53 PM,7.35,10.35,273.8,-3.863,85.615,1069.350,-5.925
16134,02/18/26 12:50:53 PM,7.35,10.69,272.4,-3.737,85.058,1069.350,-5.886
16135,02/18/26 01:00:53 PM,7.35,10.69,278.0,-3.635,82.824,1069.350,-6.134
16136,02/18/26 01:10:53 PM,7.35,11.02,276.6,-3.531,82.779,1069.350,-6.039
16137,02/18/26 01:20:53 PM,7.35,10.35,272.4,-3.458,83.816,1069.350,-5.805
16138,02/18/26 01:30:53 PM,6.01,10.02,275.2,-3.651,84.703,1069.350,-5.856
16139,02/18/26 01:40:53 PM,6.68,9.35,275.2,-3.649,84.825,1069.350,-5.835
16140,02/18/26 01:50:53 PM,7.35,11.69,273.8,-3.582,84.283,1069.350,-5.854
16141,02/18/26 02:00:53 PM,6.68,10.69,279.4,-3.276,83.201,1069.350,-5.722
16142,02/18/26 02:10:53 PM,7.01,10.69,276.6,-3.134,85.081,1069.350,-5.290
16143,02/18/26 02:20:53 PM,8.02,11.35,275.2,-3.584,83.709,1069.350,-5.945
16144,02/18/26 02:30:53 PM,7.35,10.69,272.4,-3.517,82.855,1069.350,-6.013
16145,02/18/26 02:40:53 PM,6.68,11.02,261.1,-3.434,82.811,1069.350,-5.939
16146,02/18/26 02:50:53 PM,7.68,12.02,259.7,-3.858,84.306,1069.350,-6.121
16147,02/18/26 03:00:53 PM,7.35,12.02,262.5,-3.670,83.070,1069.350,-6.130
16148,02/18/26 03:10:53 PM,7.68,11.02,265.3,-3.949,84.903,1069.350,-6.118
16149,02/18/26 03:20:53 PM,7.35,11.69,269.6,-3.884,85.373,1069.350,-5.982
16150,02/18/26 03:30:53 PM,8.02,11.69,266.7,-3.667,85.350,1069.350,-5.772
16151,02/18/26 03:40:53 PM,8.02,12.02,269.6,-3.651,85.783,1069.350,-5.690
16152,02/18/26 03:50:53 PM,8.02,11.69,266.7,-3.796,86.494,1069.350,-5.725
16153,02/18/26 04:00:53 PM,7.68,10.69,266.7,-3.844,87.939,1069.350,-5.555
16154,02/18/26 04:10:53 PM,7.68,10.69,265.3,-3.952,88.957,1069.350,-5.510
16155,02/18/26 04:20:53 PM,7.68,11.69,269.6,-3.380,86.076,1069.350,-5.379
16156,02/18/26 04:30:53 PM,7.35,11.35,269.6,-3.927,87.131,1069.350,-5.758
16157,02/18/26 04:40:53 PM,7.68,11.35,271.0,-3.788,87.156,1069.350,-5.617
16158,02/18/26 04:50:53 PM,8.02,12.36,271.0,-3.541,86.102,1069.350,-5.533
16159,02/18/26 05:00:53 PM,8.35,12.69,268.1,-3.871,85.727,1069.350,-5.915
16160,02/18/26 05:10:53 PM,8.02,12.36,268.1,-4.292,87.214,1069.350,-6.105
16161,02/18/26 05:20:53 PM,8.68,12.02,273.8,-3.852,85.696,1069.350,-5.901
16162,02/18/26 05:30:53 PM,8.68,12.36,272.4,-4.088,83.885,1069.350,-6.412
16163,02/18/26 05:40:53 PM,8.35,12.02,273.8,-4.533,86.360,1069.350,-6.471
16164,02/18/26 05:50:53 PM,8.35,11.35,275.2,-4.348,85.374,1069.350,-6.439
16165,02/18/26 06:00:53 PM,7.35,11.35,273.8,-4.603,85.325,1069.350,-6.697
16166,02/18/26 06:10:53 PM,8.02,12.02,271.0,-4.804,85.737,1069.350,-6.832
16167,02/18/26 06:20:53 PM,7.01,10.69,278.0,-5.375,88.447,1069.350,-6.991
16168,02/18/26 06:30:53 PM,6.68,9.02,285.0,-5.525,88.879,1069.350,-7.077
16169,02/18/26 06:40:53 PM,5.68,8.35,287.8,-5.493,87.016,1069.350,-7.319
16170,02/18/26 06:50:53 PM,6.68,10.02,285.0,-5.536,85.496,1069.350,-7.589
16171,02/18/26 07:00:53 PM,6.35,9.02,296.2,-5.780,85.934,1069.350,-7.763
16172,02/18/26 07:10:53 PM,6.35,8.68,296.2,-5.893,86.751,1069.350,-7.753
16173,02/18/26 07:20:53 PM,6.01,9.35,292.0,-5.973,86.363,1069.350,-7.889
16174,02/18/26 07:30:53 PM,5.01,6.68,293.4,-6.179,86.363,1069.350,-8.092
16175,02/18/26 07:40:53 PM,4.34,6.35,293.4,-6.308,86.152,1069.350,-8.251
16176,02/18/26 07:50:53 PM,3.67,5.34,289.2,-6.313,86.184,1069.350,-8.251
16177,02/18/26 08:00:53 PM,3.01,4.34,279.4,-6.182,86.625,1069.350,-8.056
16178,02/18/26 08:10:53 PM,2.67,4.01,263.9,-6.005,87.857,1069.350,-7.700
16179,02/18/26 08:20:53 PM,4.01,5.34,259.7,-5.984,88.786,1069.350,-7.544
16180,02/18/26 08:30:53 PM,3.67,5.68,251.3,-6.330,90.849,1069.350,-7.590
16181,02/18/26 08:40:53 PM,3.67,5.34,252.7,-6.338,92.181,1069.350,-7.410
16182,02/18/26 08:50:53 PM,4.01,5.34,259.7,-6.287,92.908,1069.350,-7.258
16183,02/18/26 09:00:53 PM,3.67,5.34,263.9,-6.343,93.262,1069.350,-7.264
16184,02/18/26 09:10:53 PM,3.34,5.34,261.1,-6.531,93.051,1069.350,-7.480
16185,02/18/26 09:20:53 PM,4.01,5.68,266.7,-6.490,92.691,1069.350,-7.489
16186,02/18/26 09:30:53 PM,3.67,5.34,263.9,-6.429,93.115,1069.350,-7.370
16187,02/18/26 09:40:53 PM,3.01,4.34,259.7,-6.418,93.645,1069.350,-7.286
16188,02/18/26 09:50:53 PM,2.34,4.01,259.7,-6.946,93.591,1069.350,-7.818
16189,02/18/26 10:00:53 PM,2.34,3.34,261.1,-7.536,93.664,1069.350,-8.395
16190,02/18/26 10:10:53 PM,2.34,3.01,278.0,-8.284,93.916,1069.350,-9.104
16191,02/18/26 10:20:53 PM,2.34,3.01,286.4,-8.386,94.427,1069.350,-9.137
16192,02/18/26 10:30:53 PM,2.34,3.67,276.6,-8.635,93.750,1069.350,-9.476
16193,02/18/26 10:40:53 PM,2.67,3.67,272.4,-8.909,94.119,1069.350,-9.698
16194,02/18/26 10:50:53 PM,3.01,3.67,268.1,-9.037,94.099,1069.350,-9.828
16195,02/18/26 11:00:53 PM,2.34,3.34,263.9,-8.818,93.883,1069.350,-9.640
16196,02/18/26 11:10:53 PM,2.34,3.34,258.3,-9.287,93.573,1069.350,-10.148
16197,02/18/26 11:20:53 PM,3.01,4.01,244.3,-9.493,94.220,1069.350,-10.266
16198,02/18/26 11:30:53 PM,2.67,3.67,241.5,-9.692,93.797,1069.350,-10.521
16199,02/18/26 11:40:53 PM,2.34,3.34,259.7,-9.868,93.750,1069.350,-10.702
16200,02/18/26 11:50:53 PM,2.67,3.34,269.6,-10.273,94.247,1069.350,-11.038
16201,02/19/26 12:00:53 AM,2.67,3.67,273.8,-9.868,94.377,1069.350,-10.618
16202,02/19/26 12:10:53 AM,3.01,4.34,272.4,-9.490,93.571,1069.350,-10.350
16203,02/19/26 12:20:53 AM,2.67,3.67,282.2,-9.209,92.618,1069.350,-10.200
16204,02/19/26 12:30:53 AM,2.00,3.01,290.6,-9.630,91.846,1069.350,-10.723
16205,02/19/26 12:40:53 AM,2.34,3.01,292.0,-10.201,93.304,1069.350,-11.093
16206,02/19/26 12:50:53 AM,2.00,3.01,294.8,-9.901,92.856,1069.350,-10.855
16207,02/19/26 01:00:53 AM,2.00,3.34,244.3,-10.815,92.724,1069.350,-11.781
16208,02/19/26 01:10:53 AM,2.00,2.67,240.1,-11.973,93.272,1069.350,-12.858
16209,02/19/26 01:20:53 AM,1.67,2.67,280.8,-12.292,93.564,1069.350,-13.137
16210,02/19/26 01:30:53 AM,2.34,3.34,301.8,-11.029,95.560,1069.350,-11.619
16211,02/19/26 01:40:53 AM,2.67,3.67,315.9,-10.153,93.610,1069.350,-11.004
16212,02/19/26 01:50:53 AM,2.67,4.34,320.1,-10.083,93.283,1069.350,-10.978
16213,02/19/26 02:00:53 AM,2.34,3.67,324.3,-11.035,93.249,1069.350,-11.929
16214,02/19/26 02:10:53 AM,1.67,2.34,313.1,-11.678,93.550,1069.350,-12.528
16215,02/19/26 02:20:53 AM,1.34,2.34,293.4,-11.587,93.921,1069.350,-12.389
16216,02/19/26 02:30:53 AM,1.34,2.00,286.4,-11.627,93.771,1069.350,-12.448
16217,02/19/26 02:40:53 AM,1.34,2.00,266.7,-11.895,93.930,1069.350,-12.694
16218,02/19/26 02:50:53 AM,1.67,2.67,248.5,-11.941,93.584,1069.350,-12.785
16219,02/19/26 03:00:53 AM,1.34,2.34,272.4,-13.094,93.309,1069.350,-13.968
16220,02/19/26 03:10:53 AM,1.67,2.34,290.6,-13.718,94.479,1069.350,-14.437
16221,02/19/26 03:20:53 AM,1.67,2.00,286.4,-13.925,94.003,1069.350,-14.704
16222,02/19/26 03:30:53 AM,1.67,2.34,287.8,-13.209,95.610,1069.350,-13.785
16223,02/19/26 03:40:53 AM,1.34,2.00,320.1,-12.016,95.750,1069.350,-12.578
16224,02/19/26 03:50:53 AM,1.34,2.00,320.1,-10.866,95.354,1069.350,-11.483
16225,02/19/26 04:00:53 AM,1.34,1.67,282.2,-11.080,93.246,1069.350,-11.974
16226,02/19/26 04:10:53 AM,1.67,2.34,280.8,-11.429,94.475,1069.350,-12.159
16227,02/19/26 04:20:53 AM,2.00,2.67,287.8,-11.314,94.694,1069.350,-12.016
16228,02/19/26 04:30:53 AM,1.34,2.00,294.8,-12.185,92.345,1069.350,-13.192
16229,02/19/26 04:40:53 AM,1.34,2.00,268.1,-12.536,95.721,1069.350,-13.100
16230,02/19/26 04:50:53 AM,1.67,2.34,266.7,-12.389,94.411,1069.350,-13.123
16231,02/19/26 05:00:53 AM,1.67,2.34,290.6,-13.024,95.224,1069.350,-13.650
16232,02/19/26 05:10:53 AM,1.67,2.34,308.9,-11.686,95.813,1069.350,-12.241
16233,02/19/26 05:20:53 AM,1.00,2.00,278.0,-11.713,94.473,1069.350,-12.442
16234,02/19/26 05:30:53 AM,1.67,3.01,294.8,-11.330,95.235,1069.350,-11.961
16235,02/19/26 05:40:53 AM,1.67,2.67,262.5,-11.110,93.991,1069.350,-11.905
16236,02/19/26 05:50:53 AM,1.67,2.34,258.3,-11.201,94.356,1069.350,-11.948
16237,02/19/26 06:00:53 AM,1.67,2.34,251.3,-11.458,93.474,1069.350,-12.320
16238,02/19/26 06:10:53 AM,1.67,2.00,276.6,-11.608,94.284,1069.350,-12.362
16239,02/19/26 06:20:53 AM,1.67,2.34,279.4,-11.458,93.570,1069.350,-12.307
16240,02/19/26 06:30:53 AM,2.00,2.67,280.8,-11.665,92.918,1069.350,-12.599
16241,02/19/26 06:40:53 AM,1.34,2.67,292.0,-11.397,92.442,1069.350,-12.396
16242,02/19/26 06:50:53 AM,1.00,2.00,213.4,-12.973,92.667,1069.350,-13.932
16243,02/19/26 07:00:53 AM,0.33,1.67,290.6,-12.421,94.878,1069.350,-13.094
16244,02/19/26 07:10:53 AM,0.33,2.00,304.7,-13.193,93.251,1069.350,-14.074
16245,02/19/26 07:20:53 AM,1.00,2.67,297.6,-13.378,93.606,1069.350,-14.211
16246,02/19/26 07:30:53 AM,0.67,1.34,299.0,-13.362,93.931,1069.350,-14.153
16247,02/19/26 07:40:53 AM,1.34,2.00,297.6,-13.994,91.629,1069.350,-15.082
16248,02/19/26 07:50:53 AM,1.34,2.00,297.6,-14.351,94.040,1069.350,-15.123
16249,02/19/26 08:00:53 AM,1.67,2.34,301.8,-14.088,91.936,1069.350,-15.135
16250,02/19/26 08:10:53 AM,1.00,2.00,304.7,-14.265,91.559,1069.350,-15.360
16251,02/19/26 08:20:53 AM,1.34,2.00,294.8,-14.421,91.765,1069.350,-15.488
16252,02/19/26 08:30:53 AM,1.67,2.67,290.6,-14.249,92.091,1069.350,-15.274
16253,02/19/26 08:40:53 AM,1.67,2.67,318.7,-13.812,91.057,1069.350,-14.977
16254,02/19/26 08:50:53 AM,0.33,1.34,11.2,-13.622,89.944,1069.350,-14.937
16255,02/19/26 09:00:53 AM,0.67,1.00,115.1,-13.571,90.097,1069.350,-14.866
16256,02/19/26 09:10:53 AM,0.33,0.67,150.2,-12.560,89.093,1069.350,-14.002
16257,02/19/26 09:20:53 AM,0.00,0.00,158.6,-11.555,86.368,1069.350,-13.389
16258,02/19/26 09:30:53 AM,0.00,0.33,158.6,-11.029,85.719,1069.350,-12.964
16259,02/19/26 09:40:53 AM,0.00,0.33,158.6,-10.531,85.335,1069.350,-12.529
16260,02/19/26 09:50:53 AM,0.33,1.34,162.9,-10.359,87.008,1069.350,-12.119
16261,02/19/26 10:00:53 AM,0.00,0.33,182.5,-9.517,85.104,1069.350,-11.565
16262,02/19/26 10:10:53 AM,0.00,0.67,182.5,-9.059,82.629,1069.350,-11.482
16263,02/19/26 10:20:53 AM,0.00,0.67,182.5,-9.161,83.412,1069.350,-11.465
16264,02/19/26 10:30:53 AM,0.00,1.34,167.1,-8.750,83.345,1069.350,-11.072
16265,02/19/26 10:40:53 AM,0.33,1.00,110.9,-8.750,82.829,1069.350,-11.149
16266,02/19/26 10:50:53 AM,0.33,1.00,119.3,-7.885,81.128,1069.350,-10.562
16267,02/19/26 11:00:53 AM,0.33,1.00,110.9,-7.204,80.339,1069.350,-10.019
16268,02/19/26 11:10:53 AM,0.67,1.67,112.3,-7.236,80.848,1069.350,-9.970
16269,02/19/26 11:20:53 AM,0.67,1.67,115.1,-6.710,79.548,1069.350,-9.662
16270,02/19/26 11:30:53 AM,1.67,2.67,57.6,-6.737,78.535,1069.350,-9.850
16271,02/19/26 11:40:53 AM,1.34,2.67,63.2,-6.185,76.817,1069.350,-9.593
16272,02/19/26 11:50:53 AM,1.34,2.67,87.0,-5.579,75.140,1069.350,-9.284
16273,02/19/26 12:00:53 PM,2.00,3.67,99.7,-5.145,74.241,1069.350,-9.017
16274,02/19/26 12:10:53 PM,2.34,4.01,87.0,-4.563,71.687,1069.350,-8.900
16275,02/19/26 12:20:53 PM,2.67,4.34,60.4,-4.622,69.346,1069.350,-9.380
16276,02/19/26 12:30:53 PM,2.67,4.01,57.6,-4.421,69.610,1069.350,-9.138
16277,02/19/26 12:40:53 PM,2.67,4.01,61.8,-3.879,69.711,1069.350,-8.598
16278,02/19/26 12:50:53 PM,3.67,5.34,46.3,-4.171,67.927,1069.350,-9.209
16279,02/19/26 01:00:53 PM,3.34,5.01,61.8,-3.922,69.191,1069.350,-8.735
16280,02/19/26 01:10:53 PM,3.34,4.34,59.0,-4.045,71.714,1069.350,-8.396
16281,02/19/26 01:20:53 PM,3.34,5.34,60.4,-3.380,71.983,1069.350,-7.706
16282,02/19/26 01:30:53 PM,3.34,5.34,60.4,-3.533,72.644,1069.350,-7.736
16283,02/19/26 01:40:53 PM,3.34,5.34,57.6,-3.187,72.480,1069.350,-7.431
16284,02/19/26 01:50:53 PM,3.34,5.01,63.2,-2.694,71.234,1069.350,-7.179
16285,02/19/26 02:00:53 PM,3.34,5.01,60.4,-2.630,71.928,1069.350,-6.992
16286,02/19/26 02:10:53 PM,3.67,5.34,64.6,-1.868,69.915,1069.350,-6.627
16287,02/19/26 02:20:53 PM,3.67,5.34,60.4,-2.327,71.012,1069.350,-6.866
16288,02/19/26 02:30:53 PM,3.67,5.68,60.4,-2.630,72.396,1069.350,-6.908
16289,02/19/26 02:40:53 PM,4.01,6.01,64.6,-1.590,69.593,1069.350,-6.420
16290,02/19/26 02:50:53 PM,4.34,6.68,59.0,-1.903,69.723,1069.350,-6.696
16291,02/19/26 03:00:53 PM,4.01,5.68,54.8,-2.697,71.760,1069.350,-7.087
16292,02/19/26 03:10:53 PM,4.68,7.35,56.2,-1.917,70.095,1069.350,-6.640
16293,02/19/26 03:20:53 PM,4.68,7.01,56.2,-2.474,70.686,1069.350,-7.068
16294,02/19/26 03:30:53 PM,5.01,7.35,56.2,-2.579,71.305,1069.350,-7.056
16295,02/19/26 03:40:53 PM,5.01,8.02,57.6,-1.761,69.180,1069.350,-6.661
16296,02/19/26 03:50:53 PM,5.01,8.35,56.2,-2.171,69.169,1069.350,-7.057
16297,02/19/26 04:00:53 PM,5.01,7.01,60.4,-2.742,70.564,1069.350,-7.348
16298,02/19/26 04:10:53 PM,4.34,6.68,56.2,-3.056,71.267,1069.350,-7.522
16299,02/19/26 04:20:53 PM,4.01,6.01,59.0,-3.166,72.142,1069.350,-7.471
16300,02/19/26 04:30:53 PM,3.67,5.34,53.3,-3.166,72.590,1069.350,-7.391
16301,02/19/26 04:40:53 PM,4.34,6.01,53.3,-3.187,71.385,1069.350,-7.627
16302,02/19/26 04:50:53 PM,3.67,5.68,51.9,-3.027,72.164,1069.350,-7.333
16303,02/19/26 05:00:53 PM,3.67,5.68,60.4,-2.847,70.185,1069.350,-7.519
16304,02/19/26 05:10:53 PM,3.67,6.01,47.7,-2.480,69.015,1069.350,-7.383
16305,02/19/26 05:20:53 PM,4.01,6.01,53.3,-2.053,68.367,1069.350,-7.095
16306,02/19/26 05:30:53 PM,4.01,5.68,82.8,-1.858,66.116,1069.350,-7.342
16307,02/19/26 05:40:53 PM,3.67,5.68,82.8,-1.525,63.946,1069.350,-7.455
16308,02/19/26 05:50:53 PM,3.67,5.68,80.0,-1.397,62.905,1069.350,-7.545
16309,02/19/26 06:00:53 PM,4.34,5.68,77.2,-1.694,64.390,1069.350,-7.527
16310,02/19/26 06:10:53 PM,3.67,6.35,71.6,-1.640,64.385,1069.350,-7.476
16311,02/19/26 06:20:53 PM,3.67,5.68,81.4,-1.868,63.784,1069.350,-7.814
16312,02/19/26 06:30:53 PM,3.34,5.34,70.2,-2.445,66.053,1069.350,-7.915
16313,02/19/26 06:40:53 PM,2.34,4.68,59.0,-2.823,68.743,1069.350,-7.763
16314,02/19/26 06:50:53 PM,3.34,4.68,50.5,-3.665,71.102,1069.350,-8.139
16315,02/19/26 07:00:53 PM,3.34,5.01,61.8,-4.539,73.596,1069.350,-8.541
16316,02/19/26 07:10:53 PM,3.01,4.68,67.4,-5.204,75.869,1069.350,-8.797
16317,02/19/26 07:20:53 PM,2.00,3.34,49.1,-6.035,78.053,1069.350,-9.244
16318,02/19/26 07:30:53 PM,2.00,3.34,36.5,-6.641,78.463,1069.350,-9.768
16319,02/19/26 07:40:53 PM,2.00,4.01,37.9,-6.965,78.561,1069.350,-10.068
16320,02/19/26 07:50:53 PM,2.67,4.34,32.3,-6.823,77.214,1069.350,-10.148
16321,02/19/26 08:00:53 PM,1.34,2.00,85.6,-7.689,80.116,1069.350,-10.528
16322,02/19/26 08:10:53 PM,1.34,3.01,81.4,-7.638,79.507,1069.350,-10.574
16323,02/19/26 08:20:53 PM,1.34,2.34,87.0,-8.032,80.841,1069.350,-10.750
16324,02/19/26 08:30:53 PM,1.67,2.67,66.0,-7.868,79.028,1069.350,-10.874
16325,02/19/26 08:40:53 PM,0.67,2.00,54.8,-7.965,78.985,1069.350,-10.976
16326,02/19/26 08:50:53 PM,0.67,1.34,94.1,-8.273,80.015,1069.350,-11.114
16327,02/19/26 09:00:53 PM,0.00,0.33,85.6,-8.343,80.192,1069.350,-11.155
16328,02/19/26 09:10:53 PM,0.00,0.00,109.5,-8.507,80.900,1069.350,-11.206
16329,02/19/26 09:20:53 PM,1.34,1.67,247.1,-9.480,84.636,1069.350,-11.597
16330,02/19/26 09:30:53 PM,1.34,1.67,254.1,-9.922,86.159,1069.350,-11.810
16331,02/19/26 09:40:53 PM,1.34,2.00,261.1,-9.818,85.754,1069.350,-11.766
16332,02/19/26 09:50:53 PM,1.00,1.67,280.8,-10.198,87.465,1069.350,-11.895
16333,02/19/26 10:00:53 PM,1.00,1.34,283.6,-9.981,86.754,1069.350,-11.783
16334,02/19/26 10:10:53 PM,1.34,1.67,285.0,-10.678,87.979,1069.350,-12.296
16335,02/19/26 10:20:53 PM,1.00,1.67,296.2,-10.579,88.602,1069.350,-12.111
16336,02/19/26 10:30:53 PM,1.00,1.67,296.2,-10.008,86.509,1069.350,-11.844
16337,02/19/26 10:40:53 PM,1.34,1.67,297.6,-10.608,87.762,1069.350,-12.258
16338,02/19/26 10:50:53 PM,1.34,2.00,301.8,-10.622,87.950,1069.350,-12.245
16339,02/19/26 11:00:53 PM,1.34,2.00,300.4,-10.579,87.750,1069.350,-12.231
16340,02/19/26 11:10:53 PM,1.34,1.67,294.8,-10.394,87.324,1069.350,-12.109
16341,02/19/26 11:20:53 PM,1.67,2.00,293.4,-10.204,87.121,1069.350,-11.950
16342,02/19/26 11:30:53 PM,1.67,2.34,297.6,-9.927,86.596,1069.350,-11.752
16343,02/19/26 11:40:53 PM,1.67,2.67,313.1,-9.922,86.430,1069.350,-11.771
16344,02/19/26 11:50:53 PM,1.34,2.34,315.9,-10.131,86.511,1069.350,-11.965
16345,02/20/26 12:00:53 AM,2.00,3.01,320.1,-9.785,85.470,1069.350,-11.775
16346,02/20/26 12:10:53 AM,2.00,3.01,321.5,-9.667,85.615,1069.350,-11.638
16347,02/20/26 12:20:53 AM,2.00,3.01,322.9,-9.305,85.084,1069.350,-11.359
16348,02/20/26 12:30:53 AM,0.67,1.34,310.3,-9.330,85.882,1069.350,-11.267
16349,02/20/26 12:40:53 AM,1.00,2.00,306.1,-9.356,85.173,1069.350,-11.396
16350,02/20/26 12:50:53 AM,1.34,2.34,294.8,-9.750,85.289,1069.350,-11.767
16351,02/20/26 01:00:53 AM,1.67,2.67,301.8,-10.169,85.805,1069.350,-12.104
16352,02/20/26 01:10:53 AM,1.67,2.67,324.3,-10.659,86.889,1069.350,-12.432
16353,02/20/26 01:20:53 AM,1.34,2.67,290.6,-10.359,85.690,1069.350,-12.308
16354,02/20/26 01:30:53 AM,0.33,1.00,293.4,-10.788,86.381,1069.350,-12.632
16355,02/20/26 01:40:53 AM,0.00,0.00,290.6,-10.823,86.639,1069.350,-12.629
16356,02/20/26 01:50:53 AM,1.34,1.67,21.1,-11.295,89.895,1069.350,-12.640
16357,02/20/26 02:00:53 AM,1.00,2.00,339.7,-11.110,88.136,1069.350,-12.701
16358,02/20/26 02:10:53 AM,1.34,2.34,278.0,-11.327,88.354,1069.350,-12.885
16359,02/20/26 02:20:53 AM,2.00,3.67,297.6,-11.933,89.541,1069.350,-13.320
16360,02/20/26 02:30:53 AM,2.67,4.01,307.5,-11.587,87.234,1069.350,-13.299
16361,02/20/26 02:40:53 AM,2.34,3.34,293.4,-11.402,85.780,1069.350,-13.322
16362,02/20/26 02:50:53 AM,2.00,3.01,282.2,-11.874,86.847,1069.350,-13.636
16363,02/20/26 03:00:53 AM,1.67,2.34,276.6,-12.297,87.984,1069.350,-13.895
16364,02/20/26 03:10:53 AM,2.00,2.67,286.4,-12.721,89.244,1069.350,-14.141
16365,02/20/26 03:20:53 AM,1.67,2.67,285.0,-12.086,87.764,1069.350,-13.717
16366,02/20/26 03:30:53 AM,1.34,2.34,276.6,-11.820,87.140,1069.350,-13.542
16367,02/20/26 03:40:53 AM,1.67,2.67,263.9,-11.544,86.909,1069.350,-13.302
16368,02/20/26 03:50:53 AM,1.67,3.01,258.3,-11.115,85.071,1069.350,-13.142
16369,02/20/26 04:00:53 AM,1.67,2.67,271.0,-12.078,87.765,1069.350,-13.709
16370,02/20/26 04:10:53 AM,1.67,3.01,285.0,-11.314,87.247,1069.350,-13.027
16371,02/20/26 04:20:53 AM,1.67,2.67,259.7,-10.624,85.301,1069.350,-12.625
16372,02/20/26 04:30:53 AM,1.67,2.67,262.5,-11.533,88.199,1069.350,-13.110
16373,02/20/26 04:40:53 AM,2.34,4.68,279.4,-10.204,85.556,1069.350,-12.175
16374,02/20/26 04:50:53 AM,2.00,3.67,258.3,-9.547,82.716,1069.350,-11.948
16375,02/20/26 05:00:53 AM,1.34,3.67,262.5,-9.590,84.179,1069.350,-11.772
16376,02/20/26 05:10:53 AM,1.34,2.00,265.3,-10.244,87.199,1069.350,-11.978
16377,02/20/26 05:20:53 AM,2.00,4.01,282.2,-9.788,85.394,1069.350,-11.789
16378,02/20/26 05:30:53 AM,1.67,3.34,272.4,-9.147,82.158,1069.350,-11.640
16379,02/20/26 05:40:53 AM,1.67,2.67,255.5,-9.244,83.638,1069.350,-11.513
16380,02/20/26 05:50:53 AM,1.67,2.67,258.3,-9.407,83.864,1069.350,-11.639
16381,02/20/26 06:00:53 AM,2.34,4.01,283.6,-9.536,84.338,1069.350,-11.696
16382,02/20/26 06:10:53 AM,2.34,3.67,254.1,-9.327,84.929,1069.350,-11.403
16383,02/20/26 06:20:53 AM,2.34,5.68,272.4,-9.126,83.688,1069.350,-11.389
16384,02/20/26 06:30:53 AM,3.01,5.34,313.1,-8.807,82.072,1069.350,-11.320
16385,02/20/26 06:40:53 AM,2.34,4.34,263.9,-9.080,83.835,1069.350,-11.322
16386,02/20/26 06:50:53 AM,3.34,5.68,314.5,-8.898,82.098,1069.350,-11.405
16387,02/20/26 07:00:53 AM,2.67,4.68,248.5,-9.533,84.343,1069.350,-11.692
16388,02/20/26 07:10:53 AM,2.34,4.34,240.1,-9.501,85.284,1069.350,-11.522
16389,02/20/26 07:20:53 AM,2.34,3.01,233.1,-9.474,85.531,1069.350,-11.460
16390,02/20/26 07:30:53 AM,2.00,3.01,244.3,-9.461,86.937,1069.350,-11.244
16391,02/20/26 07:40:53 AM,2.34,3.34,237.3,-9.112,87.526,1069.350,-10.815
16392,02/20/26 07:50:53 AM,1.67,3.01,265.3,-8.850,87.773,1069.350,-10.521
16393,02/20/26 08:00:53 AM,1.00,2.34,286.4,-8.836,89.955,1069.350,-10.198
16394,02/20/26 08:10:53 AM,1.34,2.67,266.7,-9.437,89.277,1069.350,-10.888
16395,02/20/26 08:20:53 AM,1.34,2.00,240.1,-9.818,90.500,1069.350,-11.094
16396,02/20/26 08:30:53 AM,0.67,1.67,251.3,-10.340,90.014,1069.350,-11.678
16397,02/20/26 08:40:53 AM,1.00,2.00,283.6,-10.493,90.205,1069.350,-11.804
16398,02/20/26 08:50:53 AM,1.34,3.01,318.7,-10.324,89.093,1069.350,-11.791
16399,02/20/26 09:00:53 AM,1.00,3.01,296.2,-10.088,89.038,1069.350,-11.565
16400,02/20/26 09:10:53 AM,1.67,3.01,299.0,-9.555,87.279,1069.350,-11.287
16401,02/20/26 09:20:53 AM,1.67,2.34,292.0,-8.898,87.205,1069.350,-10.650
16402,02/20/26 09:30:53 AM,2.00,3.34,294.8,-8.606,87.352,1069.350,-10.340
16403,02/20/26 09:40:53 AM,2.00,3.34,307.5,-7.809,87.163,1069.350,-9.582
16404,02/20/26 09:50:53 AM,1.67,2.67,290.6,-7.198,86.909,1069.350,-9.016
16405,02/20/26 10:00:53 AM,2.00,3.34,278.0,-7.056,88.290,1069.350,-8.675
16406,02/20/26 10:10:53 AM,1.67,3.34,285.0,-6.431,88.301,1069.350,-8.056
16407,02/20/26 10:20:53 AM,2.67,4.01,285.0,-5.796,88.305,1069.350,-7.428
16408,02/20/26 10:30:53 AM,2.67,3.67,279.4,-5.281,87.518,1069.350,-7.036
16409,02/20/26 10:40:53 AM,3.34,5.34,271.0,-4.946,88.754,1069.350,-6.523
16410,02/20/26 10:50:53 AM,4.01,5.34,268.1,-4.957,88.981,1069.350,-6.500
16411,02/20/26 11:00:53 AM,3.67,5.68,265.3,-4.962,89.030,1069.350,-6.498
16412,02/20/26 11:10:53 AM,4.01,5.68,271.0,-4.657,87.680,1069.350,-6.396
16413,02/20/26 11:20:53 AM,3.34,5.34,263.9,-4.067,86.099,1069.350,-6.052
16414,02/20/26 11:30:53 AM,4.34,6.68,266.7,-4.078,85.022,1069.350,-6.227
16415,02/20/26 11:40:53 AM,4.34,6.35,268.1,-4.043,84.392,1069.350,-6.290
16416,02/20/26 11:50:53 AM,4.01,6.01,271.0,-3.753,82.856,1069.350,-6.245
16417,02/20/26 12:00:53 PM,4.34,6.68,259.7,-3.327,80.735,1069.350,-6.166
16418,02/20/26 12:10:53 PM,4.34,7.68,265.3,-3.694,80.453,1069.350,-6.570
16419,02/20/26 12:20:53 PM,4.01,5.68,259.7,-2.764,77.958,1069.350,-6.074
16420,02/20/26 12:30:53 PM,4.34,6.68,251.3,-2.791,77.440,1069.350,-6.187
16421,02/20/26 12:40:53 PM,4.34,7.01,262.5,-2.303,74.383,1069.350,-6.239
16422,02/20/26 12:50:53 PM,4.68,8.02,262.5,-2.262,73.698,1069.350,-6.320
16423,02/20/26 01:00:53 PM,4.68,7.01,259.7,-2.544,74.861,1069.350,-6.389
16424,02/20/26 01:10:53 PM,4.68,6.68,262.5,-3.308,77.607,1069.350,-6.662
16425,02/20/26 01:20:53 PM,5.01,7.68,275.2,-3.675,77.229,1069.350,-7.083
16426,02/20/26 01:30:53 PM,4.01,6.68,289.2,-3.477,77.551,1069.350,-6.836
16427,02/20/26 01:40:53 PM,4.68,6.68,271.0,-3.338,77.467,1069.350,-6.715
16428,02/20/26 01:50:53 PM,5.01,7.35,272.4,-3.123,76.115,1069.350,-6.735
16429,02/20/26 02:00:53 PM,5.01,7.68,282.2,-3.241,75.874,1069.350,-6.891
16430,02/20/26 02:10:53 PM,4.68,7.35,276.6,-3.699,77.339,1069.350,-7.088
16431,02/20/26 02:20:53 PM,4.01,6.35,262.5,-3.120,75.106,1069.350,-6.905
16432,02/20/26 02:30:53 PM,5.34,9.02,268.1,-1.898,68.441,1069.350,-6.932
16433,02/20/26 02:40:53 PM,5.34,9.02,271.0,-1.761,66.824,1069.350,-7.111
16434,02/20/26 02:50:53 PM,5.34,8.02,275.2,-1.850,65.191,1069.350,-7.516
16435,02/20/26 03:00:53 PM,5.01,7.35,285.0,-2.169,67.912,1069.350,-7.293
16436,02/20/26 03:10:53 PM,4.68,7.01,279.4,-3.005,71.792,1069.350,-7.378
16437,02/20/26 03:20:53 PM,4.68,7.35,272.4,-2.868,70.266,1069.350,-7.524
16438,02/20/26 03:30:53 PM,5.34,8.68,265.3,-1.611,63.256,1069.350,-7.677
16439,02/20/26 03:40:53 PM,6.01,8.68,266.7,-1.761,63.290,1069.350,-7.813
16440,02/20/26 03:50:53 PM,6.01,8.35,263.9,-1.874,65.624,1069.350,-7.453
16441,02/20/26 04:00:53 PM,6.01,9.02,263.9,-1.852,64.852,1069.350,-7.585
16442,02/20/26 04:10:53 PM,5.68,8.35,271.0,-1.847,63.436,1069.350,-7.865
16443,02/20/26 04:20:53 PM,6.35,8.68,275.2,-1.893,60.888,1069.350,-8.435
16444,02/20/26 04:30:53 PM,6.01,9.35,275.2,-1.898,59.513,1069.350,-8.731
16445,02/20/26 04:40:53 PM,5.01,8.02,276.6,-2.748,62.612,1069.350,-8.889
16446,02/20/26 04:50:53 PM,5.34,8.02,285.0,-2.096,61.036,1069.350,-8.596
16447,02/20/26 05:00:53 PM,5.01,7.35,287.8,-1.627,59.832,1069.350,-8.407
16448,02/20/26 05:10:53 PM,5.01,7.35,294.8,-1.442,60.359,1069.350,-8.120
16449,02/20/26 05:20:53 PM,5.34,9.02,278.0,-1.514,61.321,1069.350,-7.985
16450,02/20/26 05:30:53 PM,5.34,7.35,278.0,-2.110,63.616,1069.350,-8.079
16451,02/20/26 05:40:53 PM,5.01,7.68,276.6,-2.951,65.832,1069.350,-8.441
16452,02/20/26 05:50:53 PM,5.01,7.68,279.4,-2.812,65.319,1069.350,-8.409
16453,02/20/26 06:00:53 PM,4.34,8.02,272.4,-2.040,62.809,1069.350,-8.176
16454,02/20/26 06:10:53 PM,3.67,5.68,286.4,-2.136,63.822,1069.350,-8.062
16455,02/20/26 06:20:53 PM,4.01,6.01,287.8,-2.654,64.761,1069.350,-8.368
16456,02/20/26 06:30:53 PM,4.34,6.35,289.2,-2.724,65.113,1069.350,-8.365
16457,02/20/26 06:40:53 PM,3.67,6.35,292.0,-3.230,66.322,1069.350,-8.613
16458,02/20/26 06:50:53 PM,3.34,5.01,289.2,-3.295,66.825,1069.350,-8.579
16459,02/20/26 07:00:53 PM,3.01,5.34,296.2,-3.673,68.466,1069.350,-8.631
16460,02/20/26 07:10:53 PM,2.67,3.67,314.5,-4.772,73.039,1069.350,-8.864
16461,02/20/26 07:20:53 PM,2.34,3.34,313.1,-5.316,75.804,1069.350,-8.917
16462,02/20/26 07:30:53 PM,2.67,4.01,311.7,-5.598,77.258,1069.350,-8.949
16463,02/20/26 07:40:53 PM,3.01,3.34,311.7,-6.308,79.016,1069.350,-9.354
16464,02/20/26 07:50:53 PM,2.34,3.34,321.5,-7.051,80.685,1069.350,-9.815
16465,02/20/26 08:00:53 PM,1.00,2.00,262.5,-7.858,82.586,1069.350,-10.311
16466,02/20/26 08:10:53 PM,1.34,2.00,249.9,-8.533,84.620,1069.350,-10.668
16467,02/20/26 08:20:53 PM,1.00,1.34,272.4,-9.300,86.329,1069.350,-11.173
16468,02/20/26 08:30:53 PM,1.00,1.34,279.4,-8.914,85.650,1069.350,-10.891
16469,02/20/26 08:40:53 PM,1.00,1.34,306.1,-8.764,84.668,1069.350,-10.888
16470,02/20/26 08:50:53 PM,1.67,2.00,286.4,-9.153,84.686,1069.350,-11.268
16471,02/20/26 09:00:53 PM,1.67,2.34,280.8,-9.745,86.517,1069.350,-11.584
16472,02/20/26 09:10:53 PM,1.67,2.34,289.2,-9.887,87.454,1069.350,-11.590
16473,02/20/26 09:20:53 PM,1.34,2.00,289.2,-9.981,88.226,1069.350,-11.573
16474,02/20/26 09:30:53 PM,1.34,2.00,283.6,-9.807,87.591,1069.350,-11.491
16475,02/20/26 09:40:53 PM,1.34,1.67,292.0,-9.954,87.768,1069.350,-11.611
16476,02/20/26 09:50:53 PM,1.34,2.00,306.1,-10.107,88.440,1069.350,-11.668
16477,02/20/26 10:00:53 PM,1.34,2.34,308.9,-9.949,88.721,1069.350,-11.472
16478,02/20/26 10:10:53 PM,1.34,1.67,299.0,-10.134,89.152,1069.350,-11.594
16479,02/20/26 10:20:53 PM,0.00,0.33,308.9,-10.332,89.895,1069.350,-11.687
16480,02/20/26 10:30:53 PM,0.33,1.34,308.9,-10.415,89.465,1069.350,-11.829
16481,02/20/26 10:40:53 PM,1.34,1.67,299.0,-10.673,88.792,1069.350,-12.178
16482,02/20/26 10:50:53 PM,1.34,2.34,241.5,-11.284,88.760,1069.350,-12.786
16483,02/20/26 11:00:53 PM,1.00,1.67,261.1,-12.115,91.788,1069.350,-13.196
16484,02/20/26 11:10:53 PM,1.00,1.67,285.0,-11.871,92.169,1069.350,-12.903
16485,02/20/26 11:20:53 PM,1.34,2.34,283.6,-11.142,89.786,1069.350,-12.504
16486,02/20/26 11:30:53 PM,2.00,2.67,286.4,-11.541,90.027,1069.350,-12.866
16487,02/20/26 11:40:53 PM,2.00,2.67,278.0,-12.037,89.754,1069.350,-13.394
16488,02/20/26 11:50:53 PM,1.67,2.34,286.4,-11.818,91.569,1069.350,-12.931
16489,02/21/26 12:00:53 AM,1.67,2.00,259.7,-11.445,88.621,1069.350,-12.965
16490,02/21/26 12:10:53 AM,1.34,2.34,272.4,-12.174,90.034,1069.350,-13.492
16491,02/21/26 12:20:53 AM,1.34,2.34,304.7,-11.651,90.684,1069.350,-12.885
16492,02/21/26 12:30:53 AM,2.00,2.67,307.5,-10.651,88.127,1069.350,-12.249
16493,02/21/26 12:40:53 AM,1.67,3.34,307.5,-10.590,89.241,1069.350,-12.033
16494,02/21/26 12:50:53 AM,1.67,2.67,259.7,-10.255,87.112,1069.350,-12.002
16495,02/21/26 01:00:53 AM,1.67,2.67,271.0,-11.027,87.892,1069.350,-12.653
16496,02/21/26 01:10:53 AM,1.34,2.67,276.6,-10.737,87.839,1069.350,-12.374
16497,02/21/26 01:20:53 AM,1.00,2.34,280.8,-11.000,87.755,1069.350,-12.646
16498,02/21/26 01:30:53 AM,0.33,1.67,293.4,-10.885,87.533,1069.350,-12.564
16499,02/21/26 01:40:53 AM,0.33,1.00,296.2,-11.091,87.596,1069.350,-12.758
16500,02/21/26 01:50:53 AM,0.00,0.00,296.2,-11.338,89.784,1069.350,-12.698
16501,02/21/26 02:00:53 AM,0.33,1.34,296.2,-10.968,88.922,1069.350,-12.451
16502,02/21/26 02:10:53 AM,1.34,2.00,294.8,-11.123,88.345,1069.350,-12.685
16503,02/21/26 02:20:53 AM,1.00,1.67,294.8,-11.027,88.444,1069.350,-12.576
16504,02/21/26 02:30:53 AM,0.67,1.00,294.8,-10.815,88.408,1069.350,-12.372
16505,02/21/26 02:40:53 AM,0.33,1.00,294.8,-10.844,88.540,1069.350,-12.382
16506,02/21/26 02:50:53 AM,0.33,1.34,294.8,-10.925,88.977,1069.350,-12.401
16507,02/21/26 03:00:53 AM,1.00,1.34,296.2,-11.067,88.617,1069.350,-12.591
16508,02/21/26 03:10:53 AM,0.67,1.34,297.6,-11.174,88.270,1069.350,-12.746
16509,02/21/26 03:20:53 AM,0.33,1.34,317.3,-11.233,88.803,1069.350,-12.730
16510,02/21/26 03:30:53 AM,0.00,0.67,14.0,-11.464,90.278,1069.350,-12.755
16511,02/21/26 03:40:53 AM,0.00,0.67,14.0,-11.587,91.196,1069.350,-12.752
16512,02/21/26 03:50:53 AM,0.33,0.67,14.0,-11.729,92.381,1069.350,-12.734
16513,02/21/26 04:00:53 AM,0.00,1.00,14.0,-11.198,92.169,1069.350,-12.235
16514,02/21/26 04:10:53 AM,0.00,0.67,14.0,-11.198,92.064,1069.350,-12.249
16515,02/21/26 04:20:53 AM,0.00,1.00,8.4,-11.809,92.853,1069.350,-12.751
16516,02/21/26 04:30:53 AM,0.00,0.67,310.3,-12.230,92.914,1069.350,-13.161
16517,02/21/26 04:40:53 AM,0.00,0.00,324.3,-12.201,93.089,1069.350,-13.109
16518,02/21/26 04:50:53 AM,0.00,0.00,324.3,-12.346,92.050,1069.350,-13.391
16519,02/21/26 05:00:53 AM,0.67,1.34,308.9,-12.600,92.100,1069.350,-13.636
16520,02/21/26 05:10:53 AM,1.34,1.67,294.8,-12.938,91.963,1069.350,-13.990
16521,02/21/26 05:20:53 AM,0.67,1.00,296.2,-12.742,93.587,1069.350,-13.581
16522,02/21/26 05:30:53 AM,0.67,1.34,296.2,-12.490,91.592,1069.350,-13.595
16523,02/21/26 05:40:53 AM,1.00,1.34,297.6,-13.021,92.345,1069.350,-14.022
16524,02/21/26 05:50:53 AM,0.67,1.00,348.2,-11.927,91.733,1069.350,-13.017
16525,02/21/26 06:00:53 AM,0.33,1.00,36.5,-12.547,90.286,1069.350,-13.827
16526,02/21/26 06:10:53 AM,0.00,0.00,342.6,-13.008,92.277,1069.350,-14.018
16527,02/21/26 06:20:53 AM,0.00,0.33,321.5,-13.067,92.171,1069.350,-14.090
16528,02/21/26 06:30:53 AM,0.67,1.34,263.9,-13.019,91.768,1069.350,-14.096
16529,02/21/26 06:40:53 AM,0.00,0.33,263.9,-12.818,92.299,1069.350,-13.826
16530,02/21/26 06:50:53 AM,0.00,0.67,263.9,-12.029,91.670,1069.350,-13.127
16531,02/21/26 07:00:53 AM,0.67,1.67,269.6,-11.978,89.996,1069.350,-13.303
16532,02/21/26 07:10:53 AM,0.67,1.67,290.6,-12.785,92.889,1069.350,-13.716
16533,02/21/26 07:20:53 AM,0.67,1.34,290.6,-12.206,91.661,1069.350,-13.304
16534,02/21/26 07:30:53 AM,0.67,1.00,297.6,-12.206,91.756,1069.350,-13.291
16535,02/21/26 07:40:53 AM,0.33,1.00,313.1,-11.616,90.898,1069.350,-12.821
16536,02/21/26 07:50:53 AM,0.00,0.00,313.1,-12.238,91.415,1069.350,-13.368
16537,02/21/26 08:00:53 AM,0.00,0.00,313.1,-12.751,91.482,1069.350,-13.868
16538,02/21/26 08:10:53 AM,0.33,1.00,313.1,-13.405,92.123,1069.350,-14.432
16539,02/21/26 08:20:53 AM,0.67,1.00,313.1,-13.000,94.098,1069.350,-13.771
16540,02/21/26 08:30:53 AM,0.00,1.00,313.1,-12.308,93.872,1069.350,-13.112
16541,02/21/26 08:40:53 AM,0.00,0.00,313.1,-11.683,93.344,1069.350,-12.560
16542,02/21/26 08:50:53 AM,0.00,0.00,313.1,-11.595,89.471,1069.350,-12.995
16543,02/21/26 09:00:53 AM,0.00,0.00,313.1,-11.734,89.389,1069.350,-13.144
16544,02/21/26 09:10:53 AM,0.00,0.00,313.1,-10.201,87.958,1069.350,-11.828
16545,02/21/26 09:20:53 AM,0.00,0.00,313.1,-8.807,84.318,1069.350,-10.982
16546,02/21/26 09:30:53 AM,0.33,1.00,292.0,-8.565,83.542,1069.350,-10.860
16547,02/21/26 09:40:53 AM,0.00,0.67,262.5,-7.868,81.527,1069.350,-10.484
16548,02/21/26 09:50:53 AM,0.33,1.34,234.5,-7.665,80.478,1069.350,-10.448
16549,02/21/26 10:00:53 AM,0.00,0.67,214.8,-6.716,77.908,1069.350,-9.931
16550,02/21/26 10:10:53 AM,0.33,1.00,203.6,-6.276,76.518,1069.350,-9.731
16551,02/21/26 10:20:53 AM,1.00,1.67,134.8,-6.187,77.470,1069.350,-9.487
16552,02/21/26 10:30:53 AM,1.00,2.00,119.3,-5.823,76.353,1069.350,-9.318
16553,02/21/26 10:40:53 AM,1.34,2.34,132.0,-5.804,76.980,1069.350,-9.195
16554,02/21/26 10:50:53 AM,0.67,2.00,129.2,-4.783,73.475,1069.350,-8.799
16555,02/21/26 11:00:53 AM,1.34,2.34,116.5,-4.340,72.233,1069.350,-8.588
16556,02/21/26 11:10:53 AM,1.67,3.34,120.7,-4.134,73.396,1069.350,-8.184
16557,02/21/26 11:20:53 AM,1.67,3.01,120.7,-3.815,73.745,1069.350,-7.815
16558,02/21/26 11:30:53 AM,2.00,3.34,109.5,-2.557,72.493,1069.350,-6.820
16559,02/21/26 11:40:53 AM,2.67,5.68,99.7,-2.067,69.717,1069.350,-6.855
16560,02/21/26 11:50:53 AM,3.67,6.01,82.8,-1.158,65.788,1069.350,-6.737
16561,02/21/26 12:00:53 PM,5.01,7.01,73.0,-1.000,65.666,1069.350,-6.611
16562,02/21/26 12:10:53 PM,4.68,7.01,70.2,-0.640,66.404,1069.350,-6.121
16563,02/21/26 12:20:53 PM,5.01,7.35,64.6,-0.447,66.767,1069.350,-5.865
16564,02/21/26 12:30:53 PM,5.01,8.02,61.8,-0.249,67.138,1069.350,-5.603
16565,02/21/26 12:40:53 PM,5.34,7.35,63.2,0.057,66.886,1069.350,-5.360
16566,02/21/26 12:50:53 PM,5.01,7.01,61.8,0.496,67.002,1069.350,-4.917
16567,02/21/26 01:00:53 PM,5.34,7.68,61.8,1.027,64.524,1069.350,-4.908
16568,02/21/26 01:10:53 PM,5.34,7.68,67.4,1.786,61.608,1069.350,-4.797
16569,02/21/26 01:20:53 PM,6.35,9.35,70.2,1.885,59.115,1069.350,-5.249
16570,02/21/26 01:30:53 PM,5.68,9.02,66.0,2.070,59.072,1069.350,-5.084
16571,02/21/26 01:40:53 PM,6.35,9.35,68.8,1.982,57.983,1069.350,-5.412
16572,02/21/26 01:50:53 PM,6.01,10.35,61.8,1.928,59.664,1069.350,-5.086
16573,02/21/26 02:00:53 PM,6.01,9.35,64.6,2.113,59.045,1069.350,-5.049
16574,02/21/26 02:10:53 PM,6.68,10.02,60.4,2.110,58.819,1069.350,-5.103
16575,02/21/26 02:20:53 PM,6.68,10.35,61.8,2.153,58.471,1069.350,-5.140
16576,02/21/26 02:30:53 PM,6.35,9.35,67.4,2.518,58.041,1069.350,-4.894
16577,02/21/26 02:40:53 PM,6.01,8.68,71.6,2.271,58.215,1069.350,-5.087
16578,02/21/26 02:50:53 PM,5.68,8.68,82.8,2.322,57.343,1069.350,-5.238
16579,02/21/26 03:00:53 PM,5.34,8.02,80.0,2.700,57.406,1069.350,-4.868
16580,02/21/26 03:10:53 PM,5.01,7.35,87.0,2.657,57.008,1069.350,-5.001
16581,02/21/26 03:20:53 PM,5.34,8.02,74.4,2.622,55.998,1069.350,-5.269
16582,02/21/26 03:30:53 PM,5.34,8.02,80.0,2.604,57.775,1069.350,-4.874
16583,02/21/26 03:40:53 PM,5.01,7.68,85.6,3.193,57.340,1069.350,-4.420
16584,02/21/26 03:50:53 PM,5.34,8.02,96.9,2.810,57.783,1069.350,-4.678
16585,02/21/26 04:00:53 PM,5.68,8.02,91.3,2.378,58.778,1069.350,-4.859
16586,02/21/26 04:10:53 PM,5.01,7.35,92.7,2.362,60.204,1069.350,-4.557
16587,02/21/26 04:20:53 PM,5.34,7.35,88.4,2.252,59.966,1069.350,-4.714
16588,02/21/26 04:30:53 PM,5.34,8.02,84.2,2.389,59.026,1069.350,-4.793
16589,02/21/26 04:40:53 PM,6.01,9.02,84.2,2.057,60.101,1069.350,-4.868
16590,02/21/26 04:50:53 PM,6.35,9.35,75.8,1.925,59.550,1069.350,-5.114
16591,02/21/26 05:00:53 PM,6.68,10.02,75.8,2.054,59.197,1069.350,-5.071
16592,02/21/26 05:10:53 PM,5.68,9.35,80.0,1.692,60.566,1069.350,-5.111
16593,02/21/26 05:20:53 PM,6.35,9.35,81.4,1.435,61.357,1069.350,-5.184
16594,02/21/26 05:30:53 PM,6.01,9.02,84.2,1.295,62.573,1069.350,-5.058
16595,02/21/26 05:40:53 PM,5.68,9.02,81.4,1.199,63.360,1069.350,-4.984
16596,02/21/26 05:50:53 PM,5.34,8.02,80.0,1.140,63.796,1069.350,-4.950
16597,02/21/26 06:00:53 PM,5.68,8.68,77.2,1.113,63.345,1069.350,-5.069
16598,02/21/26 06:10:53 PM,5.34,9.02,78.6,0.847,63.961,1069.350,-5.195
16599,02/21/26 06:20:53 PM,5.34,8.35,73.0,0.539,67.034,1069.350,-4.870
16600,02/21/26 06:30:53 PM,5.34,8.35,73.0,0.263,68.980,1069.350,-4.756
16601,02/21/26 06:40:53 PM,5.34,8.02,73.0,0.078,69.308,1069.350,-4.871
16602,02/21/26 06:50:53 PM,5.34,7.01,74.4,-0.110,69.859,1069.350,-4.947
16603,02/21/26 07:00:53 PM,4.68,6.68,75.8,-0.313,71.295,1069.350,-4.874
16604,02/21/26 07:10:53 PM,4.68,7.01,74.4,-0.539,72.491,1069.350,-4.872
16605,02/21/26 07:20:53 PM,4.68,7.01,80.0,-0.769,73.787,1069.350,-4.860
16606,02/21/26 07:30:53 PM,4.68,7.68,81.4,-0.842,73.672,1069.350,-4.951
16607,02/21/26 07:40:53 PM,3.67,5.68,88.4,-1.005,75.113,1069.350,-4.854
16608,02/21/26 07:50:53 PM,3.67,5.68,89.9,-1.179,76.359,1069.350,-4.805
16609,02/21/26 08:00:53 PM,4.01,6.01,84.2,-1.276,76.075,1069.350,-4.948
16610,02/21/26 08:10:53 PM,3.67,5.68,81.4,-1.533,77.101,1069.350,-5.021
16611,02/21/26 08:20:53 PM,3.67,5.68,81.4,-1.678,77.801,1069.350,-5.043
16612,02/21/26 08:30:53 PM,3.67,5.68,84.2,-1.624,77.173,1069.350,-5.098
16613,02/21/26 08:40:53 PM,4.01,6.35,85.6,-1.579,76.567,1069.350,-5.158
16614,02/21/26 08:50:53 PM,4.68,7.01,87.0,-1.426,75.395,1069.350,-5.212
16615,02/21/26 09:00:53 PM,4.68,7.35,82.8,-1.437,75.077,1069.350,-5.279
16616,02/21/26 09:10:53 PM,5.34,7.68,84.2,-1.429,74.583,1069.350,-5.358
16617,02/21/26 09:20:53 PM,5.34,8.02,84.2,-1.469,74.621,1069.350,-5.390
16618,02/21/26 09:30:53 PM,5.01,7.35,89.9,-1.547,75.129,1069.350,-5.376
16619,02/21/26 09:40:53 PM,5.01,7.01,88.4,-1.582,75.639,1069.350,-5.321
16620,02/21/26 09:50:53 PM,4.68,6.68,84.2,-1.624,76.489,1069.350,-5.215
16621,02/21/26 10:00:53 PM,3.67,6.01,84.2,-1.643,77.292,1069.350,-5.096
16622,02/21/26 10:10:53 PM,3.67,5.01,85.6,-1.622,77.452,1069.350,-5.048
16623,02/21/26 10:20:53 PM,3.01,4.68,89.9,-1.608,77.673,1069.350,-4.997
16624,02/21/26 10:30:53 PM,3.01,5.34,87.0,-1.568,77.313,1069.350,-5.019
16625,02/21/26 10:40:53 PM,3.67,5.68,88.4,-1.271,75.465,1069.350,-5.050
16626,02/21/26 10:50:53 PM,4.01,5.68,92.7,-1.203,75.366,1069.350,-5.001
16627,02/21/26 11:00:53 PM,4.34,7.01,82.8,-1.190,75.413,1069.350,-4.980
16628,02/21/26 11:10:53 PM,4.34,6.35,77.2,-1.273,75.996,1069.350,-4.959
16629,02/21/26 11:20:53 PM,4.34,7.01,82.8,-1.482,77.551,1069.350,-4.895
16630,02/21/26 11:30:53 PM,4.01,6.01,84.2,-1.582,77.981,1069.350,-4.919
16631,02/21/26 11:40:53 PM,4.01,6.01,80.0,-1.673,77.983,1069.350,-5.008
16632,02/21/26 11:50:53 PM,3.67,5.68,82.8,-1.831,78.689,1069.350,-5.043
16633,02/22/26 12:00:53 AM,3.34,4.68,82.8,-2.056,79.930,1069.350,-5.056
16634,02/22/26 12:10:53 AM,4.01,5.68,78.6,-2.059,79.876,1069.350,-5.068
16635,02/22/26 12:20:53 AM,4.01,5.68,78.6,-2.163,80.331,1069.350,-5.094
16636,02/22/26 12:30:53 AM,3.01,4.68,70.2,-2.405,81.605,1069.350,-5.124
16637,02/22/26 12:40:53 AM,1.67,2.67,84.2,-2.732,83.000,1069.350,-5.221
16638,02/22/26 12:50:53 AM,1.67,3.34,106.7,-2.560,82.576,1069.350,-5.120
16639,02/22/26 01:00:53 AM,2.00,3.01,96.9,-2.512,82.541,1069.350,-5.078
16640,02/22/26 01:10:53 AM,1.00,3.67,94.1,-2.638,83.012,1069.350,-5.127
16641,02/22/26 01:20:53 AM,0.33,1.67,88.4,-2.842,83.616,1069.350,-5.231
16642,02/22/26 01:30:53 AM,2.00,3.67,75.8,-3.080,84.616,1069.350,-5.309
16643,02/22/26 01:40:53 AM,3.34,5.68,80.0,-2.456,83.481,1069.350,-4.874
16644,02/22/26 01:50:53 AM,1.67,3.34,51.9,-2.801,84.700,1069.350,-5.021
16645,02/22/26 02:00:53 AM,1.67,2.67,61.8,-3.136,86.470,1069.350,-5.078
16646,02/22/26 02:10:53 AM,2.00,3.01,53.3,-3.029,85.843,1069.350,-5.069
16647,02/22/26 02:20:53 AM,1.34,2.34,60.4,-2.919,84.726,1069.350,-5.133
16648,02/22/26 02:30:53 AM,1.00,2.00,53.3,-2.742,83.987,1069.350,-5.075
16649,02/22/26 02:40:53 AM,1.34,2.67,44.9,-2.624,83.873,1069.350,-4.977
16650,02/22/26 02:50:53 AM,1.67,2.67,59.0,-2.549,83.638,1069.350,-4.940
16651,02/22/26 03:00:53 AM,1.67,2.67,60.4,-2.579,83.885,1069.350,-4.931
16652,02/22/26 03:10:53 AM,2.34,3.67,51.9,-2.641,84.056,1069.350,-4.965
16653,02/22/26 03:20:53 AM,2.34,4.01,54.8,-2.630,83.764,1069.350,-5.000
16654,02/22/26 03:30:53 AM,2.00,3.34,57.6,-2.469,82.657,1069.350,-5.017
16655,02/22/26 03:40:53 AM,2.34,3.67,56.2,-2.488,82.010,1069.350,-5.140
16656,02/22/26 03:50:53 AM,2.34,3.34,68.8,-2.464,80.737,1069.350,-5.322
16657,02/22/26 04:00:53 AM,2.34,3.67,84.2,-2.745,81.347,1069.350,-5.498
16658,02/22/26 04:10:53 AM,2.34,4.01,81.4,-3.091,82.734,1069.350,-5.615
16659,02/22/26 04:20:53 AM,2.34,3.67,68.8,-3.316,82.913,1069.350,-5.807
16660,02/22/26 04:30:53 AM,2.34,3.34,81.4,-3.338,82.451,1069.350,-5.902
16661,02/22/26 04:40:53 AM,2.34,3.67,75.8,-3.643,83.510,1069.350,-6.034
16662,02/22/26 04:50:53 AM,2.34,4.01,56.2,-3.595,82.203,1069.350,-6.193
16663,02/22/26 05:00:53 AM,1.67,3.34,44.9,-3.780,81.764,1069.350,-6.444
16664,02/22/26 05:10:53 AM,2.34,3.67,49.1,-3.801,81.260,1069.350,-6.545
16665,02/22/26 05:20:53 AM,2.00,2.67,66.0,-3.691,80.362,1069.350,-6.582
16666,02/22/26 05:30:53 AM,1.34,3.34,122.1,-4.123,82.257,1069.350,-6.702
16667,02/22/26 05:40:53 AM,1.34,2.00,167.1,-5.091,86.223,1069.350,-7.041
16668,02/22/26 05:50:53 AM,0.33,1.34,167.1,-5.279,88.217,1069.350,-6.930
16669,02/22/26 06:00:53 AM,0.67,1.34,161.5,-5.273,88.096,1069.350,-6.942
16670,02/22/26 06:10:53 AM,1.00,2.00,98.3,-4.943,86.633,1069.350,-6.834
16671,02/22/26 06:20:53 AM,1.34,2.00,67.4,-5.335,86.938,1069.350,-7.175
16672,02/22/26 06:30:53 AM,1.34,2.34,67.4,-5.104,85.328,1069.350,-7.189
16673,02/22/26 06:40:53 AM,1.00,2.00,74.4,-5.230,85.789,1069.350,-7.244
16674,02/22/26 06:50:53 AM,1.00,2.00,61.8,-5.273,85.722,1069.350,-7.296
16675,02/22/26 07:00:53 AM,0.33,1.00,95.5,-5.946,87.805,1069.350,-7.649
16676,02/22/26 07:10:53 AM,0.33,1.34,115.1,-6.201,88.466,1069.350,-7.805
16677,02/22/26 07:20:53 AM,1.34,2.34,245.7,-6.635,88.531,1069.350,-8.224
16678,02/22/26 07:30:53 AM,2.34,3.34,255.5,-6.748,90.448,1069.350,-8.061
16679,02/22/26 07:40:53 AM,0.67,2.34,285.0,-6.198,88.678,1069.350,-7.771
16680,02/22/26 07:50:53 AM,0.00,0.00,300.4,-5.549,86.520,1069.350,-7.448
16681,02/22/26 08:00:53 AM,1.00,1.67,282.2,-6.925,88.382,1069.350,-8.532
16682,02/22/26 08:10:53 AM,1.00,1.34,286.4,-6.791,90.375,1069.350,-8.114
16683,02/22/26 08:20:53 AM,1.00,1.34,283.6,-6.043,87.326,1069.350,-7.816
16684,02/22/26 08:30:53 AM,1.00,1.34,279.4,-6.895,88.521,1069.350,-8.482
16685,02/22/26 08:40:53 AM,1.34,1.67,271.0,-6.801,87.843,1069.350,-8.488
16686,02/22/26 08:50:53 AM,1.34,1.67,285.0,-6.844,88.643,1069.350,-8.414
16687,02/22/26 09:00:53 AM,0.67,1.34,286.4,-5.279,85.537,1069.350,-7.330
16688,02/22/26 09:10:53 AM,0.33,1.67,286.4,-4.335,82.989,1069.350,-6.794
16689,02/22/26 09:20:53 AM,0.00,0.00,286.4,-2.855,79.493,1069.350,-5.908
16690,02/22/26 09:30:53 AM,0.33,1.67,283.6,-2.359,76.855,1069.350,-5.866
16691,02/22/26 09:40:53 AM,0.67,1.34,219.0,-1.903,75.166,1069.350,-5.715
16692,02/22/26 09:50:53 AM,0.33,2.00,144.6,-0.506,69.789,1069.350,-5.341
16693,02/22/26 10:00:53 AM,0.67,1.67,85.6,-0.643,69.776,1069.350,-5.475
16694,02/22/26 10:10:53 AM,1.34,2.34,126.4,-0.689,71.606,1069.350,-5.179
16695,02/22/26 10:20:53 AM,2.00,4.68,112.3,0.201,70.527,1069.350,-4.522
16696,02/22/26 10:30:53 AM,3.34,5.01,71.6,1.695,61.364,1069.350,-4.936
16697,02/22/26 10:40:53 AM,4.01,5.68,66.0,1.847,60.644,1069.350,-4.948
16698,02/22/26 10:50:53 AM,4.34,6.35,67.4,1.955,60.667,1069.350,-4.841
16699,02/22/26 11:00:53 AM,4.01,6.35,74.4,2.467,59.989,1069.350,-4.506
16700,02/22/26 11:10:53 AM,4.34,7.35,70.2,2.872,60.208,1069.350,-4.075
16701,02/22/26 11:20:53 AM,5.34,7.68,64.6,2.550,61.093,1069.350,-4.185
16702,02/22/26 11:30:53 AM,5.34,8.35,70.2,2.939,60.331,1069.350,-3.984
16703,02/22/26 11:40:53 AM,5.34,8.02,71.6,3.419,59.771,1069.350,-3.655
16704,02/22/26 11:50:53 AM,5.34,8.02,74.4,3.730,59.190,1069.350,-3.493
16705,02/22/26 12:00:53 PM,6.01,9.02,67.4,3.965,58.654,1069.350,-3.393
16706,02/22/26 12:10:53 PM,5.34,8.02,71.6,4.368,59.049,1069.350,-2.923
16707,02/22/26 12:20:53 PM,5.68,9.35,68.8,4.705,57.667,1069.350,-2.924
16708,02/22/26 12:30:53 PM,6.01,8.68,75.8,5.065,55.082,1069.350,-3.202
16709,02/22/26 12:40:53 PM,6.35,9.02,82.8,5.086,54.980,1069.350,-3.207
16710,02/22/26 12:50:53 PM,5.34,8.35,82.8,5.748,54.781,1069.350,-2.637
16711,02/22/26 01:00:53 PM,5.34,8.35,75.8,5.928,53.429,1069.350,-2.806
16712,02/22/26 01:10:53 PM,5.34,8.35,74.4,6.019,52.264,1069.350,-3.017
16713,02/22/26 01:20:53 PM,5.34,8.02,71.6,6.236,51.661,1069.350,-2.972
16714,02/22/26 01:30:53 PM,5.34,7.68,77.2,6.400,51.740,1069.350,-2.799
16715,02/22/26 01:40:53 PM,5.34,7.68,71.6,6.502,52.222,1069.350,-2.579
16716,02/22/26 01:50:53 PM,5.34,7.68,71.6,6.663,51.778,1069.350,-2.545
16717,02/22/26 02:00:53 PM,5.01,8.02,68.8,6.748,51.830,1069.350,-2.453
16718,02/22/26 02:10:53 PM,5.01,7.68,80.0,6.917,51.359,1069.350,-2.419
16719,02/22/26 02:20:53 PM,5.01,7.68,75.8,7.169,51.640,1069.350,-2.112
16720,02/22/26 02:30:53 PM,4.34,7.01,77.2,7.566,51.713,1069.350,-1.725
16721,02/22/26 02:40:53 PM,4.34,7.01,71.6,7.708,51.650,1069.350,-1.610
16722,02/22/26 02:50:53 PM,4.68,7.35,67.4,7.590,51.391,1069.350,-1.787
16723,02/22/26 03:00:53 PM,4.34,7.35,68.8,7.778,51.907,1069.350,-1.477
16724,02/22/26 03:10:53 PM,4.01,6.68,75.8,8.309,50.425,1069.350,-1.380
16725,02/22/26 03:20:53 PM,4.01,6.68,73.0,8.228,51.521,1069.350,-1.162
16726,02/22/26 03:30:53 PM,4.01,6.35,70.2,8.365,50.060,1069.350,-1.427
16727,02/22/26 03:40:53 PM,4.01,6.68,78.6,8.083,51.128,1069.350,-1.400
16728,02/22/26 03:50:53 PM,3.67,6.01,78.6,8.663,50.082,1069.350,-1.146
16729,02/22/26 04:00:53 PM,4.01,6.68,77.2,8.373,49.183,1069.350,-1.659
16730,02/22/26 04:10:53 PM,4.01,6.01,63.2,8.384,50.381,1069.350,-1.322
16731,02/22/26 04:20:53 PM,4.01,6.68,51.9,8.319,51.810,1069.350,-1.001
16732,02/22/26 04:30:53 PM,4.68,7.35,53.3,7.992,51.621,1069.350,-1.354
16733,02/22/26 04:40:53 PM,4.68,6.68,53.3,8.049,51.301,1069.350,-1.386
16734,02/22/26 04:50:53 PM,4.68,7.35,54.8,8.116,50.974,1069.350,-1.411
16735,02/22/26 05:00:53 PM,5.01,7.35,59.0,8.100,50.520,1069.350,-1.547
16736,02/22/26 05:10:53 PM,5.01,7.01,50.5,7.928,51.197,1069.350,-1.525
16737,02/22/26 05:20:53 PM,4.68,7.01,54.8,7.941,51.865,1069.350,-1.337
16738,02/22/26 05:30:53 PM,4.34,7.01,60.4,8.116,51.618,1069.350,-1.240
16739,02/22/26 05:40:53 PM,5.01,7.68,60.4,7.885,51.630,1069.350,-1.451
16740,02/22/26 05:50:53 PM,4.34,6.68,64.6,7.904,51.783,1069.350,-1.393
16741,02/22/26 06:00:53 PM,4.34,6.35,66.0,7.872,51.463,1069.350,-1.507
16742,02/22/26 06:10:53 PM,4.34,6.01,61.8,7.604,52.409,1069.350,-1.508
16743,02/22/26 06:20:53 PM,3.34,5.68,63.2,7.488,54.755,1069.350,-1.020
16744,02/22/26 06:30:53 PM,3.67,6.01,67.4,7.070,56.150,1069.350,-1.067
16745,02/22/26 06:40:53 PM,3.34,5.34,66.0,6.360,58.511,1069.350,-1.172
16746,02/22/26 06:50:53 PM,3.01,4.34,67.4,5.271,61.338,1069.350,-1.557
16747,02/22/26 07:00:53 PM,2.34,3.34,56.2,4.083,64.413,1069.350,-2.021
16748,02/22/26 07:10:53 PM,2.67,3.67,56.2,3.488,66.297,1069.350,-2.199
16749,02/22/26 07:20:53 PM,2.34,3.67,49.1,2.968,68.341,1069.350,-2.286
16750,02/22/26 07:30:53 PM,2.34,3.34,46.3,2.679,69.807,1069.350,-2.277
16751,02/22/26 07:40:53 PM,1.67,3.01,74.4,2.287,71.209,1069.350,-2.385
16752,02/22/26 07:50:53 PM,1.34,2.34,132.0,1.523,74.206,1069.350,-2.567
16753,02/22/26 08:00:53 PM,0.33,1.34,150.2,0.791,78.344,1069.350,-2.547
16754,02/22/26 08:10:53 PM,0.67,1.67,71.6,1.188,76.014,1069.350,-2.568
16755,02/22/26 08:20:53 PM,1.67,2.67,61.8,1.429,73.214,1069.350,-2.839
16756,02/22/26 08:30:53 PM,2.34,4.01,71.6,2.260,68.820,1069.350,-2.871
16757,02/22/26 08:40:53 PM,1.34,2.34,71.6,1.995,69.621,1069.350,-2.970
16758,02/22/26 08:50:53 PM,1.34,2.67,81.4,1.735,70.205,1069.350,-3.107
16759,02/22/26 09:00:53 PM,0.00,1.00,99.7,0.952,74.479,1069.350,-3.071
16760,02/22/26 09:10:53 PM,0.67,1.34,115.1,0.834,74.781,1069.350,-3.131
16761,02/22/26 09:20:53 PM,1.00,1.67,141.8,0.287,77.072,1069.350,-3.257
16762,02/22/26 09:30:53 PM,0.67,1.67,112.3,0.215,77.144,1069.350,-3.315
16763,02/22/26 09:40:53 PM,0.33,1.00,94.1,-0.013,78.013,1069.350,-3.387
16764,02/22/26 09:50:53 PM,0.00,0.67,94.1,-0.305,79.078,1069.350,-3.490
16765,02/22/26 10:00:53 PM,0.67,1.67,355.2,-0.603,79.458,1069.350,-3.716
16766,02/22/26 10:10:53 PM,0.00,0.33,353.8,0.014,77.299,1069.350,-3.483
16767,02/22/26 10:20:53 PM,0.67,1.34,308.9,-0.895,79.930,1069.350,-3.922
16768,02/22/26 10:30:53 PM,1.00,1.34,304.7,-1.450,82.257,1069.350,-4.083
16769,02/22/26 10:40:53 PM,0.67,1.34,306.1,-0.718,79.188,1069.350,-3.874
16770,02/22/26 10:50:53 PM,1.00,1.34,306.1,-1.619,81.936,1069.350,-4.301
16771,02/22/26 11:00:53 PM,0.67,1.34,306.1,-1.445,81.472,1069.350,-4.206
16772,02/22/26 11:10:53 PM,1.00,1.67,306.1,-1.718,82.759,1069.350,-4.265
16773,02/22/26 11:20:53 PM,1.00,2.00,12.6,-1.431,82.013,1069.350,-4.104
16774,02/22/26 11:30:53 PM,1.00,1.67,12.6,-0.903,79.913,1069.350,-3.933
16775,02/22/26 11:40:53 PM,1.34,1.67,4.2,-1.233,81.196,1069.350,-4.044
16776,02/22/26 11:50:53 PM,1.00,1.67,351.0,-1.458,82.667,1069.350,-4.025
16777,02/23/26 12:00:53 AM,1.34,1.67,4.2,-1.252,82.101,1069.350,-3.915
16778,02/23/26 12:10:53 AM,1.34,1.67,355.2,-1.343,82.586,1069.350,-3.925
16779,02/23/26 12:20:53 AM,1.34,2.00,7.0,-0.919,80.826,1069.350,-3.797
16780,02/23/26 12:30:53 AM,1.00,1.67,8.4,-0.823,80.417,1069.350,-3.771
16781,02/23/26 12:40:53 AM,0.67,1.34,8.4,-0.689,79.596,1069.350,-3.777
16782,02/23/26 12:50:53 AM,0.33,1.00,8.4,-0.616,79.255,1069.350,-3.763
16783,02/23/26 01:00:53 AM,0.33,1.00,8.4,-1.630,83.288,1069.350,-4.094
16784,02/23/26 01:10:53 AM,1.00,1.67,314.5,-2.480,87.300,1069.350,-4.305
16785,02/23/26 01:20:53 AM,1.00,1.67,299.0,-2.394,87.335,1069.350,-4.215
16786,02/23/26 01:30:53 AM,0.67,1.34,299.0,-1.488,82.789,1069.350,-4.035
16787,02/23/26 01:40:53 AM,1.00,1.34,299.0,-2.019,84.103,1069.350,-4.347
16788,02/23/26 01:50:53 AM,0.00,1.34,299.0,-1.911,84.306,1069.350,-4.209
16789,02/23/26 02:00:53 AM,0.33,1.00,299.0,-1.547,82.374,1069.350,-4.159
16790,02/23/26 02:10:53 AM,0.67,1.34,299.0,-2.439,85.861,1069.350,-4.485
16791,02/23/26 02:20:53 AM,1.00,1.34,338.3,-2.405,86.162,1069.350,-4.405
16792,02/23/26 02:30:53 AM,0.67,1.34,344.0,-2.319,85.763,1069.350,-4.382
16793,02/23/26 02:40:53 AM,1.34,1.67,313.1,-2.960,88.225,1069.350,-4.639
16794,02/23/26 02:50:53 AM,1.34,1.67,294.8,-3.477,91.096,1069.350,-4.727
16795,02/23/26 03:00:53 AM,0.67,1.00,294.8,-2.667,87.245,1069.350,-4.498
16796,02/23/26 03:10:53 AM,0.00,0.00,294.8,-2.493,86.700,1069.350,-4.410
16797,02/23/26 03:20:53 AM,1.00,1.34,294.8,-2.573,86.957,1069.350,-4.449
16798,02/23/26 03:30:53 AM,0.33,1.34,294.8,-2.737,88.084,1069.350,-4.440
16799,02/23/26 03:40:53 AM,0.67,1.00,294.8,-2.265,86.117,1069.350,-4.274
16800,02/23/26 03:50:53 AM,1.00,1.34,294.8,-2.214,85.736,1069.350,-4.283
16801,02/23/26 04:00:53 AM,1.00,1.34,294.8,-2.573,87.399,1069.350,-4.382
16802,02/23/26 04:10:53 AM,1.00,1.34,294.8,-2.801,88.940,1069.350,-4.375
16803,02/23/26 04:20:53 AM,1.00,1.34,294.8,-2.992,90.188,1069.350,-4.379
16804,02/23/26 04:30:53 AM,1.00,1.34,294.8,-2.740,89.615,1069.350,-4.215
16805,02/23/26 04:40:53 AM,0.67,1.67,292.0,-1.858,84.778,1069.350,-4.082
16806,02/23/26 04:50:53 AM,1.00,1.34,275.2,-2.493,88.011,1069.350,-4.210
16807,02/23/26 05:00:53 AM,1.00,1.67,278.0,-2.624,88.612,1069.350,-4.249
16808,02/23/26 05:10:53 AM,0.33,1.34,293.4,-2.801,89.369,1069.350,-4.311
16809,02/23/26 05:20:53 AM,0.00,0.00,293.4,-2.533,87.459,1069.350,-4.333
16810,02/23/26 05:30:53 AM,0.00,0.00,293.4,-3.069,90.492,1069.350,-4.411
16811,02/23/26 05:40:53 AM,0.00,0.00,293.4,-2.831,87.680,1069.350,-4.594
16812,02/23/26 05:50:53 AM,0.00,0.00,293.4,-3.037,87.485,1069.350,-4.827
16813,02/23/26 06:00:53 AM,0.00,0.00,293.4,-3.268,88.731,1069.350,-4.868
16814,02/23/26 06:10:53 AM,0.00,0.00,293.4,-3.292,88.330,1069.350,-4.951
16815,02/23/26 06:20:53 AM,0.00,0.00,293.4,-3.539,91.171,1069.350,-4.778
16816,02/23/26 06:30:53 AM,0.00,0.00,293.4,-3.997,92.451,1069.350,-5.048
16817,02/23/26 06:40:53 AM,0.00,0.00,293.4,-4.276,92.804,1069.350,-5.275
16818,02/23/26 06:50:53 AM,1.00,1.67,315.9,-4.801,93.777,1069.350,-5.659
16819,02/23/26 07:00:53 AM,0.67,1.00,339.7,-3.512,90.071,1069.350,-4.911
16820,02/23/26 07:10:53 AM,0.33,1.00,339.7,-3.155,88.032,1069.350,-4.861
16821,02/23/26 07:20:53 AM,1.00,1.67,320.1,-3.772,89.354,1069.350,-5.274
16822,02/23/26 07:30:53 AM,1.00,1.34,292.0,-4.088,91.795,1069.350,-5.232
16823,02/23/26 07:40:53 AM,0.33,1.00,304.7,-2.941,87.555,1069.350,-4.721
16824,02/23/26 07:50:53 AM,0.33,1.34,304.7,-3.523,89.384,1069.350,-5.023
16825,02/23/26 08:00:53 AM,0.67,1.00,304.7,-3.485,89.177,1069.350,-5.016
16826,02/23/26 08:10:53 AM,0.33,1.00,304.7,-3.981,91.180,1069.350,-5.214
16827,02/23/26 08:20:53 AM,0.67,1.34,304.7,-4.024,91.662,1069.350,-5.188
16828,02/23/26 08:30:53 AM,0.00,1.00,304.7,-3.429,90.170,1069.350,-4.815
16829,02/23/26 08:40:53 AM,0.00,0.67,304.7,-3.155,88.495,1069.350,-4.791
16830,02/23/26 08:50:53 AM,0.33,1.00,304.7,-3.040,88.650,1069.350,-4.655
16831,02/23/26 09:00:53 AM,0.33,0.67,304.7,-2.619,87.297,1069.350,-4.443
16832,02/23/26 09:10:53 AM,0.00,0.67,304.7,-2.649,88.998,1069.350,-4.216
16833,02/23/26 09:20:53 AM,0.00,0.00,304.7,-2.139,88.145,1069.350,-3.841
16834,02/23/26 09:30:53 AM,0.00,0.67,306.1,-0.614,83.648,1069.350,-3.040
16835,02/23/26 09:40:53 AM,0.00,0.67,324.3,0.306,81.828,1069.350,-2.434
16836,02/23/26 09:50:53 AM,0.00,0.67,327.1,0.622,79.683,1069.350,-2.483
16837,02/23/26 10:00:53 AM,0.33,1.34,339.7,0.947,79.295,1069.350,-2.232
16838,02/23/26 10:10:53 AM,0.33,1.34,95.5,0.842,78.080,1069.350,-2.543
16839,02/23/26 10:20:53 AM,0.67,1.34,89.9,1.365,77.652,1069.350,-2.108
16840,02/23/26 10:30:53 AM,0.67,1.34,92.7,2.124,75.108,1069.350,-1.822
16841,02/23/26 10:40:53 AM,1.00,1.67,85.6,2.250,73.376,1069.350,-2.016
16842,02/23/26 10:50:53 AM,1.34,2.67,129.2,2.684,72.117,1069.350,-1.831
16843,02/23/26 11:00:53 AM,1.00,2.00,129.2,2.368,73.938,1069.350,-1.799
16844,02/23/26 11:10:53 AM,1.00,2.00,130.6,2.687,73.674,1069.350,-1.539
16845,02/23/26 11:20:53 AM,1.34,2.34,115.1,3.566,71.373,1069.350,-1.122
16846,02/23/26 11:30:53 AM,1.34,2.00,124.9,3.303,72.393,1069.350,-1.183
16847,02/23/26 11:40:53 AM,1.34,2.34,119.3,2.888,73.362,1069.350,-1.402
16848,02/23/26 11:50:53 AM,1.00,2.34,109.5,3.049,73.603,1069.350,-1.202
16849,02/23/26 12:00:53 PM,1.00,2.34,109.5,3.451,73.846,1069.350,-0.768
16850,02/23/26 12:10:53 PM,1.67,2.67,112.3,3.987,73.039,1069.350,-0.401
16851,02/23/26 12:20:53 PM,2.34,4.01,110.9,4.512,69.418,1069.350,-0.592
16852,02/23/26 12:30:53 PM,2.34,3.34,92.7,5.183,67.120,1069.350,-0.411
16853,02/23/26 12:40:53 PM,2.00,3.01,91.3,5.933,63.894,1069.350,-0.372
16854,02/23/26 12:50:53 PM,2.67,4.68,85.6,6.108,63.432,1069.350,-0.305
16855,02/23/26 01:00:53 PM,2.67,4.68,94.1,6.196,63.200,1069.350,-0.272
16856,02/23/26 01:10:53 PM,2.67,5.34,82.8,6.158,62.100,1069.350,-0.549
16857,02/23/26 01:20:53 PM,3.01,4.34,92.7,5.979,62.986,1069.350,-0.525
16858,02/23/26 01:30:53 PM,2.00,3.34,94.1,6.027,63.740,1069.350,-0.316
16859,02/23/26 01:40:53 PM,1.34,2.67,82.8,6.223,63.346,1069.350,-0.215
16860,02/23/26 01:50:53 PM,1.67,3.01,99.7,6.000,63.436,1069.350,-0.407
16861,02/23/26 02:00:53 PM,1.34,2.67,110.9,5.874,64.651,1069.350,-0.266
16862,02/23/26 02:10:53 PM,1.34,2.34,98.3,6.089,63.284,1069.350,-0.355
16863,02/23/26 02:20:53 PM,1.00,2.00,77.2,6.156,63.133,1069.350,-0.325
16864,02/23/26 02:30:53 PM,1.00,2.00,57.6,6.164,64.048,1069.350,-0.119
16865,02/23/26 02:40:53 PM,1.34,2.00,50.5,6.244,61.474,1069.350,-0.606
16866,02/23/26 02:50:53 PM,1.00,2.00,42.1,6.314,61.677,1069.350,-0.495
16867,02/23/26 03:00:53 PM,0.67,1.67,78.6,6.411,61.692,1069.350,-0.400
16868,02/23/26 03:10:53 PM,1.34,2.00,127.8,6.019,64.190,1069.350,-0.227
16869,02/23/26 03:20:53 PM,1.00,1.67,116.5,5.933,66.931,1069.350,0.267
16870,02/23/26 03:30:53 PM,0.67,1.34,127.8,5.893,65.878,1069.350,0.010
16871,02/23/26 03:40:53 PM,0.00,1.00,137.6,6.100,65.039,1069.350,0.031
16872,02/23/26 03:50:53 PM,0.00,1.00,137.6,6.038,64.324,1069.350,-0.180
16873,02/23/26 04:00:53 PM,0.33,0.67,136.2,5.939,64.160,1069.350,-0.309
16874,02/23/26 04:10:53 PM,0.00,0.00,136.2,5.872,65.745,1069.350,-0.038
16875,02/23/26 04:20:53 PM,0.00,0.00,136.2,5.888,65.696,1069.350,-0.033
16876,02/23/26 04:30:53 PM,0.00,0.00,136.2,5.797,65.806,1069.350,-0.096
16877,02/23/26 04:40:53 PM,0.00,0.00,136.2,5.746,65.653,1069.350,-0.177
16878,02/23/26 04:50:53 PM,0.00,0.00,136.2,5.743,65.512,1069.350,-0.209
16879,02/23/26 05:00:53 PM,0.00,0.00,136.2,5.673,65.927,1069.350,-0.189
16880,02/23/26 05:10:53 PM,0.00,0.00,136.2,5.595,66.081,1069.350,-0.232
16881,02/23/26 05:20:53 PM,0.00,0.00,136.2,5.429,66.601,1069.350,-0.283
16882,02/23/26 05:30:53 PM,0.00,0.00,136.2,5.242,67.706,1069.350,-0.235
16883,02/23/26 05:40:53 PM,0.00,0.33,144.6,5.067,69.790,1069.350,0.014
16884,02/23/26 05:50:53 PM,0.00,0.00,219.0,4.724,71.925,1069.350,0.099
16885,02/23/26 06:00:53 PM,0.67,1.34,240.1,4.713,72.818,1069.350,0.258
16886,02/23/26 06:10:53 PM,0.67,1.67,247.1,4.813,71.351,1069.350,0.074
16887,02/23/26 06:20:53 PM,0.33,1.00,247.1,4.537,72.857,1069.350,0.096
16888,02/23/26 06:30:53 PM,1.00,1.34,251.3,3.856,77.708,1069.350,0.325
16889,02/23/26 06:40:53 PM,1.00,2.00,263.9,3.636,78.563,1069.350,0.262
16890,02/23/26 06:50:53 PM,0.33,1.00,272.4,3.622,77.270,1069.350,0.019
16891,02/23/26 07:00:53 PM,0.67,1.34,275.2,3.419,77.661,1069.350,-0.109
16892,02/23/26 07:10:53 PM,1.00,1.34,282.2,3.287,76.919,1069.350,-0.369
16893,02/23/26 07:20:53 PM,1.34,2.34,279.4,3.169,77.737,1069.350,-0.338
16894,02/23/26 07:30:53 PM,1.00,2.00,259.7,3.183,77.087,1069.350,-0.440
16895,02/23/26 07:40:53 PM,1.00,2.00,266.7,3.322,76.104,1069.350,-0.481
16896,02/23/26 07:50:53 PM,1.34,2.00,262.5,2.885,78.070,1069.350,-0.556
16897,02/23/26 08:00:53 PM,1.67,2.67,314.5,2.888,77.790,1069.350,-0.602
16898,02/23/26 08:10:53 PM,3.34,4.68,329.9,3.333,75.650,1069.350,-0.552
16899,02/23/26 08:20:53 PM,2.67,4.34,327.1,3.515,74.949,1069.350,-0.503
16900,02/23/26 08:30:53 PM,1.67,3.01,292.0,3.201,76.428,1069.350,-0.540
16901,02/23/26 08:40:53 PM,2.00,3.34,223.2,2.735,77.972,1069.350,-0.719
16902,02/23/26 08:50:53 PM,1.00,2.67,269.6,2.469,79.199,1069.350,-0.765
16903,02/23/26 09:00:53 PM,1.00,1.34,304.7,2.209,80.449,1069.350,-0.804
16904,02/23/26 09:10:53 PM,1.34,1.67,336.9,2.282,79.602,1069.350,-0.878
16905,02/23/26 09:20:53 PM,2.00,4.01,336.9,2.421,78.917,1069.350,-0.860
16906,02/23/26 09:30:53 PM,1.00,3.34,342.6,2.794,77.665,1069.350,-0.716
16907,02/23/26 09:40:53 PM,1.34,3.01,165.7,2.215,80.432,1069.350,-0.801
16908,02/23/26 09:50:53 PM,1.00,2.34,278.0,1.794,82.608,1069.350,-0.848
16909,02/23/26 10:00:53 PM,1.34,2.00,317.3,1.973,81.329,1069.350,-0.886
16910,02/23/26 10:10:53 PM,0.67,1.67,318.7,2.539,77.505,1069.350,-0.992
16911,02/23/26 10:20:53 PM,0.67,1.67,263.9,2.057,80.404,1069.350,-0.960
16912,02/23/26 10:30:53 PM,1.00,2.00,307.5,1.928,80.795,1069.350,-1.020
16913,02/23/26 10:40:53 PM,1.00,2.00,324.3,2.791,76.112,1069.350,-0.995
16914,02/23/26 10:50:53 PM,1.67,3.34,332.7,3.167,74.572,1069.350,-0.909
16915,02/23/26 11:00:53 PM,2.34,4.01,317.3,3.172,74.524,1069.350,-0.913
16916,02/23/26 11:10:53 PM,2.67,5.34,227.4,3.024,75.059,1069.350,-0.959
16917,02/23/26 11:20:53 PM,2.34,4.68,263.9,2.751,76.455,1069.350,-0.972
16918,02/23/26 11:30:53 PM,4.01,7.68,308.9,4.234,67.285,1069.350,-1.285
16919,02/23/26 11:40:53 PM,4.01,6.35,296.2,5.030,63.415,1069.350,-1.333
16920,02/23/26 11:50:53 PM,2.67,6.68,261.1,5.242,62.414,1069.350,-1.348
16921,02/24/26 12:00:53 AM,4.34,6.68,303.2,5.478,63.920,1069.350,-0.799
16922,02/24/26 12:10:53 AM,4.68,6.68,311.7,5.628,64.027,1069.350,-0.633
16923,02/24/26 12:20:53 AM,4.01,5.68,311.7,5.703,64.213,1069.350,-0.522
16924,02/24/26 12:30:53 AM,2.67,4.34,303.2,5.325,66.078,1069.350,-0.490
16925,02/24/26 12:40:53 AM,2.00,3.67,231.6,4.512,69.152,1069.350,-0.645
16926,02/24/26 12:50:53 AM,1.34,2.67,276.6,3.783,72.560,1069.350,-0.688
16927,02/24/26 01:00:53 AM,1.34,2.34,282.2,3.526,73.584,1069.350,-0.744
16928,02/24/26 01:10:53 AM,1.34,2.00,271.0,3.952,70.906,1069.350,-0.841
16929,02/24/26 01:20:53 AM,1.34,2.00,286.4,3.625,72.198,1069.350,-0.909
16930,02/24/26 01:30:53 AM,1.00,1.67,287.8,3.362,73.317,1069.350,-0.953
16931,02/24/26 01:40:53 AM,1.67,2.00,249.9,3.394,72.865,1069.350,-1.006
16932,02/24/26 01:50:53 AM,1.67,2.34,269.6,2.604,76.782,1069.350,-1.057
16933,02/24/26 02:00:53 AM,1.00,2.00,279.4,2.164,79.333,1069.350,-1.039
16934,02/24/26 02:10:53 AM,1.67,3.67,212.0,2.196,79.355,1069.350,-1.004
16935,02/24/26 02:20:53 AM,2.34,4.34,241.5,3.566,73.396,1069.350,-0.741
16936,02/24/26 02:30:53 AM,2.00,3.34,259.7,3.000,76.640,1069.350,-0.697
16937,02/24/26 02:40:53 AM,2.67,4.34,254.1,3.167,76.048,1069.350,-0.641
16938,02/24/26 02:50:53 AM,1.67,2.67,240.1,3.054,76.739,1069.350,-0.627
16939,02/24/26 03:00:53 AM,1.67,3.34,265.3,2.561,78.642,1069.350,-0.772
16940,02/24/26 03:10:53 AM,2.34,4.01,224.6,2.713,77.769,1069.350,-0.776
16941,02/24/26 03:20:53 AM,2.34,4.01,261.1,2.713,77.728,1069.350,-0.783
16942,02/24/26 03:30:53 AM,1.67,2.67,279.4,2.483,78.796,1069.350,-0.821
16943,02/24/26 03:40:53 AM,1.34,2.67,320.1,2.837,76.883,1069.350,-0.812
16944,02/24/26 03:50:53 AM,2.00,3.01,325.7,3.636,72.824,1069.350,-0.780
16945,02/24/26 04:00:53 AM,2.67,3.67,322.9,4.874,66.246,1069.350,-0.886
16946,02/24/26 04:10:53 AM,3.01,5.34,307.5,5.070,66.415,1069.350,-0.664
16947,02/24/26 04:20:53 AM,3.34,6.35,313.1,4.915,67.916,1069.350,-0.506
16948,02/24/26 04:30:53 AM,4.01,8.68,314.5,4.775,71.545,1069.350,0.075
16949,02/24/26 04:40:53 AM,6.68,10.02,341.2,2.944,83.772,1069.350,0.472
16950,02/24/26 04:50:53 AM,4.68,8.02,336.9,2.006,90.864,1069.350,0.671
16951,02/24/26 05:00:53 AM,3.67,5.34,329.9,1.660,93.181,1069.350,0.676
16952,02/24/26 05:10:53 AM,3.34,4.68,329.9,1.523,94.324,1069.350,0.709
16953,02/24/26 05:20:53 AM,2.67,3.67,320.1,1.266,95.613,1069.350,0.641
16954,02/24/26 05:30:53 AM,2.67,3.67,317.3,1.038,96.747,1069.350,0.576
16955,02/24/26 05:40:53 AM,2.34,3.01,320.1,0.880,97.458,1069.350,0.520
16956,02/24/26 05:50:53 AM,1.67,3.01,321.5,0.815,98.093,1069.350,0.545
16957,02/24/26 06:00:53 AM,0.00,0.67,269.6,0.684,98.482,1069.350,0.469
16958,02/24/26 06:10:53 AM,0.67,2.00,242.9,0.681,98.883,1069.350,0.522
16959,02/24/26 06:20:53 AM,0.67,1.67,242.9,0.561,98.830,1069.350,0.394
16960,02/24/26 06:30:53 AM,0.67,1.34,247.1,0.368,99.226,1069.350,0.256
16961,02/24/26 06:40:53 AM,0.67,1.34,234.5,0.215,99.667,1069.350,0.164
16962,02/24/26 06:50:53 AM,0.33,1.67,234.5,0.137,99.954,1069.350,0.126
16963,02/24/26 07:00:53 AM,0.67,1.67,235.9,0.110,99.997,1069.350,0.105
16964,02/24/26 07:10:53 AM,0.00,0.67,240.1,0.073,99.997,1069.350,0.068
16965,02/24/26 07:20:53 AM,0.00,0.00,240.1,0.073,99.997,1069.350,0.068
16966,02/24/26 07:30:53 AM,0.00,0.00,240.1,0.049,99.997,1069.350,0.044
16967,02/24/26 07:40:53 AM,0.00,0.00,240.1,0.040,99.997,1069.350,0.035
16968,02/24/26 07:50:53 AM,0.00,0.00,240.1,0.030,99.997,1069.350,0.025
16969,02/24/26 08:00:53 AM,0.00,0.00,240.1,0.030,99.997,1069.350,0.025
16970,02/24/26 08:10:53 AM,0.00,0.00,240.1,0.008,99.997,1069.350,0.003
16971,02/24/26 08:20:53 AM,0.00,0.00,240.1,0.014,99.997,1069.350,0.009
16972,02/24/26 08:30:53 AM,0.00,0.00,240.1,0.024,99.997,1069.350,0.019
16973,02/24/26 08:40:53 AM,0.00,0.00,240.1,0.049,99.997,1069.350,0.044
16974,02/24/26 08:50:53 AM,0.00,0.00,240.1,0.057,99.997,1069.350,0.052
16975,02/24/26 09:00:53 AM,0.00,0.00,240.1,0.062,99.997,1069.350,0.057
16976,02/24/26 09:10:53 AM,0.00,0.00,240.1,0.062,99.997,1069.350,0.057
16977,02/24/26 09:20:53 AM,0.00,0.00,240.1,0.105,99.997,1069.350,0.100
16978,02/24/26 09:30:53 AM,0.00,0.00,240.1,0.142,99.997,1069.350,0.137
16979,02/24/26 09:40:53 AM,0.00,0.00,240.1,0.191,99.997,1069.350,0.186
16980,02/24/26 09:50:53 AM,0.00,0.00,240.1,0.234,99.997,1069.350,0.229
16981,02/24/26 10:00:53 AM,0.00,0.00,240.1,0.271,99.997,1069.350,0.266
16982,02/24/26 10:10:53 AM,0.00,0.00,240.1,0.317,99.997,1069.350,0.312
16983,02/24/26 10:20:53 AM,0.00,0.00,240.1,0.413,99.997,1069.350,0.408
16984,02/24/26 10:30:53 AM,0.00,0.33,240.1,0.494,99.997,1069.350,0.489
16985,02/24/26 10:40:53 AM,0.00,0.00,240.1,0.625,99.997,1069.350,0.621
16986,02/24/26 10:50:53 AM,0.00,0.00,240.1,0.756,99.982,1069.350,0.750
16987,02/24/26 11:00:53 AM,0.00,0.00,240.1,1.051,99.152,1069.350,0.930
16988,02/24/26 11:10:53 AM,0.00,0.33,240.1,1.121,98.122,1069.350,0.855
16989,02/24/26 11:20:53 AM,0.00,0.00,240.1,1.043,98.268,1069.350,0.797
16990,02/24/26 11:30:53 AM,0.00,0.00,240.1,1.188,97.990,1069.350,0.903
16991,02/24/26 11:40:53 AM,0.00,0.00,240.1,1.215,97.887,1069.350,0.915
16992,02/24/26 11:50:53 AM,0.00,0.00,240.1,1.378,97.462,1069.350,1.018
16993,02/24/26 12:00:53 PM,0.00,0.00,240.1,1.435,97.417,1069.350,1.068
16994,02/24/26 12:10:53 PM,0.00,0.00,240.1,1.700,97.073,1069.350,1.284
16995,02/24/26 12:20:53 PM,0.00,0.33,240.1,1.679,96.892,1069.350,1.237
16996,02/24/26 12:30:53 PM,0.00,0.00,240.1,1.692,97.086,1069.350,1.278
16997,02/24/26 12:40:53 PM,0.00,0.00,240.1,1.598,97.609,1069.350,1.258
16998,02/24/26 12:50:53 PM,0.00,0.00,240.1,1.767,97.366,1069.350,1.393
16999,02/24/26 01:00:53 PM,0.00,0.00,240.1,1.794,97.501,1069.350,1.439
17000,02/24/26 01:10:53 PM,0.00,0.33,240.1,2.022,97.346,1069.350,1.644
17001,02/24/26 01:20:53 PM,0.00,0.00,240.1,1.882,97.765,1069.350,1.564
17002,02/24/26 01:30:53 PM,0.00,0.00,240.1,1.947,97.984,1069.350,1.661
17003,02/24/26 01:40:53 PM,0.00,0.00,240.1,2.006,97.914,1069.350,1.710
17004,02/24/26 01:50:53 PM,0.00,0.00,240.1,2.314,97.671,1069.350,1.982
17005,02/24/26 02:00:53 PM,0.00,0.00,240.1,2.587,96.825,1069.350,2.133
17006,02/24/26 02:10:53 PM,0.33,1.00,271.0,2.108,97.949,1069.350,1.816
17007,02/24/26 02:20:53 PM,0.33,1.00,344.0,2.070,99.098,1069.350,1.942
17008,02/24/26 02:30:53 PM,0.00,0.00,348.2,2.539,98.911,1069.350,2.384
17009,02/24/26 02:40:53 PM,0.00,0.33,348.2,2.598,97.717,1069.350,2.273
17010,02/24/26 02:50:53 PM,0.00,0.00,348.2,2.496,97.704,1069.350,2.169
17011,02/24/26 03:00:53 PM,0.00,0.00,348.2,2.614,97.923,1069.350,2.318
17012,02/24/26 03:10:53 PM,0.00,0.00,348.2,2.679,98.239,1069.350,2.428
17013,02/24/26 03:20:53 PM,0.00,1.67,345.4,2.925,98.296,1069.350,2.683
17014,02/24/26 03:30:53 PM,1.00,1.67,310.3,2.797,97.588,1069.350,2.453
17015,02/24/26 03:40:53 PM,1.00,1.67,314.5,2.853,98.006,1069.350,2.569
17016,02/24/26 03:50:53 PM,0.33,1.67,265.3,3.204,98.676,1069.350,3.016
17017,02/24/26 04:00:53 PM,1.00,2.34,256.9,3.435,98.177,1069.350,3.175
17018,02/24/26 04:10:53 PM,1.34,2.00,261.1,3.459,98.247,1069.350,3.209
17019,02/24/26 04:20:53 PM,1.67,2.67,262.5,3.486,97.720,1069.350,3.160
17020,02/24/26 04:30:53 PM,1.00,2.67,251.3,3.435,98.250,1069.350,3.186
17021,02/24/26 04:40:53 PM,1.00,2.00,261.1,3.451,98.720,1069.350,3.269
17022,02/24/26 04:50:53 PM,1.00,2.34,296.2,3.284,98.357,1069.350,3.050
17023,02/24/26 05:00:53 PM,0.67,1.34,345.4,2.896,98.250,1069.350,2.647
17024,02/24/26 05:10:53 PM,0.67,1.34,336.9,2.963,98.463,1069.350,2.744
17025,02/24/26 05:20:53 PM,1.00,2.00,342.6,2.813,98.408,1069.350,2.587
17026,02/24/26 05:30:53 PM,0.67,1.34,344.0,2.764,98.473,1069.350,2.547
17027,02/24/26 05:40:53 PM,0.33,1.34,345.4,2.786,98.817,1069.350,2.618
17028,02/24/26 05:50:53 PM,0.00,0.00,345.4,2.834,99.435,1069.350,2.754
17029,02/24/26 06:00:53 PM,0.00,0.00,345.4,2.805,99.701,1069.350,2.762
17030,02/24/26 06:10:53 PM,0.00,0.00,345.4,2.799,99.701,1069.350,2.756
17031,02/24/26 06:20:53 PM,0.00,0.00,345.4,2.732,99.983,1069.350,2.729
17032,02/24/26 06:30:53 PM,0.00,0.00,345.4,2.681,99.997,1069.350,2.680
17033,02/24/26 06:40:53 PM,0.00,0.00,345.4,2.689,99.997,1069.350,2.688
17034,02/24/26 06:50:53 PM,0.00,0.00,345.4,2.719,99.997,1069.350,2.718
17035,02/24/26 07:00:53 PM,0.00,0.00,345.4,2.679,99.997,1069.350,2.678
17036,02/24/26 07:10:53 PM,0.00,1.00,353.8,2.534,99.997,1069.350,2.533
17037,02/24/26 07:20:53 PM,0.00,0.00,355.2,2.590,99.997,1069.350,2.589
17038,02/24/26 07:30:53 PM,0.00,0.00,355.2,2.764,99.997,1069.350,2.763
17039,02/24/26 07:40:53 PM,0.00,0.00,355.2,2.944,99.997,1069.350,2.943
17040,02/24/26 07:50:53 PM,0.00,0.00,349.6,2.711,99.997,1069.350,2.710
17041,02/24/26 08:00:53 PM,0.00,0.00,276.6,2.526,99.997,1069.350,2.525
17042,02/24/26 08:10:53 PM,0.00,0.00,276.6,2.335,99.997,1069.350,2.333
17043,02/24/26 08:20:53 PM,0.33,1.34,276.6,2.167,99.997,1069.350,2.165
17044,02/24/26 08:30:53 PM,0.67,1.34,276.6,2.360,99.997,1069.350,2.358
17045,02/24/26 08:40:53 PM,1.34,2.34,261.1,3.032,99.997,1069.350,3.031
17046,02/24/26 08:50:53 PM,1.34,2.34,272.4,3.464,99.997,1069.350,3.464
17047,02/24/26 09:00:53 PM,1.00,1.67,256.9,3.472,99.997,1069.350,3.472
17048,02/24/26 09:10:53 PM,1.00,2.00,242.9,2.759,99.997,1069.350,2.758
17049,02/24/26 09:20:53 PM,1.34,2.00,217.6,2.601,99.997,1069.350,2.600
17050,02/24/26 09:30:53 PM,1.34,2.00,244.3,2.813,99.997,1069.350,2.812
17051,02/24/26 09:40:53 PM,1.00,1.67,278.0,2.539,99.997,1069.350,2.538
17052,02/24/26 09:50:53 PM,1.34,2.00,266.7,2.963,99.997,1069.350,2.962
17053,02/24/26 10:00:53 PM,1.00,2.00,261.1,3.137,99.997,1069.350,3.137
17054,02/24/26 10:10:53 PM,1.00,1.34,252.7,3.089,99.997,1069.350,3.089
17055,02/24/26 10:20:53 PM,1.00,2.00,231.6,2.791,99.997,1069.350,2.790
17056,02/24/26 10:30:53 PM,1.00,1.67,231.6,2.711,99.997,1069.350,2.710
17057,02/24/26 10:40:53 PM,1.00,1.34,226.0,2.727,99.997,1069.350,2.726
17058,02/24/26 10:50:53 PM,1.00,1.67,226.0,2.866,99.997,1069.350,2.865
17059,02/24/26 11:00:53 PM,0.67,1.34,226.0,2.955,99.997,1069.350,2.954
17060,02/24/26 11:10:53 PM,0.67,1.34,245.7,3.049,99.997,1069.350,3.048
17061,02/24/26 11:20:53 PM,0.67,1.00,241.5,3.113,99.997,1069.350,3.113
17062,02/24/26 11:30:53 PM,0.67,1.00,262.5,3.046,99.997,1069.350,3.045
17063,02/24/26 11:40:53 PM,0.67,1.00,262.5,2.944,99.997,1069.350,2.943
17064,02/24/26 11:50:53 PM,0.67,1.00,262.5,2.960,99.997,1069.350,2.959
17065,02/25/26 12:00:53 AM,1.00,1.67,258.3,3.019,99.997,1069.350,3.018
17066,02/25/26 12:10:53 AM,1.34,1.67,228.8,2.730,99.997,1069.350,2.729
17067,02/25/26 12:20:53 AM,0.67,1.34,228.8,2.555,99.997,1069.350,2.554
17068,02/25/26 12:30:53 AM,1.00,1.34,248.5,2.421,99.997,1069.350,2.419
17069,02/25/26 12:40:53 AM,1.00,1.67,262.5,2.491,99.997,1069.350,2.490
17070,02/25/26 12:50:53 AM,1.00,1.34,285.0,2.429,99.997,1069.350,2.427
17071,02/25/26 01:00:53 AM,0.67,1.34,280.8,2.850,99.997,1069.350,2.849
17072,02/25/26 01:10:53 AM,1.00,1.67,249.9,2.491,99.997,1069.350,2.490
17073,02/25/26 01:20:53 AM,1.34,1.67,245.7,2.595,99.997,1069.350,2.594
17074,02/25/26 01:30:53 AM,1.34,1.67,261.1,2.748,99.997,1069.350,2.747
17075,02/25/26 01:40:53 AM,1.34,1.67,268.1,3.193,99.997,1069.350,3.193
17076,02/25/26 01:50:53 AM,1.34,2.00,258.3,3.325,99.997,1069.350,3.325
17077,02/25/26 02:00:53 AM,1.67,2.00,262.5,3.228,99.997,1069.350,3.228
17078,02/25/26 02:10:53 AM,1.34,2.00,262.5,3.338,99.997,1069.350,3.338
17079,02/25/26 02:20:53 AM,1.67,2.34,248.5,3.185,99.997,1069.350,3.185
17080,02/25/26 02:30:53 AM,1.34,2.00,266.7,3.327,99.997,1069.350,3.327
17081,02/25/26 02:40:53 AM,1.34,2.00,254.1,3.225,99.997,1069.350,3.225
17082,02/25/26 02:50:53 AM,1.34,2.00,247.1,3.193,99.997,1069.350,3.193
17083,02/25/26 03:00:53 AM,1.67,2.67,259.7,3.247,99.997,1069.350,3.247
17084,02/25/26 03:10:53 AM,1.67,3.01,273.8,3.212,99.997,1069.350,3.212
17085,02/25/26 03:20:53 AM,2.00,2.67,272.4,3.488,99.997,1069.350,3.488
17086,02/25/26 03:30:53 AM,2.34,3.67,271.0,3.767,99.997,1069.350,3.768
17087,02/25/26 03:40:53 AM,2.34,3.34,268.1,3.847,99.997,1069.350,3.848
17088,02/25/26 03:50:53 AM,2.67,4.01,268.1,3.880,99.997,1069.350,3.881
17089,02/25/26 04:00:53 AM,4.01,6.01,269.6,4.260,99.992,1069.350,4.261
17090,02/25/26 04:10:53 AM,4.01,5.68,272.4,4.413,99.693,1069.350,4.371
17091,02/25/26 04:20:53 AM,3.34,4.68,276.6,4.392,99.457,1069.350,4.316
17092,02/25/26 04:30:53 AM,3.34,5.01,282.2,4.443,99.445,1069.350,4.366
17093,02/25/26 04:40:53 AM,3.34,5.01,276.6,4.469,99.083,1069.350,4.340
17094,02/25/26 04:50:53 AM,3.34,4.34,269.6,4.386,98.955,1069.350,4.238
17095,02/25/26 05:00:53 AM,3.34,5.01,276.6,4.341,99.335,1069.350,4.248
17096,02/25/26 05:10:53 AM,3.01,4.68,272.4,4.309,99.075,1069.350,4.178
17097,02/25/26 05:20:53 AM,3.01,4.68,280.8,4.335,99.309,1069.350,4.238
17098,02/25/26 05:30:53 AM,3.01,4.01,273.8,4.349,98.976,1069.350,4.204
17099,02/25/26 05:40:53 AM,2.67,4.01,272.4,4.180,99.219,1069.350,4.070
17100,02/25/26 05:50:53 AM,2.67,4.01,269.6,4.008,99.713,1069.350,3.969
17101,02/25/26 06:00:53 AM,2.67,4.01,265.3,4.030,99.519,1069.350,3.963
17102,02/25/26 06:10:53 AM,3.01,4.01,265.3,3.955,99.118,1069.350,3.830
17103,02/25/26 06:20:53 AM,3.34,4.68,263.9,4.252,98.526,1069.350,4.042
17104,02/25/26 06:30:53 AM,3.01,4.34,276.6,4.223,98.482,1069.350,4.007
17105,02/25/26 06:40:53 AM,3.01,5.01,276.6,4.223,98.468,1069.350,4.005
17106,02/25/26 06:50:53 AM,3.34,5.01,269.6,4.255,98.393,1069.350,4.026
17107,02/25/26 07:00:53 AM,4.01,5.68,262.5,4.614,97.560,1069.350,4.264
17108,02/25/26 07:10:53 AM,4.34,7.35,259.7,4.727,97.392,1069.350,4.352
17109,02/25/26 07:20:53 AM,4.68,8.02,262.5,4.826,97.270,1069.350,4.433
17110,02/25/26 07:30:53 AM,4.34,6.35,261.1,4.641,97.331,1069.350,4.257
17111,02/25/26 07:40:53 AM,4.34,6.35,261.1,4.614,97.884,1069.350,4.311
17112,02/25/26 07:50:53 AM,3.67,5.01,263.9,4.491,98.590,1069.350,4.290
17113,02/25/26 08:00:53 AM,3.67,5.68,269.6,4.451,98.897,1069.350,4.295
17114,02/25/26 08:10:53 AM,3.67,5.34,272.4,4.469,99.100,1069.350,4.342
17115,02/25/26 08:20:53 AM,4.34,5.68,292.0,4.416,99.815,1069.350,4.392
17116,02/25/26 08:30:53 AM,4.01,5.68,271.0,4.405,99.883,1069.350,4.390
17117,02/25/26 08:40:53 AM,4.34,7.68,263.9,4.480,99.527,1069.350,4.414
17118,02/25/26 08:50:53 AM,5.68,8.02,263.9,4.740,98.653,1069.350,4.549
17119,02/25/26 09:00:53 AM,5.01,8.35,276.6,4.732,99.255,1069.350,4.628
17120,02/25/26 09:10:53 AM,6.01,9.68,272.4,4.719,99.005,1069.350,4.579
17121,02/25/26 09:20:53 AM,5.34,7.68,269.6,4.813,98.869,1069.350,4.653
17122,02/25/26 09:30:53 AM,5.01,7.35,266.7,4.783,99.013,1069.350,4.644
17123,02/25/26 09:40:53 AM,5.01,7.35,276.6,4.949,98.553,1069.350,4.743
17124,02/25/26 09:50:53 AM,5.01,7.68,273.8,4.990,97.899,1069.350,4.689
17125,02/25/26 10:00:53 AM,4.68,7.01,275.2,4.906,98.059,1069.350,4.628
17126,02/25/26 10:10:53 AM,3.67,5.68,272.4,4.898,97.948,1069.350,4.604
17127,02/25/26 10:20:53 AM,3.34,5.34,265.3,4.789,98.419,1069.350,4.564
17128,02/25/26 10:30:53 AM,4.01,6.35,263.9,4.797,98.193,1069.350,4.539
17129,02/25/26 10:40:53 AM,4.34,6.68,265.3,4.984,97.217,1069.350,4.583
17130,02/25/26 10:50:53 AM,4.34,6.68,261.1,4.982,97.507,1069.350,4.623
17131,02/25/26 11:00:53 AM,4.68,6.68,256.9,4.920,97.061,1069.350,4.496
17132,02/25/26 11:10:53 AM,4.34,6.01,256.9,4.923,96.919,1069.350,4.478
17133,02/25/26 11:20:53 AM,4.01,6.68,261.1,5.156,96.747,1069.350,4.685
17134,02/25/26 11:30:53 AM,4.34,6.68,263.9,5.601,94.574,1069.350,4.803
17135,02/25/26 11:40:53 AM,4.01,6.01,272.4,5.998,92.789,1069.350,4.925
17136,02/25/26 11:50:53 AM,4.01,5.34,283.6,6.150,90.994,1069.350,4.795
17137,02/25/26 12:00:53 PM,4.34,6.01,283.6,5.890,88.656,1069.350,4.166
17138,02/25/26 12:10:53 PM,3.67,5.68,299.0,5.614,90.867,1069.350,4.245
17139,02/25/26 12:20:53 PM,3.34,4.68,294.8,5.456,91.673,1069.350,4.214
17140,02/25/26 12:30:53 PM,3.34,5.01,296.2,5.606,92.082,1069.350,4.426
17141,02/25/26 12:40:53 PM,4.34,6.01,311.7,5.695,90.718,1069.350,4.301
17142,02/25/26 12:50:53 PM,3.67,6.01,310.3,5.531,88.386,1069.350,3.769
17143,02/25/26 01:00:53 PM,4.34,6.68,310.3,5.638,87.874,1069.350,3.792
17144,02/25/26 01:10:53 PM,4.34,8.02,307.5,5.244,85.740,1069.350,3.055
17145,02/25/26 01:20:53 PM,4.68,8.02,299.0,5.188,83.128,1069.350,2.564
17146,02/25/26 01:30:53 PM,7.01,10.35,292.0,5.263,79.930,1069.350,2.087
17147,02/25/26 01:40:53 PM,6.35,9.35,289.2,5.113,80.095,1069.350,1.970
17148,02/25/26 01:50:53 PM,6.68,10.02,286.4,5.231,78.329,1069.350,1.773
17149,02/25/26 02:00:53 PM,6.68,10.35,292.0,5.789,76.785,1069.350,2.037
17150,02/25/26 02:10:53 PM,6.35,9.02,294.8,5.850,74.861,1069.350,1.741
17151,02/25/26 02:20:53 PM,6.01,10.02,293.4,5.679,74.882,1069.350,1.580
17152,02/25/26 02:30:53 PM,5.34,8.35,289.2,5.665,75.816,1069.350,1.739
17153,02/25/26 02:40:53 PM,4.34,7.01,275.2,5.746,78.528,1069.350,2.310
17154,02/25/26 02:50:53 PM,4.68,8.02,262.5,5.740,80.578,1069.350,2.666
17155,02/25/26 03:00:53 PM,4.68,7.68,258.3,5.703,81.436,1069.350,2.779
17156,02/25/26 03:10:53 PM,6.35,8.68,262.5,5.622,80.447,1069.350,2.528
17157,02/25/26 03:20:53 PM,6.01,9.35,269.6,5.791,80.305,1069.350,2.668
17158,02/25/26 03:30:53 PM,6.35,9.02,268.1,5.671,80.601,1069.350,2.603
17159,02/25/26 03:40:53 PM,6.35,9.35,275.2,5.705,81.984,1069.350,2.876
17160,02/25/26 03:50:53 PM,5.01,7.68,263.9,5.692,82.017,1069.350,2.868
17161,02/25/26 04:00:53 PM,5.34,8.35,279.4,5.941,80.063,1069.350,2.772
17162,02/25/26 04:10:53 PM,5.68,7.35,273.8,5.673,78.982,1069.350,2.320
17163,02/25/26 04:20:53 PM,5.34,8.35,266.7,5.641,78.776,1069.350,2.252
17164,02/25/26 04:30:53 PM,5.34,8.02,268.1,5.478,78.546,1069.350,2.052
17165,02/25/26 04:40:53 PM,5.34,8.02,271.0,5.402,78.897,1069.350,2.040
17166,02/25/26 04:50:53 PM,5.01,7.68,273.8,5.531,78.915,1069.350,2.169
17167,02/25/26 05:00:53 PM,5.34,8.02,271.0,5.397,78.784,1069.350,2.016
17168,02/25/26 05:10:53 PM,5.34,8.02,266.7,5.177,79.129,1069.350,1.862
17169,02/25/26 05:20:53 PM,5.68,8.02,266.7,5.641,76.994,1069.350,1.931
17170,02/25/26 05:30:53 PM,5.01,7.35,262.5,5.459,77.899,1069.350,1.918
17171,02/25/26 05:40:53 PM,4.68,7.01,262.5,5.201,79.716,1069.350,1.989
17172,02/25/26 05:50:53 PM,5.68,8.68,269.6,5.091,79.683,1069.350,1.876
17173,02/25/26 06:00:53 PM,5.68,8.68,271.0,5.102,81.444,1069.350,2.193
17174,02/25/26 06:10:53 PM,5.34,9.02,265.3,4.512,84.656,1069.350,2.157
17175,02/25/26 06:20:53 PM,5.34,7.68,268.1,4.236,86.105,1069.350,2.123
17176,02/25/26 06:30:53 PM,5.01,6.68,271.0,3.955,86.612,1069.350,1.929
17177,02/25/26 06:40:53 PM,3.67,5.34,268.1,3.443,87.930,1069.350,1.635
17178,02/25/26 06:50:53 PM,3.01,4.68,263.9,2.915,89.499,1069.350,1.360
17179,02/25/26 07:00:53 PM,3.34,4.68,262.5,2.435,90.834,1069.350,1.091
17180,02/25/26 07:10:53 PM,3.67,5.34,275.2,2.167,91.429,1069.350,0.916
17181,02/25/26 07:20:53 PM,4.01,5.68,271.0,2.046,91.209,1069.350,0.763
17182,02/25/26 07:30:53 PM,3.67,5.68,269.6,1.944,90.990,1069.350,0.628
17183,02/25/26 07:40:53 PM,3.67,5.34,272.4,1.767,91.125,1069.350,0.474
17184,02/25/26 07:50:53 PM,3.67,4.68,273.8,1.528,91.772,1069.350,0.334
17185,02/25/26 08:00:53 PM,3.67,5.34,276.6,1.606,91.852,1069.350,0.424
17186,02/25/26 08:10:53 PM,3.67,5.01,272.4,1.536,92.152,1069.350,0.399
17187,02/25/26 08:20:53 PM,4.01,5.34,272.4,1.518,92.172,1069.350,0.385
17188,02/25/26 08:30:53 PM,3.67,5.34,278.0,1.386,92.766,1069.350,0.342
17189,02/25/26 08:40:53 PM,4.01,5.68,287.8,1.595,91.699,1069.350,0.390
17190,02/25/26 08:50:53 PM,3.67,5.34,278.0,1.421,91.875,1069.350,0.244
17191,02/25/26 09:00:53 PM,3.67,5.01,282.2,1.311,91.846,1069.350,0.130
17192,02/25/26 09:10:53 PM,3.67,5.68,279.4,1.362,91.283,1069.350,0.096
17193,02/25/26 09:20:53 PM,3.67,5.34,275.2,1.097,92.227,1069.350,-0.025
17194,02/25/26 09:30:53 PM,4.01,5.34,279.4,1.099,92.016,1069.350,-0.054
17195,02/25/26 09:40:53 PM,4.01,5.68,276.6,1.231,90.921,1069.350,-0.088
17196,02/25/26 09:50:53 PM,4.01,6.01,282.2,1.244,89.982,1069.350,-0.218
17197,02/25/26 10:00:53 PM,4.01,5.68,280.8,1.263,88.977,1069.350,-0.354
17198,02/25/26 10:10:53 PM,3.34,5.34,306.1,1.175,88.121,1069.350,-0.573
17199,02/25/26 10:20:53 PM,3.67,4.68,306.1,0.856,87.866,1069.350,-0.927
17200,02/25/26 10:30:53 PM,2.67,3.67,301.8,0.515,87.968,1069.350,-1.248
17201,02/25/26 10:40:53 PM,3.01,4.01,293.4,0.469,87.533,1069.350,-1.361
17202,02/25/26 10:50:53 PM,2.67,4.34,279.4,0.553,86.435,1069.350,-1.450
17203,02/25/26 11:00:53 PM,2.34,3.67,272.4,0.711,85.365,1069.350,-1.464
17204,02/25/26 11:10:53 PM,2.34,3.34,275.2,0.445,86.337,1069.350,-1.572
17205,02/25/26 11:20:53 PM,2.34,3.34,271.0,0.673,85.841,1069.350,-1.426
17206,02/25/26 11:30:53 PM,3.01,4.34,280.8,0.834,86.204,1069.350,-1.210
17207,02/25/26 11:40:53 PM,3.01,4.34,273.8,1.016,84.578,1069.350,-1.290
17208,02/25/26 11:50:53 PM,2.34,3.34,273.8,0.641,85.425,1069.350,-1.523
17209,02/26/26 12:00:53 AM,1.34,2.67,265.3,0.070,87.262,1069.350,-1.797
17210,02/26/26 12:10:53 AM,0.33,1.67,310.3,-0.807,90.376,1069.350,-2.188
17211,02/26/26 12:20:53 AM,0.67,1.67,63.2,-1.734,93.994,1069.350,-2.579
17212,02/26/26 12:30:53 AM,0.67,1.34,188.1,-1.675,94.621,1069.350,-2.431
17213,02/26/26 12:40:53 AM,1.00,1.67,127.8,-1.587,94.592,1069.350,-2.347
17214,02/26/26 12:50:53 AM,0.67,1.67,73.0,-1.582,94.295,1069.350,-2.385
17215,02/26/26 01:00:53 AM,0.00,1.00,73.0,-1.490,93.632,1069.350,-2.388
17216,02/26/26 01:10:53 AM,0.33,1.34,73.0,-1.683,93.924,1069.350,-2.538
17217,02/26/26 01:20:53 AM,1.00,1.67,59.0,-1.397,91.923,1069.350,-2.544
17218,02/26/26 01:30:53 AM,0.00,1.00,56.2,-1.139,91.109,1069.350,-2.408
17219,02/26/26 01:40:53 AM,0.00,0.33,56.2,-1.163,92.457,1069.350,-2.234
17220,02/26/26 01:50:53 AM,0.67,1.34,141.8,-1.474,93.375,1069.350,-2.409
17221,02/26/26 02:00:53 AM,1.67,2.67,240.1,-2.201,95.755,1069.350,-2.794
17222,02/26/26 02:10:53 AM,0.67,1.34,308.9,-2.681,96.860,1069.350,-3.119
17223,02/26/26 02:20:53 AM,1.00,1.67,53.3,-2.171,94.726,1069.350,-2.909
17224,02/26/26 02:30:53 AM,1.00,1.67,66.0,-2.214,95.045,1069.350,-2.907
17225,02/26/26 02:40:53 AM,1.00,2.67,327.1,-0.555,91.537,1069.350,-1.766
17226,02/26/26 02:50:53 AM,1.34,2.67,310.3,-0.909,91.247,1069.350,-2.160
17227,02/26/26 03:00:53 AM,1.67,2.67,289.2,-1.346,92.250,1069.350,-2.446
17228,02/26/26 03:10:53 AM,2.00,3.01,252.7,-1.195,93.419,1069.350,-2.126
17229,02/26/26 03:20:53 AM,1.34,2.34,256.9,-1.783,94.795,1069.350,-2.513
17230,02/26/26 03:30:53 AM,1.00,2.00,261.1,-1.882,95.297,1069.350,-2.541
17231,02/26/26 03:40:53 AM,1.34,1.67,255.5,-2.040,94.810,1069.350,-2.767
17232,02/26/26 03:50:53 AM,1.67,2.67,256.9,-1.933,95.831,1069.350,-2.516
17233,02/26/26 04:00:53 AM,2.34,3.01,242.9,-1.868,95.502,1069.350,-2.498
17234,02/26/26 04:10:53 AM,1.00,1.67,278.0,-2.378,95.938,1069.350,-2.945
17235,02/26/26 04:20:53 AM,0.33,1.34,348.2,-2.233,95.827,1069.350,-2.816
17236,02/26/26 04:30:53 AM,1.67,2.67,280.8,-1.630,91.189,1069.350,-2.883
17237,02/26/26 04:40:53 AM,1.34,2.34,278.0,-2.418,92.866,1069.350,-3.421
17238,02/26/26 04:50:53 AM,1.00,2.00,292.0,-2.249,92.322,1069.350,-3.331
17239,02/26/26 05:00:53 AM,2.00,2.67,283.6,-2.673,94.664,1069.350,-3.418
17240,02/26/26 05:10:53 AM,2.00,3.67,306.1,-2.212,92.981,1069.350,-3.199
17241,02/26/26 05:20:53 AM,3.34,4.68,303.2,-1.000,87.921,1069.350,-2.750
17242,02/26/26 05:30:53 AM,2.34,3.34,303.2,-1.603,87.684,1069.350,-3.382
17243,02/26/26 05:40:53 AM,3.01,4.34,317.3,-1.520,85.130,1069.350,-3.695
17244,02/26/26 05:50:53 AM,3.01,4.34,310.3,-0.850,81.540,1069.350,-3.613
17245,02/26/26 06:00:53 AM,1.67,3.34,285.0,-0.978,82.492,1069.350,-3.583
17246,02/26/26 06:10:53 AM,1.34,2.34,223.2,-2.276,87.990,1069.350,-3.999
17247,02/26/26 06:20:53 AM,2.34,3.34,220.4,-2.356,89.369,1069.350,-3.871
17248,02/26/26 06:30:53 AM,2.00,2.67,235.9,-2.295,89.078,1069.350,-3.855
17249,02/26/26 06:40:53 AM,2.34,3.34,230.2,-2.407,89.212,1069.350,-3.945
17250,02/26/26 06:50:53 AM,1.34,2.34,256.9,-3.265,92.003,1069.350,-4.386
17251,02/26/26 07:00:53 AM,1.67,3.34,252.7,-3.871,92.535,1069.350,-4.911
17252,02/26/26 07:10:53 AM,2.67,3.67,268.1,-2.852,87.037,1069.350,-4.712
17253,02/26/26 07:20:53 AM,2.67,3.34,271.0,-2.705,84.965,1069.350,-4.886
17254,02/26/26 07:30:53 AM,2.67,3.67,259.7,-2.204,82.803,1069.350,-4.734
17255,02/26/26 07:40:53 AM,2.34,3.01,263.9,-1.989,81.395,1069.350,-4.751
17256,02/26/26 07:50:53 AM,1.67,2.34,254.1,-1.697,80.485,1069.350,-4.614
17257,02/26/26 08:00:53 AM,1.00,1.67,258.3,-2.748,84.358,1069.350,-5.023
17258,02/26/26 08:10:53 AM,1.00,2.00,224.6,-3.134,85.922,1069.350,-5.160
17259,02/26/26 08:20:53 AM,1.00,2.34,223.2,-3.456,88.246,1069.350,-5.126
17260,02/26/26 08:30:53 AM,1.34,2.67,255.5,-2.823,85.847,1069.350,-4.865
17261,02/26/26 08:40:53 AM,1.67,3.01,261.1,-2.764,86.062,1069.350,-4.774
17262,02/26/26 08:50:53 AM,3.01,3.67,255.5,-2.450,87.120,1069.350,-4.303
17263,02/26/26 09:00:53 AM,3.01,4.01,261.1,-1.691,86.271,1069.350,-3.685
17264,02/26/26 09:10:53 AM,2.67,3.67,248.5,-0.962,85.182,1069.350,-3.138
17265,02/26/26 09:20:53 AM,3.01,5.01,244.3,0.145,79.145,1069.350,-3.040
17266,02/26/26 09:30:53 AM,3.34,4.68,224.6,0.888,74.862,1069.350,-3.064
17267,02/26/26 09:40:53 AM,3.01,5.34,226.0,1.652,70.700,1069.350,-3.093
17268,02/26/26 09:50:53 AM,2.67,5.01,265.3,2.435,67.539,1069.350,-2.955
17269,02/26/26 10:00:53 AM,4.68,7.01,269.6,2.432,65.907,1069.350,-3.286
17270,02/26/26 10:10:53 AM,4.34,7.01,271.0,2.864,64.060,1069.350,-3.255
17271,02/26/26 10:20:53 AM,4.34,7.01,273.8,3.260,62.864,1069.350,-3.131
17272,02/26/26 10:30:53 AM,5.34,8.35,280.8,3.236,60.650,1069.350,-3.633
17273,02/26/26 10:40:53 AM,5.01,7.35,275.2,3.424,60.650,1069.350,-3.456
17274,02/26/26 10:50:53 AM,5.01,7.35,275.2,3.622,59.698,1069.350,-3.480
17275,02/26/26 11:00:53 AM,5.68,9.02,282.2,3.665,59.440,1069.350,-3.497
17276,02/26/26 11:10:53 AM,5.68,9.02,290.6,3.984,59.661,1069.350,-3.147
17277,02/26/26 11:20:53 AM,5.34,8.68,283.6,4.030,60.000,1069.350,-3.028
17278,02/26/26 11:30:53 AM,5.68,8.35,287.8,3.998,58.932,1069.350,-3.298
17279,02/26/26 11:40:53 AM,5.68,8.02,282.2,4.180,59.429,1069.350,-3.014
17280,02/26/26 11:50:53 AM,6.01,8.68,275.2,4.276,59.695,1069.350,-2.864
17281,02/26/26 12:00:53 PM,5.34,7.35,273.8,4.301,59.203,1069.350,-2.951
17282,02/26/26 12:10:53 PM,5.68,8.35,289.2,4.512,59.294,1069.350,-2.732
17283,02/26/26 12:20:53 PM,5.68,8.02,282.2,4.716,59.397,1069.350,-2.516
17284,02/26/26 12:30:53 PM,6.35,9.02,278.0,4.534,56.214,1069.350,-3.426
17285,02/26/26 12:40:53 PM,6.01,9.35,276.6,4.593,54.980,1069.350,-3.668
17286,02/26/26 12:50:53 PM,5.68,8.68,286.4,4.735,54.827,1069.350,-3.572
17287,02/26/26 01:00:53 PM,5.01,7.35,273.8,5.030,55.984,1069.350,-3.017
17288,02/26/26 01:10:53 PM,5.01,8.02,283.6,5.204,55.613,1069.350,-2.943
17289,02/26/26 01:20:53 PM,4.68,7.01,282.2,5.456,54.769,1069.350,-2.913
17290,02/26/26 01:30:53 PM,4.34,6.68,268.1,5.821,52.320,1069.350,-3.187
17291,02/26/26 01:40:53 PM,4.01,6.01,272.4,5.957,51.884,1069.350,-3.173
17292,02/26/26 01:50:53 PM,4.01,6.68,263.9,6.443,52.070,1069.350,-2.673
17293,02/26/26 02:00:53 PM,4.34,6.35,256.9,6.550,50.124,1069.350,-3.086
17294,02/26/26 02:10:53 PM,4.34,7.01,256.9,6.622,49.168,1069.350,-3.278
17295,02/26/26 02:20:53 PM,4.68,7.68,262.5,6.531,47.831,1069.350,-3.730
17296,02/26/26 02:30:53 PM,4.34,7.68,261.1,6.786,52.001,1069.350,-2.373
17297,02/26/26 02:40:53 PM,4.34,7.01,271.0,6.839,51.444,1069.350,-2.469
17298,02/26/26 02:50:53 PM,5.01,7.35,258.3,6.882,51.136,1069.350,-2.510
17299,02/26/26 03:00:53 PM,5.34,7.68,254.1,6.713,52.540,1069.350,-2.302
17300,02/26/26 03:10:53 PM,5.34,8.02,256.9,6.885,51.818,1069.350,-2.329
17301,02/26/26 03:20:53 PM,5.68,8.68,259.7,6.864,50.138,1069.350,-2.792
17302,02/26/26 03:30:53 PM,5.34,8.35,261.1,6.738,51.839,1069.350,-2.460
17303,02/26/26 03:40:53 PM,5.01,7.68,266.7,6.920,51.267,1069.350,-2.441
17304,02/26/26 03:50:53 PM,5.34,8.68,265.3,6.689,50.161,1069.350,-2.948
17305,02/26/26 04:00:53 PM,4.68,7.35,278.0,6.823,49.648,1069.350,-2.962
17306,02/26/26 04:10:53 PM,4.68,7.35,278.0,7.172,48.740,1069.350,-2.888
17307,02/26/26 04:20:53 PM,4.68,7.68,279.4,7.183,47.703,1069.350,-3.166
17308,02/26/26 04:30:53 PM,5.01,7.35,286.4,7.247,45.046,1069.350,-3.873
17309,02/26/26 04:40:53 PM,4.68,8.02,276.6,7.268,43.032,1069.350,-4.462
17310,02/26/26 04:50:53 PM,4.01,6.35,275.2,7.282,42.797,1069.350,-4.522
17311,02/26/26 05:00:53 PM,3.34,5.68,261.1,7.537,42.170,1069.350,-4.486
17312,02/26/26 05:10:53 PM,3.34,5.68,265.3,7.834,39.640,1069.350,-5.036
17313,02/26/26 05:20:53 PM,3.67,5.68,256.9,7.837,40.603,1069.350,-4.716
17314,02/26/26 05:30:53 PM,3.34,5.34,248.5,7.735,40.189,1069.350,-4.943
17315,02/26/26 05:40:53 PM,4.01,5.34,240.1,7.708,40.069,1069.350,-5.007
17316,02/26/26 05:50:53 PM,4.01,5.68,244.3,7.352,40.304,1069.350,-5.251
17317,02/26/26 06:00:53 PM,3.67,5.68,255.5,7.022,40.645,1069.350,-5.438
17318,02/26/26 06:10:53 PM,3.67,5.68,261.1,6.561,42.698,1069.350,-5.207
17319,02/26/26 06:20:53 PM,4.01,5.68,254.1,6.118,44.195,1069.350,-5.155
17320,02/26/26 06:30:53 PM,4.01,6.01,263.9,5.242,47.543,1069.350,-4.994
17321,02/26/26 06:40:53 PM,3.34,5.34,269.6,4.539,50.460,1069.350,-4.857
17322,02/26/26 06:50:53 PM,2.67,4.68,271.0,3.649,54.092,1069.350,-4.765
17323,02/26/26 07:00:53 PM,2.00,3.01,273.8,3.341,54.289,1069.350,-5.005
17324,02/26/26 07:10:53 PM,1.67,2.34,251.3,2.657,54.994,1069.350,-5.474
17325,02/26/26 07:20:53 PM,2.00,3.34,262.5,2.212,56.544,1069.350,-5.526
17326,02/26/26 07:30:53 PM,1.34,2.67,254.1,1.965,57.186,1069.350,-5.609
17327,02/26/26 07:40:53 PM,1.34,2.00,242.9,0.880,61.636,1069.350,-5.650
17328,02/26/26 07:50:53 PM,2.34,3.67,261.1,0.507,63.915,1069.350,-5.527
17329,02/26/26 08:00:53 PM,2.34,3.01,276.6,0.239,64.401,1069.350,-5.683
17330,02/26/26 08:10:53 PM,1.67,3.01,265.3,1.000,60.435,1069.350,-5.794
17331,02/26/26 08:20:53 PM,1.34,2.00,282.2,-0.528,68.132,1069.350,-5.678
17332,02/26/26 08:30:53 PM,1.34,2.00,283.6,-1.043,71.421,1069.350,-5.554
17333,02/26/26 08:40:53 PM,1.34,2.00,299.0,-0.657,67.405,1069.350,-5.942
17334,02/26/26 08:50:53 PM,1.67,2.00,285.0,-0.209,64.520,1069.350,-6.086
17335,02/26/26 09:00:53 PM,1.67,2.34,287.8,-0.603,66.493,1069.350,-6.068
17336,02/26/26 09:10:53 PM,2.00,2.67,297.6,-0.241,65.533,1069.350,-5.913
17337,02/26/26 09:20:53 PM,2.00,2.67,262.5,-0.351,65.118,1069.350,-6.101
17338,02/26/26 09:30:53 PM,1.67,2.34,279.4,-1.166,69.512,1069.350,-6.027
17339,02/26/26 09:40:53 PM,1.34,2.00,283.6,-1.911,73.548,1069.350,-6.008
17340,02/26/26 09:50:53 PM,1.00,1.67,280.8,-1.504,70.478,1069.350,-6.172
17341,02/26/26 10:00:53 PM,0.67,2.00,287.8,-1.391,68.054,1069.350,-6.520
17342,02/26/26 10:10:53 PM,0.33,1.34,276.6,-1.238,67.344,1069.350,-6.510
17343,02/26/26 10:20:53 PM,1.00,2.00,294.8,-1.265,67.782,1069.350,-6.451
17344,02/26/26 10:30:53 PM,2.34,3.01,271.0,-0.643,67.498,1069.350,-5.910
17345,02/26/26 10:40:53 PM,2.00,3.01,282.2,-0.517,67.892,1069.350,-5.713
17346,02/26/26 10:50:53 PM,2.00,3.01,282.2,-0.667,67.311,1069.350,-5.969
17347,02/26/26 11:00:53 PM,2.00,2.67,280.8,-0.241,64.352,1069.350,-6.150
17348,02/26/26 11:10:53 PM,2.34,3.01,269.6,0.180,61.758,1069.350,-6.287
17349,02/26/26 11:20:53 PM,2.34,3.01,271.0,0.220,60.792,1069.350,-6.455
17350,02/26/26 11:30:53 PM,2.00,2.67,282.2,-0.005,61.794,1069.350,-6.455
17351,02/26/26 11:40:53 PM,2.00,2.67,276.6,0.067,61.186,1069.350,-6.516
17352,02/26/26 11:50:53 PM,1.67,3.01,297.6,-0.893,67.007,1069.350,-6.245
17353,02/27/26 12:00:53 AM,2.34,3.34,269.6,0.518,61.846,1069.350,-5.948
17354,02/27/26 12:10:53 AM,1.67,2.34,280.8,-1.128,69.627,1069.350,-5.969
17355,02/27/26 12:20:53 AM,1.67,2.00,282.2,-0.750,69.174,1069.350,-5.692
17356,02/27/26 12:30:53 AM,1.34,2.34,289.2,-0.925,70.677,1069.350,-5.578
17357,02/27/26 12:40:53 AM,1.34,2.67,294.8,-1.061,71.577,1069.350,-5.543
17358,02/27/26 12:50:53 AM,2.00,3.01,304.7,-0.807,69.987,1069.350,-5.593
17359,02/27/26 01:00:53 AM,1.67,2.34,268.1,-0.646,69.142,1069.350,-5.598
17360,02/27/26 01:10:53 AM,1.67,2.34,268.1,-1.525,73.712,1069.350,-5.605
17361,02/27/26 01:20:53 AM,1.67,2.00,287.8,-1.729,75.023,1069.350,-5.571
17362,02/27/26 01:30:53 AM,1.67,2.34,286.4,-0.922,70.649,1069.350,-5.580
17363,02/27/26 01:40:53 AM,1.34,2.34,276.6,-0.710,69.007,1069.350,-5.685
17364,02/27/26 01:50:53 AM,1.67,2.34,285.0,-1.005,70.536,1069.350,-5.681
17365,02/27/26 02:00:53 AM,1.67,2.00,268.1,-1.488,72.235,1069.350,-5.835
17366,02/27/26 02:10:53 AM,1.67,2.34,266.7,-1.844,74.405,1069.350,-5.791
17367,02/27/26 02:20:53 AM,2.00,4.34,290.6,-2.153,76.753,1069.350,-5.684
17368,02/27/26 02:30:53 AM,2.34,3.34,299.0,-0.925,70.906,1069.350,-5.535
17369,02/27/26 02:40:53 AM,3.34,5.34,310.3,-0.485,69.192,1069.350,-5.434
17370,02/27/26 02:50:53 AM,4.68,5.68,318.7,-0.354,68.917,1069.350,-5.360
17371,02/27/26 03:00:53 AM,4.68,6.01,318.7,-0.777,70.260,1069.350,-5.513
17372,02/27/26 03:10:53 AM,4.34,6.35,321.5,-0.973,71.212,1069.350,-5.525
17373,02/27/26 03:20:53 AM,4.34,6.01,324.3,-0.960,71.061,1069.350,-5.540
17374,02/27/26 03:30:53 AM,3.67,5.68,318.7,-1.236,72.262,1069.350,-5.586
17375,02/27/26 03:40:53 AM,2.67,4.01,314.5,-1.565,73.962,1069.350,-5.599
17376,02/27/26 03:50:53 AM,2.00,3.67,307.5,-1.724,74.405,1069.350,-5.675
17377,02/27/26 04:00:53 AM,1.67,2.67,285.0,-1.817,74.508,1069.350,-5.747
17378,02/27/26 04:10:53 AM,2.00,3.01,296.2,-1.973,75.583,1069.350,-5.710
17379,02/27/26 04:20:53 AM,1.34,2.34,280.8,-1.949,75.024,1069.350,-5.784
17380,02/27/26 04:30:53 AM,1.34,2.00,263.9,-1.713,74.058,1069.350,-5.725
17381,02/27/26 04:40:53 AM,1.34,2.34,268.1,-1.890,74.432,1069.350,-5.831
17382,02/27/26 04:50:53 AM,3.01,4.34,313.1,-1.901,74.777,1069.350,-5.781
17383,02/27/26 05:00:53 AM,2.34,4.01,292.0,-1.901,74.548,1069.350,-5.821
17384,02/27/26 05:10:53 AM,1.34,2.34,237.3,-2.458,77.237,1069.350,-5.898
17385,02/27/26 05:20:53 AM,1.00,1.67,293.4,-2.313,75.763,1069.350,-6.009
17386,02/27/26 05:30:53 AM,1.34,2.34,273.8,-1.954,74.545,1069.350,-5.873
17387,02/27/26 05:40:53 AM,1.67,3.01,283.6,-2.094,74.887,1069.350,-5.949
17388,02/27/26 05:50:53 AM,2.67,5.01,304.7,-1.906,74.214,1069.350,-5.885
17389,02/27/26 06:00:53 AM,2.34,3.67,294.8,-1.772,73.625,1069.350,-5.859
17390,02/27/26 06:10:53 AM,2.00,2.67,265.3,-1.565,72.926,1069.350,-5.784
17391,02/27/26 06:20:53 AM,2.00,3.01,241.5,-1.603,73.610,1069.350,-5.699
17392,02/27/26 06:30:53 AM,2.34,3.67,245.7,-0.992,70.431,1069.350,-5.688
17393,02/27/26 06:40:53 AM,2.67,4.68,283.6,-0.482,67.846,1069.350,-5.689
17394,02/27/26 06:50:53 AM,3.67,5.01,308.9,-0.525,66.558,1069.350,-5.981
17395,02/27/26 07:00:53 AM,2.00,4.01,279.4,-0.785,68.154,1069.350,-5.920
17396,02/27/26 07:10:53 AM,2.34,3.67,251.3,-0.960,69.387,1069.350,-5.853
17397,02/27/26 07:20:53 AM,2.67,4.01,255.5,-1.793,73.892,1069.350,-5.832
17398,02/27/26 07:30:53 AM,2.34,3.34,261.1,-1.630,71.749,1069.350,-6.060
17399,02/27/26 07:40:53 AM,2.00,3.01,269.6,-2.128,73.915,1069.350,-6.152
17400,02/27/26 07:50:53 AM,2.34,4.01,262.5,-1.836,71.373,1069.350,-6.327
17401,02/27/26 08:00:53 AM,3.01,6.01,292.0,-1.767,70.108,1069.350,-6.494
17402,02/27/26 08:10:53 AM,4.34,5.68,304.7,-1.539,68.066,1069.350,-6.659
17403,02/27/26 08:20:53 AM,4.01,5.34,300.4,-1.421,67.048,1069.350,-6.742
17404,02/27/26 08:30:53 AM,2.34,3.34,249.9,-1.627,69.097,1069.350,-6.548
17405,02/27/26 08:40:53 AM,2.67,4.01,254.1,-1.627,70.542,1069.350,-6.279
17406,02/27/26 08:50:53 AM,3.34,5.01,261.1,-1.021,69.912,1069.350,-5.813
17407,02/27/26 09:00:53 AM,3.67,5.01,275.2,-0.010,66.743,1069.350,-5.452
17408,02/27/26 09:10:53 AM,3.01,4.34,273.8,0.040,65.878,1069.350,-5.575
17409,02/27/26 09:20:53 AM,3.34,5.68,300.4,-0.241,66.331,1069.350,-5.754
17410,02/27/26 09:30:53 AM,4.34,6.35,311.7,0.772,61.643,1069.350,-5.751
17411,02/27/26 09:40:53 AM,4.01,5.68,313.1,1.601,59.477,1069.350,-5.436
17412,02/27/26 09:50:53 AM,4.01,5.34,307.5,2.030,57.188,1069.350,-5.548
17413,02/27/26 10:00:53 AM,4.01,5.68,292.0,2.738,54.292,1069.350,-5.567
17414,02/27/26 10:10:53 AM,3.34,5.01,283.6,3.244,54.444,1069.350,-5.058
17415,02/27/26 10:20:53 AM,3.34,5.34,278.0,4.108,52.352,1069.350,-4.770
17416,02/27/26 10:30:53 AM,3.34,5.34,280.8,4.614,50.515,1069.350,-4.773
17417,02/27/26 10:40:53 AM,4.01,5.68,296.2,4.703,48.322,1069.350,-5.276
17418,02/27/26 10:50:53 AM,3.34,4.68,294.8,5.003,50.069,1069.350,-4.530
17419,02/27/26 11:00:53 AM,3.67,5.34,311.7,5.027,50.616,1069.350,-4.364
17420,02/27/26 11:10:53 AM,3.67,5.34,290.6,5.360,49.065,1069.350,-4.469
17421,02/27/26 11:20:53 AM,4.01,5.68,276.6,5.885,47.976,1069.350,-4.283
17422,02/27/26 11:30:53 AM,4.01,6.01,272.4,6.293,47.694,1069.350,-3.987
17423,02/27/26 11:40:53 AM,4.01,6.35,268.1,6.738,47.312,1069.350,-3.685
17424,02/27/26 11:50:53 AM,4.34,6.35,255.5,6.915,47.127,1069.350,-3.575
17425,02/27/26 12:00:53 PM,4.68,7.01,258.3,7.258,45.649,1069.350,-3.686
17426,02/27/26 12:10:53 PM,5.01,7.01,255.5,7.408,44.434,1069.350,-3.909
17427,02/27/26 12:20:53 PM,5.34,8.02,255.5,7.813,41.987,1069.350,-4.294
17428,02/27/26 12:30:53 PM,5.01,7.35,256.9,8.022,40.623,1069.350,-4.543
17429,02/27/26 12:40:53 PM,5.01,7.68,258.3,8.448,39.907,1069.350,-4.395
17430,02/27/26 12:50:53 PM,5.01,7.35,262.5,8.502,38.573,1069.350,-4.796
17431,02/27/26 01:00:53 PM,5.01,7.68,263.9,8.724,38.198,1069.350,-4.727
17432,02/27/26 01:10:53 PM,5.34,8.68,269.6,8.775,38.302,1069.350,-4.645
17433,02/27/26 01:20:53 PM,5.34,7.68,265.3,9.105,38.288,1069.350,-4.354
17434,02/27/26 01:30:53 PM,5.68,8.35,265.3,9.250,38.508,1069.350,-4.148
17435,02/27/26 01:40:53 PM,5.68,8.02,271.0,9.293,38.003,1069.350,-4.285
17436,02/27/26 01:50:53 PM,6.01,9.02,263.9,9.204,37.153,1069.350,-4.664
17437,02/27/26 02:00:53 PM,5.68,8.35,263.9,9.445,38.035,1069.350,-4.138
17438,02/27/26 02:10:53 PM,6.01,8.68,261.1,9.456,37.192,1069.350,-4.426
17439,02/27/26 02:20:53 PM,5.01,7.68,265.3,9.971,38.085,1069.350,-3.650
17440,02/27/26 02:30:53 PM,5.34,7.68,261.1,9.655,35.581,1069.350,-4.835
17441,02/27/26 02:40:53 PM,5.34,8.35,273.8,9.907,35.396,1069.350,-4.680
17442,02/27/26 02:50:53 PM,5.01,8.02,262.5,10.113,34.623,1069.350,-4.789
17443,02/27/26 03:00:53 PM,5.01,7.35,256.9,10.159,35.024,1069.350,-4.596
17444,02/27/26 03:10:53 PM,4.68,8.35,252.7,10.545,36.045,1069.350,-3.872
17445,02/27/26 03:20:53 PM,4.68,7.01,266.7,10.507,35.007,1069.350,-4.295
17446,02/27/26 03:30:53 PM,5.01,7.01,259.7,10.314,35.158,1069.350,-4.408
17447,02/27/26 03:40:53 PM,4.68,7.01,248.5,10.606,35.479,1069.350,-4.029
17448,02/27/26 03:50:53 PM,5.01,7.35,252.7,10.646,35.122,1069.350,-4.128
17449,02/27/26 04:00:53 PM,5.01,7.68,255.5,10.566,35.280,1069.350,-4.139
17450,02/27/26 04:10:53 PM,5.01,6.68,256.9,10.657,35.880,1069.350,-3.834
17451,02/27/26 04:20:53 PM,5.01,7.68,255.5,10.638,35.543,1069.350,-3.977
17452,02/27/26 04:30:53 PM,4.68,7.01,255.5,10.689,35.125,1069.350,-4.089
17453,02/27/26 04:40:53 PM,4.34,6.68,268.1,10.764,34.775,1069.350,-4.155
17454,02/27/26 04:50:53 PM,4.68,7.35,262.5,10.692,35.369,1069.350,-3.994
17455,02/27/26 05:00:53 PM,5.01,6.68,254.1,10.614,35.154,1069.350,-4.144
17456,02/27/26 05:10:53 PM,5.01,7.35,263.9,10.596,35.807,1069.350,-3.915
17457,02/27/26 05:20:53 PM,4.68,7.35,273.8,10.483,35.982,1069.350,-3.951
17458,02/27/26 05:30:53 PM,5.01,7.01,276.6,10.258,36.428,1069.350,-3.987
17459,02/27/26 05:40:53 PM,4.68,7.68,268.1,9.877,39.535,1069.350,-3.235
17460,02/27/26 05:50:53 PM,4.68,6.68,262.5,9.952,40.764,1069.350,-2.757
17461,02/27/26 06:00:53 PM,5.01,7.68,262.5,9.815,41.601,1069.350,-2.607
17462,02/27/26 06:10:53 PM,4.34,6.35,261.1,9.555,45.646,1069.350,-1.588
17463,02/27/26 06:20:53 PM,4.68,6.35,256.9,9.164,46.374,1069.350,-1.731
17464,02/27/26 06:30:53 PM,4.68,7.01,259.7,8.823,47.765,1069.350,-1.643
17465,02/27/26 06:40:53 PM,4.34,6.35,265.3,8.534,47.836,1069.350,-1.888
17466,02/27/26 06:50:53 PM,3.34,5.34,268.1,7.976,49.949,1069.350,-1.816
17467,02/27/26 07:00:53 PM,3.34,4.68,272.4,7.193,51.415,1069.350,-2.149
17468,02/27/26 07:10:53 PM,2.67,3.34,275.2,5.949,55.106,1069.350,-2.370
17469,02/27/26 07:20:53 PM,2.34,3.01,283.6,4.847,57.119,1069.350,-2.919
17470,02/27/26 07:30:53 PM,2.34,3.01,285.0,4.059,58.819,1069.350,-3.267
17471,02/27/26 07:40:53 PM,2.34,3.34,289.2,3.719,59.721,1069.350,-3.383
17472,02/27/26 07:50:53 PM,2.34,3.34,300.4,3.317,60.876,1069.350,-3.507
17473,02/27/26 08:00:53 PM,2.67,4.01,290.6,3.783,59.144,1069.350,-3.453
17474,02/27/26 08:10:53 PM,2.67,4.01,273.8,3.376,59.922,1069.350,-3.662
17475,02/27/26 08:20:53 PM,3.01,5.34,285.0,4.193,57.766,1069.350,-3.382
17476,02/27/26 08:30:53 PM,3.67,4.68,299.0,4.606,57.259,1069.350,-3.112
17477,02/27/26 08:40:53 PM,3.01,4.68,303.2,4.191,58.772,1069.350,-3.153
17478,02/27/26 08:50:53 PM,3.01,5.68,300.4,3.998,59.419,1069.350,-3.188
17479,02/27/26 09:00:53 PM,3.34,5.34,306.1,4.716,56.571,1069.350,-3.171
17480,02/27/26 09:10:53 PM,3.01,4.01,314.5,3.826,59.059,1069.350,-3.432
17481,02/27/26 09:20:53 PM,2.34,3.34,311.7,2.882,62.152,1069.350,-3.642
17482,02/27/26 09:30:53 PM,1.67,3.01,318.7,1.735,66.381,1069.350,-3.856
17483,02/27/26 09:40:53 PM,1.34,2.67,293.4,1.102,68.629,1069.350,-4.019
17484,02/27/26 09:50:53 PM,1.67,2.67,293.4,2.196,64.201,1069.350,-3.861
17485,02/27/26 10:00:53 PM,1.67,2.67,307.5,2.545,62.951,1069.350,-3.791
17486,02/27/26 10:10:53 PM,1.34,2.34,258.3,1.748,65.743,1069.350,-3.972
17487,02/27/26 10:20:53 PM,1.67,2.34,276.6,0.579,70.622,1069.350,-4.140
17488,02/27/26 10:30:53 PM,2.00,2.67,280.8,-0.383,74.514,1069.350,-4.357
17489,02/27/26 10:40:53 PM,1.34,2.34,297.6,0.475,70.820,1069.350,-4.203
17490,02/27/26 10:50:53 PM,2.00,3.34,341.2,0.011,74.038,1069.350,-4.061
17491,02/27/26 11:00:53 PM,2.67,3.34,344.0,0.724,70.192,1069.350,-4.082
17492,02/27/26 11:10:53 PM,2.34,3.01,327.1,1.778,64.518,1069.350,-4.194
17493,02/27/26 11:20:53 PM,2.34,3.67,321.5,2.319,61.978,1069.350,-4.213
17494,02/27/26 11:30:53 PM,2.34,3.01,334.1,1.196,66.180,1069.350,-4.411
17495,02/27/26 11:40:53 PM,2.67,3.01,331.3,0.483,69.682,1069.350,-4.411
17496,02/27/26 11:50:53 PM,2.00,2.67,306.1,0.561,69.093,1069.350,-4.448
17497,02/28/26 12:00:53 AM,2.00,2.67,294.8,1.502,64.805,1069.350,-4.398
17498,02/28/26 12:10:53 AM,1.67,3.01,325.7,-0.040,71.330,1069.350,-4.604
17499,02/28/26 12:20:53 AM,1.34,2.00,301.8,-0.850,75.531,1069.350,-4.630
17500,02/28/26 12:30:53 AM,1.67,3.01,320.1,-0.992,77.415,1069.350,-4.442
17501,02/28/26 12:40:53 AM,1.00,2.00,306.1,-1.002,77.076,1069.350,-4.509
17502,02/28/26 12:50:53 AM,1.00,2.00,299.0,-0.836,75.662,1069.350,-4.593
17503,02/28/26 01:00:53 AM,1.67,2.67,280.8,-0.474,74.430,1069.350,-4.460
17504,02/28/26 01:10:53 AM,1.34,1.67,272.4,-0.890,75.245,1069.350,-4.719
17505,02/28/26 01:20:53 AM,1.67,2.00,294.8,-1.576,77.627,1069.350,-4.974
17506,02/28/26 01:30:53 AM,2.00,3.01,320.1,-1.048,73.193,1069.350,-5.237
17507,02/28/26 01:40:53 AM,2.34,3.67,321.5,-0.699,70.335,1069.350,-5.424
17508,02/28/26 01:50:53 AM,2.00,3.01,322.9,-0.437,68.681,1069.350,-5.485
17509,02/28/26 02:00:53 AM,1.67,2.34,315.9,-0.372,69.126,1069.350,-5.338
17510,02/28/26 02:10:53 AM,1.67,3.01,268.1,-0.691,71.575,1069.350,-5.186
17511,02/28/26 02:20:53 AM,2.34,3.34,321.5,-0.764,73.571,1069.350,-4.894
17512,02/28/26 02:30:53 AM,2.34,3.67,321.5,-0.579,72.766,1069.350,-4.861
17513,02/28/26 02:40:53 AM,1.00,2.00,280.8,-1.166,74.746,1069.350,-5.074
17514,02/28/26 02:50:53 AM,1.67,3.01,263.9,-0.911,74.099,1069.350,-4.942
17515,02/28/26 03:00:53 AM,1.67,3.01,286.4,-0.423,71.952,1069.350,-4.859
17516,02/28/26 03:10:53 AM,3.01,4.68,321.5,-0.683,72.366,1069.350,-5.034
17517,02/28/26 03:20:53 AM,1.34,2.67,292.0,-0.651,71.322,1069.350,-5.194
17518,02/28/26 03:30:53 AM,1.34,2.67,282.2,-1.249,73.469,1069.350,-5.381
17519,02/28/26 03:40:53 AM,2.00,3.34,303.2,-1.182,73.799,1069.350,-5.258
17520,02/28/26 03:50:53 AM,1.00,2.00,259.7,-0.828,71.531,1069.350,-5.327
17521,02/28/26 04:00:53 AM,1.34,2.34,282.2,-0.466,68.855,1069.350,-5.480
17522,02/28/26 04:10:53 AM,1.67,3.01,272.4,-0.351,68.098,1069.350,-5.514
17523,02/28/26 04:20:53 AM,1.67,2.67,287.8,-0.582,68.054,1069.350,-5.744
17524,02/28/26 04:30:53 AM,1.34,2.00,293.4,-0.742,68.089,1069.350,-5.891
17525,02/28/26 04:40:53 AM,1.67,3.01,283.6,-0.724,67.758,1069.350,-5.937
17526,02/28/26 04:50:53 AM,1.67,3.01,283.6,-0.828,69.056,1069.350,-5.789
17527,02/28/26 05:00:53 AM,2.00,3.34,286.4,-0.665,67.500,1069.350,-5.931
17528,02/28/26 05:10:53 AM,1.34,2.67,275.2,-1.080,70.091,1069.350,-5.836
17529,02/28/26 05:20:53 AM,2.00,3.34,280.8,-0.817,69.229,1069.350,-5.745
17530,02/28/26 05:30:53 AM,2.34,4.01,318.7,-0.386,65.998,1069.350,-5.958
17531,02/28/26 05:40:53 AM,2.00,4.01,307.5,-0.866,68.174,1069.350,-5.994
17532,02/28/26 05:50:53 AM,1.34,2.67,271.0,-0.796,67.561,1069.350,-6.045
17533,02/28/26 06:00:53 AM,2.00,4.01,303.2,-0.573,65.869,1069.350,-6.163
17534,02/28/26 06:10:53 AM,3.01,4.68,318.7,-0.099,63.969,1069.350,-6.093
17535,02/28/26 06:20:53 AM,3.67,7.01,318.7,0.488,61.544,1069.350,-6.041
17536,02/28/26 06:30:53 AM,2.34,5.01,315.9,-0.126,64.109,1069.350,-6.090
17537,02/28/26 06:40:53 AM,3.67,5.68,324.3,0.191,63.033,1069.350,-6.010
17538,02/28/26 06:50:53 AM,3.34,5.34,324.3,-0.013,64.134,1069.350,-5.978
17539,02/28/26 07:00:53 AM,3.67,5.34,325.7,-0.616,66.816,1069.350,-6.017
17540,02/28/26 07:10:53 AM,1.34,5.01,259.7,-1.260,69.339,1069.350,-6.150
17541,02/28/26 07:20:53 AM,1.00,2.34,244.3,-1.110,68.029,1069.350,-6.255
17542,02/28/26 07:30:53 AM,0.67,2.00,255.5,-0.563,64.897,1069.350,-6.347
17543,02/28/26 07:40:53 AM,0.67,1.67,227.4,-0.734,65.164,1069.350,-6.457
17544,02/28/26 07:50:53 AM,2.00,2.67,219.0,-1.037,66.287,1069.350,-6.523
17545,02/28/26 08:00:53 AM,2.00,3.34,237.3,-0.887,65.328,1069.350,-6.570
17546,02/28/26 08:10:53 AM,2.00,3.01,262.5,-1.557,68.615,1069.350,-6.572
17547,02/28/26 08:20:53 AM,1.67,2.34,263.9,-1.557,69.053,1069.350,-6.489
17548,02/28/26 08:30:53 AM,1.67,3.01,272.4,-1.035,67.027,1069.350,-6.377
17549,02/28/26 08:40:53 AM,1.34,2.34,244.3,-1.195,67.634,1069.350,-6.413
17550,02/28/26 08:50:53 AM,1.67,2.67,280.8,-1.249,70.393,1069.350,-5.942
17551,02/28/26 09:00:53 AM,2.00,3.01,278.0,-0.206,68.881,1069.350,-5.225
17552,02/28/26 09:10:53 AM,1.67,2.34,300.4,1.086,64.477,1069.350,-4.861
17553,02/28/26 09:20:53 AM,1.00,2.00,308.9,2.762,59.164,1069.350,-4.411
17554,02/28/26 09:30:53 AM,1.00,2.00,292.0,4.534,52.045,1069.350,-4.452
17555,02/28/26 09:40:53 AM,1.00,1.67,252.7,5.663,48.835,1069.350,-4.252
17556,02/28/26 09:50:53 AM,1.00,2.00,221.8,6.534,48.385,1069.350,-3.573
17557,02/28/26 10:00:53 AM,0.67,1.34,216.2,7.504,45.940,1069.350,-3.376
17558,02/28/26 10:10:53 AM,1.34,2.34,217.6,7.864,42.614,1069.350,-4.051
17559,02/28/26 10:20:53 AM,1.00,2.34,241.5,8.432,40.406,1069.350,-4.244
17560,02/28/26 10:30:53 AM,2.00,3.01,237.3,8.571,39.771,1069.350,-4.329
17561,02/28/26 10:40:53 AM,1.67,3.01,258.3,9.285,38.543,1069.350,-4.105
17562,02/28/26 10:50:53 AM,1.67,2.34,254.1,9.555,36.745,1069.350,-4.498
17563,02/28/26 11:00:53 AM,2.00,3.01,259.7,9.815,35.187,1069.350,-4.840
17564,02/28/26 11:10:53 AM,1.67,2.67,252.7,9.791,34.104,1069.350,-5.273
17565,02/28/26 11:20:53 AM,1.67,2.67,237.3,9.802,34.559,1069.350,-5.089
17566,02/28/26 11:30:53 AM,1.34,2.34,254.1,10.201,34.388,1069.350,-4.802
17567,02/28/26 11:40:53 AM,0.67,1.67,165.7,9.708,46.299,1069.350,-1.255
17568,02/28/26 11:50:53 AM,0.33,2.00,178.3,9.579,45.919,1069.350,-1.485
17569,02/28/26 12:00:53 PM,1.00,2.67,186.7,9.939,39.283,1069.350,-3.265
17570,02/28/26 12:10:53 PM,1.67,3.01,241.5,10.255,31.756,1069.350,-5.802
17571,02/28/26 12:20:53 PM,2.00,3.34,242.9,10.038,32.050,1069.350,-5.871
17572,02/28/26 12:30:53 PM,1.67,2.67,241.5,10.145,32.772,1069.350,-5.485
17573,02/28/26 12:40:53 PM,2.00,3.34,263.9,9.912,33.101,1069.350,-5.559
17574,02/28/26 12:50:53 PM,2.00,3.34,258.3,9.797,33.492,1069.350,-5.506
17575,02/28/26 01:00:53 PM,2.34,3.34,292.0,9.638,32.963,1069.350,-5.855
17576,02/28/26 01:10:53 PM,2.34,4.01,287.8,9.933,32.454,1069.350,-5.799
17577,02/28/26 01:20:53 PM,2.34,3.67,279.4,10.062,34.249,1069.350,-4.978
17578,02/28/26 01:30:53 PM,2.34,4.01,259.7,10.732,34.891,1069.350,-4.139
17579,02/28/26 01:40:53 PM,2.67,4.01,235.9,11.848,32.740,1069.350,-4.001
17580,02/28/26 01:50:53 PM,2.67,5.01,258.3,12.295,32.378,1069.350,-3.757
17581,02/28/26 02:00:53 PM,2.67,4.68,308.9,11.861,32.590,1069.350,-4.051
17582,02/28/26 02:10:53 PM,3.01,4.68,296.2,10.660,35.019,1069.350,-4.155
17583,02/28/26 02:20:53 PM,3.01,4.68,304.7,10.033,36.165,1069.350,-4.283
17584,02/28/26 02:30:53 PM,2.67,4.01,307.5,9.786,37.127,1069.350,-4.155
17585,02/28/26 02:40:53 PM,3.01,4.34,327.1,9.456,37.955,1069.350,-4.156
17586,02/28/26 02:50:53 PM,2.67,3.67,322.9,9.322,38.116,1069.350,-4.220
17587,02/28/26 03:00:53 PM,2.34,4.34,325.7,9.142,39.586,1069.350,-3.878
17588,02/28/26 03:10:53 PM,2.67,4.34,321.5,8.866,37.954,1069.350,-4.684
17589,02/28/26 03:20:53 PM,1.67,3.34,304.7,8.995,40.314,1069.350,-3.767
17590,02/28/26 03:30:53 PM,1.34,3.34,304.7,9.218,40.203,1069.350,-3.603
17591,02/28/26 03:40:53 PM,1.67,3.01,283.6,9.459,39.706,1069.350,-3.553
17592,02/28/26 03:50:53 PM,1.67,3.34,271.0,9.660,36.507,1069.350,-4.490
17593,02/28/26 04:00:53 PM,2.67,4.01,256.9,9.660,33.210,1069.350,-5.738
17594,02/28/26 04:10:53 PM,2.67,4.01,263.9,9.764,33.832,1069.350,-5.402
17595,02/28/26 04:20:53 PM,2.67,4.01,259.7,9.711,33.797,1069.350,-5.463
17596,02/28/26 04:30:53 PM,3.34,4.68,285.0,9.703,32.746,1069.350,-5.884
17597,02/28/26 04:40:53 PM,3.01,4.34,273.8,9.746,33.086,1069.350,-5.711
17598,02/28/26 04:50:53 PM,3.34,4.68,300.4,9.453,35.818,1069.350,-4.926
17599,02/28/26 05:00:53 PM,4.01,5.34,297.6,9.317,35.164,1069.350,-5.290
17600,02/28/26 05:10:53 PM,2.67,4.01,289.2,9.405,36.127,1069.350,-4.856
17601,02/28/26 05:20:53 PM,2.34,3.67,268.1,9.242,36.995,1069.350,-4.687
17602,02/28/26 05:30:53 PM,2.00,3.01,255.5,9.392,35.863,1069.350,-4.964
17603,02/28/26 05:40:53 PM,1.67,2.34,261.1,9.378,36.123,1069.350,-4.881
17604,02/28/26 05:50:53 PM,1.00,1.67,283.6,9.223,35.818,1069.350,-5.131
17605,02/28/26 06:00:53 PM,1.67,2.67,315.9,9.188,34.311,1069.350,-5.727
17606,02/28/26 06:10:53 PM,1.34,2.34,307.5,8.778,37.719,1069.350,-4.845
17607,02/28/26 06:20:53 PM,1.34,2.00,308.9,8.577,36.928,1069.350,-5.304
17608,02/28/26 06:30:53 PM,0.67,1.34,324.3,8.445,37.343,1069.350,-5.275
17609,02/28/26 06:40:53 PM,1.00,2.00,324.3,8.314,36.962,1069.350,-5.526
17610,02/28/26 06:50:53 PM,1.34,2.67,311.7,7.654,40.638,1069.350,-4.870
17611,02/28/26 07:00:53 PM,1.00,1.67,202.2,6.708,45.406,1069.350,-4.260
17612,02/28/26 07:10:53 PM,0.33,1.34,202.2,6.445,46.069,1069.350,-4.308
17613,02/28/26 07:20:53 PM,1.00,1.67,290.6,6.148,47.631,1069.350,-4.137
17614,02/28/26 07:30:53 PM,1.00,1.67,292.0,5.998,47.581,1069.350,-4.289
17615,02/28/26 07:40:53 PM,1.00,2.00,259.7,5.263,51.296,1069.350,-3.968
17616,02/28/26 07:50:53 PM,1.34,2.34,276.6,4.866,53.004,1069.350,-3.901
17617,02/28/26 08:00:53 PM,1.34,2.00,251.3,4.343,56.713,1069.350,-3.487
17618,02/28/26 08:10:53 PM,1.34,1.67,289.2,4.140,56.764,1069.350,-3.666
17619,02/28/26 08:20:53 PM,1.00,1.67,278.0,4.217,55.975,1069.350,-3.780
17620,02/28/26 08:30:53 PM,1.00,1.67,234.5,4.035,56.973,1069.350,-3.715
17621,02/28/26 08:40:53 PM,1.34,2.00,308.9,3.577,60.137,1069.350,-3.425
17622,02/28/26 08:50:53 PM,2.00,3.34,331.3,4.169,55.808,1069.350,-3.865
17623,02/28/26 09:00:53 PM,2.00,3.34,314.5,5.126,49.752,1069.350,-4.501
17624,02/28/26 09:10:53 PM,1.34,4.34,248.5,4.660,53.120,1069.350,-4.064
17625,02/28/26 09:20:53 PM,1.34,2.00,269.6,4.027,56.739,1069.350,-3.778
17626,02/28/26 09:30:53 PM,1.34,2.00,272.4,4.102,54.916,1069.350,-4.142
17627,02/28/26 09:40:53 PM,1.67,2.34,279.4,3.397,58.772,1069.350,-3.901
17628,02/28/26 09:50:53 PM,1.34,1.67,271.0,3.880,56.249,1069.350,-4.031
17629,02/28/26 10:00:53 PM,1.67,2.00,273.8,2.915,62.289,1069.350,-3.581
17630,02/28/26 10:10:53 PM,1.34,2.67,294.8,3.526,59.139,1069.350,-3.696
17631,02/28/26 10:20:53 PM,2.00,4.01,287.8,4.783,53.124,1069.350,-3.948
17632,02/28/26 10:30:53 PM,1.34,3.01,279.4,4.751,53.625,1069.350,-3.853
17633,02/28/26 10:40:53 PM,0.67,2.00,299.0,4.979,52.071,1069.350,-4.032
17634,02/28/26 10:50:53 PM,1.67,2.34,299.0,4.979,52.757,1069.350,-3.858
17635,02/28/26 11:00:53 PM,1.34,1.67,293.4,4.786,54.461,1069.350,-3.614
17636,02/28/26 11:10:53 PM,1.34,2.67,296.2,4.164,59.367,1069.350,-3.043
17637,02/28/26 11:20:53 PM,1.67,2.34,301.8,4.102,60.124,1069.350,-2.932
17638,02/28/26 11:30:53 PM,1.00,2.67,262.5,4.121,59.675,1069.350,-3.015
17639,02/28/26 11:40:53 PM,1.00,1.67,278.0,4.003,60.191,1069.350,-3.010
17640,02/28/26 11:50:53 PM,1.67,3.01,299.0,4.172,60.626,1069.350,-2.754
17641,03/01/26 12:00:53 AM,1.34,2.00,335.5,4.156,61.587,1069.350,-2.558
17642,03/01/26 12:10:53 AM,1.34,2.00,306.1,4.287,61.346,1069.350,-2.486
17643,03/01/26 12:20:53 AM,1.00,2.00,280.8,4.167,62.063,1069.350,-2.443
17644,03/01/26 12:30:53 AM,0.33,1.67,259.7,4.284,61.111,1069.350,-2.541
17645,03/01/26 12:40:53 AM,0.67,2.00,289.2,4.287,61.297,1069.350,-2.497
17646,03/01/26 12:50:53 AM,1.00,1.67,286.4,4.150,63.085,1069.350,-2.239
17647,03/01/26 01:00:53 AM,0.67,1.34,290.6,4.008,64.820,1069.350,-2.007
17648,03/01/26 01:10:53 AM,1.34,2.34,283.6,4.148,65.657,1069.350,-1.700
17649,03/01/26 01:20:53 AM,0.67,2.00,252.7,3.408,71.658,1069.350,-1.220
17650,03/01/26 01:30:53 AM,1.67,3.34,334.1,3.770,68.516,1069.350,-1.483
17651,03/01/26 01:40:53 AM,2.67,3.67,351.0,4.311,64.669,1069.350,-1.750
17652,03/01/26 01:50:53 AM,1.34,3.01,238.7,4.373,65.344,1069.350,-1.550
17653,03/01/26 02:00:53 AM,0.67,1.67,240.1,4.620,64.370,1069.350,-1.519
17654,03/01/26 02:10:53 AM,0.33,1.34,252.7,4.646,65.412,1069.350,-1.276
17655,03/01/26 02:20:53 AM,1.67,2.34,244.3,4.346,68.408,1069.350,-0.952
17656,03/01/26 02:30:53 AM,1.34,2.67,328.5,4.547,76.655,1069.350,0.807
17657,03/01/26 02:40:53 AM,0.00,1.00,329.9,3.681,82.889,1069.350,1.047
17658,03/01/26 02:50:53 AM,0.00,0.00,329.9,3.730,84.088,1069.350,1.295
17659,03/01/26 03:00:53 AM,0.00,0.00,318.7,3.662,84.550,1069.350,1.305
17660,03/01/26 03:10:53 AM,0.33,1.67,247.1,3.386,84.570,1069.350,1.037
17661,03/01/26 03:20:53 AM,1.34,1.67,245.7,3.228,86.665,1069.350,1.221
17662,03/01/26 03:30:53 AM,1.34,1.67,266.7,2.780,88.617,1069.350,1.089
17663,03/01/26 03:40:53 AM,1.34,2.00,287.8,2.797,91.098,1069.350,1.490
17664,03/01/26 03:50:53 AM,1.34,2.00,292.0,3.065,90.245,1069.350,1.624
17665,03/01/26 04:00:53 AM,1.00,2.67,303.2,3.357,86.506,1069.350,1.323
17666,03/01/26 04:10:53 AM,1.34,3.34,263.9,3.968,81.685,1069.350,1.125
17667,03/01/26 04:20:53 AM,1.34,3.01,283.6,4.432,82.049,1069.350,1.641
17668,03/01/26 04:30:53 AM,1.67,3.01,276.6,4.389,80.157,1069.350,1.274
17669,03/01/26 04:40:53 AM,2.34,3.67,273.8,4.158,79.022,1069.350,0.851
17670,03/01/26 04:50:53 AM,1.67,3.34,276.6,3.797,81.520,1069.350,0.930
17671,03/01/26 05:00:53 AM,0.67,1.67,285.0,3.295,85.470,1069.350,1.094
17672,03/01/26 05:10:53 AM,1.00,2.00,293.4,3.014,86.509,1069.350,0.986
17673,03/01/26 05:20:53 AM,1.00,2.00,280.8,3.086,86.444,1069.350,1.046
17674,03/01/26 05:30:53 AM,0.67,1.67,276.6,3.263,87.063,1069.350,1.320
17675,03/01/26 05:40:53 AM,0.00,0.00,278.0,3.223,88.573,1069.350,1.520
17676,03/01/26 05:50:53 AM,0.00,0.00,278.0,3.051,89.628,1069.350,1.515
17677,03/01/26 06:00:53 AM,0.67,2.00,263.9,2.949,90.249,1069.350,1.510
17678,03/01/26 06:10:53 AM,1.00,1.67,266.7,2.713,92.221,1069.350,1.578
17679,03/01/26 06:20:53 AM,1.00,1.34,283.6,2.662,93.625,1069.350,1.738
17680,03/01/26 06:30:53 AM,1.34,2.00,286.4,2.609,93.626,1069.350,1.685
17681,03/01/26 06:40:53 AM,1.34,2.34,306.1,2.649,92.734,1069.350,1.591
17682,03/01/26 06:50:53 AM,2.00,3.01,286.4,2.759,91.196,1069.350,1.467
17683,03/01/26 07:00:53 AM,1.00,2.00,273.8,2.968,91.577,1069.350,1.733
17684,03/01/26 07:10:53 AM,1.00,1.34,266.7,2.821,93.413,1069.350,1.864
17685,03/01/26 07:20:53 AM,1.00,1.67,275.2,2.711,94.421,1069.350,1.905
17686,03/01/26 07:30:53 AM,1.00,1.67,286.4,2.772,94.144,1069.350,1.924
17687,03/01/26 07:40:53 AM,1.67,2.34,285.0,2.933,92.750,1069.350,1.876
17688,03/01/26 07:50:53 AM,1.67,3.34,289.2,2.923,92.569,1069.350,1.839
17689,03/01/26 08:00:53 AM,1.34,2.34,282.2,2.928,93.219,1069.350,1.941
17690,03/01/26 08:10:53 AM,1.67,3.01,283.6,2.874,94.284,1069.350,2.047
17691,03/01/26 08:20:53 AM,0.67,2.00,287.8,2.791,95.375,1069.350,2.125
17692,03/01/26 08:30:53 AM,0.33,1.34,292.0,2.719,96.304,1069.350,2.189
17693,03/01/26 08:40:53 AM,0.00,0.00,292.0,2.772,96.745,1069.350,2.306
17694,03/01/26 08:50:53 AM,0.33,1.00,332.7,2.700,97.967,1069.350,2.411
17695,03/01/26 09:00:53 AM,0.00,0.33,22.5,2.582,99.234,1069.350,2.473
17696,03/01/26 09:10:53 AM,0.00,0.00,22.5,2.582,99.304,1069.350,2.483
17697,03/01/26 09:20:53 AM,0.00,0.00,22.5,2.689,99.797,1069.350,2.660
17698,03/01/26 09:30:53 AM,0.00,0.00,22.5,2.928,99.924,1069.350,2.917
17699,03/01/26 09:40:53 AM,0.00,0.00,22.5,3.067,99.870,1069.350,3.049
17700,03/01/26 09:50:53 AM,0.33,1.34,39.3,3.325,99.997,1069.350,3.325
17701,03/01/26 10:00:53 AM,0.67,1.34,63.2,3.429,99.724,1069.350,3.390
17702,03/01/26 10:10:53 AM,0.67,1.34,98.3,3.405,99.393,1069.350,3.319
17703,03/01/26 10:20:53 AM,0.67,1.34,77.2,3.531,99.405,1069.350,3.447
17704,03/01/26 10:30:53 AM,0.00,0.00,73.0,3.654,99.467,1069.350,3.579
17705,03/01/26 10:40:53 AM,0.00,0.00,59.0,3.939,99.269,1069.350,3.836
17706,03/01/26 10:50:53 AM,0.00,0.00,61.8,4.220,98.996,1069.350,4.078
17707,03/01/26 11:00:53 AM,0.67,2.34,61.8,4.266,98.897,1069.350,4.110
17708,03/01/26 11:10:53 AM,1.00,1.67,73.0,4.212,98.837,1069.350,4.047
17709,03/01/26 11:20:53 AM,1.00,2.00,61.8,4.641,98.831,1069.350,4.475
17710,03/01/26 11:30:53 AM,1.34,3.01,63.2,5.124,97.418,1069.350,4.752
17711,03/01/26 11:40:53 AM,1.34,2.67,80.0,5.365,95.947,1069.350,4.775
17712,03/01/26 11:50:53 AM,1.34,2.34,95.5,5.553,95.697,1069.350,4.925
17713,03/01/26 12:00:53 PM,1.67,3.01,87.0,5.697,95.076,1069.350,4.975
17714,03/01/26 12:10:53 PM,1.67,3.01,85.6,6.100,93.245,1069.350,5.096
17715,03/01/26 12:20:53 PM,1.34,2.34,95.5,6.110,92.860,1069.350,5.047
17716,03/01/26 12:30:53 PM,1.67,2.67,101.1,6.169,92.775,1069.350,5.092
17717,03/01/26 12:40:53 PM,1.67,2.67,78.6,6.035,92.940,1069.350,4.985
17718,03/01/26 12:50:53 PM,1.67,2.67,82.8,6.046,93.068,1069.350,5.015
17719,03/01/26 01:00:53 PM,1.67,2.34,105.3,6.228,93.486,1069.350,5.261
17720,03/01/26 01:10:53 PM,1.34,2.34,113.7,6.368,92.975,1069.350,5.321
17721,03/01/26 01:20:53 PM,1.67,2.67,102.5,6.724,92.302,1069.350,5.569
17722,03/01/26 01:30:53 PM,1.34,2.34,94.1,7.038,90.631,1069.350,5.617
17723,03/01/26 01:40:53 PM,1.34,2.34,113.7,6.982,90.544,1069.350,5.548
17724,03/01/26 01:50:53 PM,1.34,2.67,127.8,7.116,90.484,1069.350,5.671
17725,03/01/26 02:00:53 PM,1.67,2.67,116.5,7.180,90.495,1069.350,5.736
17726,03/01/26 02:10:53 PM,1.67,2.67,153.0,6.984,91.150,1069.350,5.646
17727,03/01/26 02:20:53 PM,1.00,2.00,120.7,7.231,90.669,1069.350,5.814
17728,03/01/26 02:30:53 PM,0.33,1.34,73.0,7.606,88.690,1069.350,5.866
17729,03/01/26 02:40:53 PM,0.33,1.34,115.1,7.708,88.577,1069.350,5.949
17730,03/01/26 02:50:53 PM,0.67,1.67,127.8,7.805,88.661,1069.350,6.058
17731,03/01/26 03:00:53 PM,1.00,2.00,136.2,7.748,88.196,1069.350,5.926
17732,03/01/26 03:10:53 PM,0.67,1.34,157.2,7.837,88.191,1069.350,6.013
17733,03/01/26 03:20:53 PM,1.00,2.00,147.4,7.732,87.985,1069.350,5.875
17734,03/01/26 03:30:53 PM,1.00,2.00,151.6,7.571,88.763,1069.350,5.844
17735,03/01/26 03:40:53 PM,1.67,3.01,161.5,7.397,89.700,1069.350,5.823
17736,03/01/26 03:50:53 PM,2.00,3.01,171.3,6.898,94.314,1069.350,6.054
17737,03/01/26 04:00:53 PM,1.67,3.01,168.5,6.518,96.951,1069.350,6.074
17738,03/01/26 04:10:53 PM,1.00,2.00,172.7,6.547,96.579,1069.350,6.048
17739,03/01/26 04:20:53 PM,1.00,1.67,200.8,6.515,97.600,1069.350,6.168
17740,03/01/26 04:30:53 PM,0.67,1.67,219.0,6.539,98.157,1069.350,6.274
17741,03/01/26 04:40:53 PM,0.67,1.34,228.8,6.652,97.449,1069.350,6.282
17742,03/01/26 04:50:53 PM,0.67,1.67,231.6,6.732,96.323,1069.350,6.194
17743,03/01/26 05:00:53 PM,0.67,1.34,244.3,6.775,95.720,1069.350,6.146
17744,03/01/26 05:10:53 PM,1.00,1.34,213.4,6.724,96.165,1069.350,6.162
17745,03/01/26 05:20:53 PM,1.00,1.67,189.5,6.719,96.526,1069.350,6.211
17746,03/01/26 05:30:53 PM,1.34,2.00,176.9,6.636,96.147,1069.350,6.072
17747,03/01/26 05:40:53 PM,0.67,2.00,178.3,6.416,94.304,1069.350,5.573
17748,03/01/26 05:50:53 PM,0.00,0.00,179.7,6.456,95.692,1069.350,5.824
17749,03/01/26 06:00:53 PM,0.00,0.00,179.7,6.394,95.029,1069.350,5.661
17750,03/01/26 06:10:53 PM,0.00,0.00,179.7,6.226,95.401,1069.350,5.550
17751,03/01/26 06:20:53 PM,0.00,0.00,139.0,6.035,95.990,1069.350,5.449
17752,03/01/26 06:30:53 PM,0.00,2.00,108.1,5.917,96.780,1069.350,5.449
17753,03/01/26 06:40:53 PM,2.00,3.01,2.8,5.831,96.936,1069.350,5.387
17754,03/01/26 06:50:53 PM,0.00,0.67,348.2,5.778,95.583,1069.350,5.132
17755,03/01/26 07:00:53 PM,0.00,0.00,351.0,5.738,96.733,1069.350,5.264
17756,03/01/26 07:10:53 PM,0.00,0.00,352.4,5.561,98.500,1069.350,5.347
17757,03/01/26 07:20:53 PM,0.67,2.00,188.1,5.370,99.217,1069.350,5.261
17758,03/01/26 07:30:53 PM,0.67,2.00,209.2,5.118,99.472,1069.350,5.045
17759,03/01/26 07:40:53 PM,0.67,1.67,299.0,4.979,99.991,1069.350,4.981
17760,03/01/26 07:50:53 PM,0.67,1.67,355.2,4.896,99.997,1069.350,4.898
17761,03/01/26 08:00:53 PM,0.00,0.67,355.2,4.880,99.997,1069.350,4.882
17762,03/01/26 08:10:53 PM,0.00,0.00,355.2,4.695,99.997,1069.350,4.697
17763,03/01/26 08:20:53 PM,0.00,0.00,355.2,4.419,99.997,1069.350,4.421
17764,03/01/26 08:30:53 PM,0.00,0.33,355.2,4.365,99.997,1069.350,4.367
17765,03/01/26 08:40:53 PM,0.67,1.34,355.2,4.175,99.997,1069.350,4.176
17766,03/01/26 08:50:53 PM,0.00,1.00,355.2,4.129,99.997,1069.350,4.130
17767,03/01/26 09:00:53 PM,0.00,0.00,355.2,4.244,99.992,1069.350,4.245
17768,03/01/26 09:10:53 PM,0.00,0.00,355.2,3.842,99.883,1069.350,3.827
17769,03/01/26 09:20:53 PM,0.67,1.67,299.0,3.558,99.983,1069.350,3.556
17770,03/01/26 09:30:53 PM,1.67,2.00,256.9,3.118,99.997,1069.350,3.118
17771,03/01/26 09:40:53 PM,1.34,2.00,245.7,3.043,99.997,1069.350,3.042
17772,03/01/26 09:50:53 PM,1.34,2.00,252.7,3.333,99.997,1069.350,3.333
17773,03/01/26 10:00:53 PM,0.67,1.00,261.1,3.177,99.997,1069.350,3.177
17774,03/01/26 10:10:53 PM,0.33,1.34,294.8,3.239,99.997,1069.350,3.239
17775,03/01/26 10:20:53 PM,0.00,0.33,328.5,3.191,99.997,1069.350,3.191
17776,03/01/26 10:30:53 PM,0.67,1.00,328.5,3.022,99.997,1069.350,3.021
17777,03/01/26 10:40:53 PM,1.00,1.34,328.5,2.604,99.997,1069.350,2.603
17778,03/01/26 10:50:53 PM,1.00,1.34,345.4,2.400,99.997,1069.350,2.398
17779,03/01/26 11:00:53 PM,0.67,1.34,355.2,2.609,99.997,1069.350,2.608
17780,03/01/26 11:10:53 PM,0.33,1.67,0.0,2.963,99.997,1069.350,2.962
17781,03/01/26 11:20:53 PM,0.00,0.00,355.2,3.073,99.997,1069.350,3.073
17782,03/01/26 11:30:53 PM,0.00,0.00,351.0,2.920,99.997,1069.350,2.919
17783,03/01/26 11:40:53 PM,0.00,1.00,355.2,3.234,99.997,1069.350,3.234
17784,03/01/26 11:50:53 PM,0.00,0.00,1.4,3.094,99.997,1069.350,3.094
17785,03/02/26 12:00:53 AM,0.00,0.00,1.4,2.923,99.997,1069.350,2.922
17786,03/02/26 12:10:53 AM,0.33,1.34,285.0,2.496,99.997,1069.350,2.495
17787,03/02/26 12:20:53 AM,0.33,1.34,258.3,1.802,99.997,1069.350,1.799
17788,03/02/26 12:30:53 AM,0.33,1.00,273.8,1.987,99.997,1069.350,1.985
17789,03/02/26 12:40:53 AM,0.00,0.00,273.8,2.617,99.997,1069.350,2.616
17790,03/02/26 12:50:53 AM,0.00,0.00,273.8,2.260,99.997,1069.350,2.258
17791,03/02/26 01:00:53 AM,0.00,0.00,273.8,2.416,99.997,1069.350,2.414
17792,03/02/26 01:10:53 AM,0.00,0.67,273.8,2.370,99.997,1069.350,2.368
17793,03/02/26 01:20:53 AM,0.67,1.00,273.8,2.089,99.997,1069.350,2.087
17794,03/02/26 01:30:53 AM,0.67,1.34,273.8,2.327,99.997,1069.350,2.325
17795,03/02/26 01:40:53 AM,0.67,1.00,273.8,2.306,99.997,1069.350,2.304
17796,03/02/26 01:50:53 AM,0.33,1.34,273.8,2.427,99.997,1069.350,2.425
17797,03/02/26 02:00:53 AM,0.00,0.00,273.8,2.700,99.997,1069.350,2.699
17798,03/02/26 02:10:53 AM,0.00,0.00,273.8,2.703,99.997,1069.350,2.702
17799,03/02/26 02:20:53 AM,0.00,0.00,294.8,2.708,99.997,1069.350,2.707
17800,03/02/26 02:30:53 AM,0.00,0.00,355.2,2.467,99.997,1069.350,2.466
17801,03/02/26 02:40:53 AM,0.00,0.00,355.2,2.566,99.997,1069.350,2.565
17802,03/02/26 02:50:53 AM,0.00,0.00,279.4,2.368,99.997,1069.350,2.366
17803,03/02/26 03:00:53 AM,0.00,0.00,256.9,2.108,99.997,1069.350,2.106
17804,03/02/26 03:10:53 AM,0.00,0.00,256.9,2.113,99.997,1069.350,2.111
17805,03/02/26 03:20:53 AM,0.67,1.34,290.6,2.579,99.997,1069.350,2.578
17806,03/02/26 03:30:53 AM,1.00,2.00,306.1,2.713,99.997,1069.350,2.712
17807,03/02/26 03:40:53 AM,1.34,2.00,318.7,2.850,99.997,1069.350,2.849
17808,03/02/26 03:50:53 AM,1.34,2.00,318.7,2.931,99.997,1069.350,2.930
17809,03/02/26 04:00:53 AM,1.34,2.00,325.7,2.847,99.997,1069.350,2.846
17810,03/02/26 04:10:53 AM,0.33,1.67,285.0,2.847,99.997,1069.350,2.846
17811,03/02/26 04:20:53 AM,0.67,1.67,238.7,2.786,99.997,1069.350,2.785
17812,03/02/26 04:30:53 AM,1.00,1.67,261.1,2.831,99.997,1069.350,2.830
17813,03/02/26 04:40:53 AM,1.00,1.67,293.4,3.094,99.997,1069.350,3.094
17814,03/02/26 04:50:53 AM,0.33,1.34,254.1,3.129,99.997,1069.350,3.129
17815,03/02/26 05:00:53 AM,0.67,1.34,301.8,3.172,99.997,1069.350,3.172
17816,03/02/26 05:10:53 AM,1.00,1.67,325.7,3.445,99.997,1069.350,3.445
17817,03/02/26 05:20:53 AM,0.33,1.34,318.7,3.437,99.997,1069.350,3.437
17818,03/02/26 05:30:53 AM,0.00,1.00,317.3,3.268,99.997,1069.350,3.268
17819,03/02/26 05:40:53 AM,0.00,0.00,317.3,3.011,99.997,1069.350,3.010
17820,03/02/26 05:50:53 AM,0.00,0.00,317.3,2.893,99.997,1069.350,2.892
17821,03/02/26 06:00:53 AM,0.00,1.00,240.1,2.802,99.997,1069.350,2.801
17822,03/02/26 06:10:53 AM,0.00,0.00,231.6,2.496,99.940,1069.350,2.487
17823,03/02/26 06:20:53 AM,0.33,1.34,276.6,1.992,99.997,1069.350,1.990
17824,03/02/26 06:30:53 AM,0.33,1.34,283.6,2.368,99.969,1069.350,2.362
17825,03/02/26 06:40:53 AM,0.33,1.67,339.7,2.794,98.631,1069.350,2.599
17826,03/02/26 06:50:53 AM,0.00,0.33,1.4,2.775,98.668,1069.350,2.586
17827,03/02/26 07:00:53 AM,0.67,1.34,336.9,2.456,99.150,1069.350,2.335
17828,03/02/26 07:10:53 AM,0.00,0.00,313.1,2.301,99.983,1069.350,2.297
17829,03/02/26 07:20:53 AM,0.33,1.67,294.8,2.287,99.913,1069.350,2.273
17830,03/02/26 07:30:53 AM,1.34,2.67,261.1,2.006,99.997,1069.350,2.004
17831,03/02/26 07:40:53 AM,2.00,4.68,292.0,2.330,99.997,1069.350,2.328
17832,03/02/26 07:50:53 AM,2.00,4.68,341.2,2.673,99.738,1069.350,2.635
17833,03/02/26 08:00:53 AM,1.00,1.67,355.2,2.531,99.985,1069.350,2.528
17834,03/02/26 08:10:53 AM,1.67,3.01,206.4,2.116,99.997,1069.350,2.114
17835,03/02/26 08:20:53 AM,0.67,1.67,214.8,2.070,99.997,1069.350,2.068
17836,03/02/26 08:30:53 AM,1.00,1.67,244.3,2.024,99.997,1069.350,2.022
17837,03/02/26 08:40:53 AM,0.67,1.34,249.9,1.939,99.997,1069.350,1.937
17838,03/02/26 08:50:53 AM,1.00,1.67,336.9,2.121,99.997,1069.350,2.119
17839,03/02/26 09:00:53 AM,1.34,2.34,355.2,2.290,99.997,1069.350,2.288
17840,03/02/26 09:10:53 AM,1.00,2.00,4.2,2.504,99.997,1069.350,2.503
17841,03/02/26 09:20:53 AM,0.00,0.33,7.0,2.818,99.995,1069.350,2.817
17842,03/02/26 09:30:53 AM,0.00,0.00,7.0,2.829,99.997,1069.350,2.828
17843,03/02/26 09:40:53 AM,0.00,0.67,321.5,2.853,99.997,1069.350,2.852
17844,03/02/26 09:50:53 AM,0.00,0.00,310.3,3.236,99.997,1069.350,3.236
17845,03/02/26 10:00:53 AM,0.00,0.00,310.3,3.491,99.866,1069.350,3.473
17846,03/02/26 10:10:53 AM,0.00,0.00,310.3,3.740,98.959,1069.350,3.593
17847,03/02/26 10:20:53 AM,0.33,1.34,310.3,4.032,98.125,1069.350,3.764
17848,03/02/26 10:30:53 AM,1.00,1.34,321.5,4.365,96.689,1069.350,3.887
17849,03/02/26 10:40:53 AM,1.00,2.00,317.3,4.719,95.654,1069.350,4.087
17850,03/02/26 10:50:53 AM,0.67,1.67,317.3,5.352,92.485,1069.350,4.237
17851,03/02/26 11:00:53 AM,1.67,3.01,324.3,5.767,92.384,1069.350,4.633
17852,03/02/26 11:10:53 AM,2.00,3.67,318.7,5.912,91.258,1069.350,4.601
17853,03/02/26 11:20:53 AM,2.34,3.67,320.1,6.636,87.390,1069.350,4.697
17854,03/02/26 11:30:53 AM,2.34,4.01,324.3,7.033,84.297,1069.350,4.572
17855,03/02/26 11:40:53 AM,2.34,4.34,324.3,7.129,86.069,1069.350,4.964
17856,03/02/26 11:50:53 AM,2.67,4.68,311.7,6.995,85.066,1069.350,4.665
17857,03/02/26 12:00:53 PM,3.01,5.01,304.7,6.408,86.833,1069.350,4.381
17858,03/02/26 12:10:53 PM,3.01,4.01,292.0,6.400,85.600,1069.350,4.169
17859,03/02/26 12:20:53 PM,2.34,4.01,259.7,7.839,81.912,1069.350,4.951
17860,03/02/26 12:30:53 PM,3.01,5.01,265.3,8.148,77.263,1069.350,4.416
17861,03/02/26 12:40:53 PM,3.34,6.35,245.7,8.657,75.410,1069.350,4.562
17862,03/02/26 12:50:53 PM,4.01,7.01,271.0,8.663,74.051,1069.350,4.309
17863,03/02/26 01:00:53 PM,3.67,5.68,276.6,8.786,71.902,1069.350,4.008
17864,03/02/26 01:10:53 PM,4.01,6.35,287.8,8.778,74.156,1069.350,4.440
17865,03/02/26 01:20:53 PM,4.68,7.01,273.8,8.673,71.958,1069.350,3.910
17866,03/02/26 01:30:53 PM,4.68,6.68,282.2,7.907,75.207,1069.350,3.798
17867,03/02/26 01:40:53 PM,4.01,6.01,296.2,8.228,72.454,1069.350,3.579
17868,03/02/26 01:50:53 PM,5.01,7.01,300.4,8.716,69.778,1069.350,3.514
17869,03/02/26 02:00:53 PM,4.68,6.68,299.0,8.974,68.782,1069.350,3.558
17870,03/02/26 02:10:53 PM,4.34,6.68,269.6,8.968,69.599,1069.350,3.720
17871,03/02/26 02:20:53 PM,4.34,6.68,265.3,8.156,69.279,1069.350,2.876
17872,03/02/26 02:30:53 PM,4.34,6.35,272.4,8.571,69.425,1069.350,3.303
17873,03/02/26 02:40:53 PM,4.34,6.35,273.8,7.848,69.372,1069.350,2.599
17874,03/02/26 02:50:53 PM,3.34,5.68,282.2,8.156,69.514,1069.350,2.923
17875,03/02/26 03:00:53 PM,4.01,6.01,255.5,9.775,65.066,1069.350,3.535
17876,03/02/26 03:10:53 PM,3.67,6.35,256.9,10.035,62.347,1069.350,3.178
17877,03/02/26 03:20:53 PM,3.01,6.35,256.9,10.507,59.344,1069.350,2.927
17878,03/02/26 03:30:53 PM,3.34,6.01,261.1,10.585,60.018,1069.350,3.159
17879,03/02/26 03:40:53 PM,3.34,5.68,244.3,9.756,60.662,1069.350,2.528
17880,03/02/26 03:50:53 PM,3.67,7.35,263.9,10.636,59.756,1069.350,3.146
17881,03/02/26 04:00:53 PM,5.01,8.02,311.7,9.335,68.006,1069.350,3.743
17882,03/02/26 04:10:53 PM,5.01,6.68,317.3,8.148,72.395,1069.350,3.490
17883,03/02/26 04:20:53 PM,4.34,7.35,310.3,7.762,73.329,1069.350,3.299
17884,03/02/26 04:30:53 PM,5.01,7.01,303.2,8.941,69.851,1069.350,3.745
17885,03/02/26 04:40:53 PM,5.01,7.35,303.2,9.333,67.417,1069.350,3.617
17886,03/02/26 04:50:53 PM,4.68,7.35,287.8,9.102,67.042,1069.350,3.317
17887,03/02/26 05:00:53 PM,4.01,6.35,256.9,9.250,68.132,1069.350,3.688
17888,03/02/26 05:10:53 PM,3.34,5.34,252.7,9.252,68.563,1069.350,3.779
17889,03/02/26 05:20:53 PM,4.68,7.01,271.0,9.196,69.992,1069.350,4.019
17890,03/02/26 05:30:53 PM,5.01,8.02,248.5,8.408,74.801,1069.350,4.206
17891,03/02/26 05:40:53 PM,4.34,6.68,256.9,8.070,76.881,1069.350,4.269
17892,03/02/26 05:50:53 PM,5.68,8.68,252.7,8.443,76.236,1069.350,4.511
17893,03/02/26 06:00:53 PM,6.35,8.68,259.7,7.834,77.757,1069.350,4.201
17894,03/02/26 06:10:53 PM,6.01,8.35,258.3,7.494,78.010,1069.350,3.917
17895,03/02/26 06:20:53 PM,6.01,9.35,262.5,7.065,79.295,1069.350,3.732
17896,03/02/26 06:30:53 PM,5.01,8.02,259.7,7.164,80.270,1069.350,4.002
17897,03/02/26 06:40:53 PM,5.01,7.35,262.5,6.874,82.150,1069.350,4.048
17898,03/02/26 06:50:53 PM,5.34,7.35,269.6,5.998,84.834,1069.350,3.646
17899,03/02/26 07:00:53 PM,4.34,7.01,276.6,5.472,87.059,1069.350,3.496
17900,03/02/26 07:10:53 PM,4.01,5.68,276.6,5.116,87.669,1069.350,3.244
17901,03/02/26 07:20:53 PM,3.67,5.01,282.2,4.649,88.431,1069.350,2.905
17902,03/02/26 07:30:53 PM,3.67,6.01,279.4,4.424,88.977,1069.350,2.770
17903,03/02/26 07:40:53 PM,3.34,4.68,278.0,4.212,88.968,1069.350,2.559
17904,03/02/26 07:50:53 PM,3.67,5.34,283.6,3.858,90.016,1069.350,2.373
17905,03/02/26 08:00:53 PM,3.67,4.68,286.4,3.657,91.447,1069.350,2.396
17906,03/02/26 08:10:53 PM,3.34,4.68,286.4,3.646,92.145,1069.350,2.492
17907,03/02/26 08:20:53 PM,3.67,4.68,283.6,3.654,92.465,1069.350,2.548
17908,03/02/26 08:30:53 PM,2.67,4.68,265.3,3.606,92.000,1069.350,2.430
17909,03/02/26 08:40:53 PM,2.67,3.34,233.1,2.518,94.826,1069.350,1.773
17910,03/02/26 08:50:53 PM,2.34,3.67,254.1,2.220,95.505,1069.350,1.575
17911,03/02/26 09:00:53 PM,2.34,3.67,266.7,1.920,96.556,1069.350,1.429
17912,03/02/26 09:10:53 PM,3.01,4.34,273.8,1.882,96.641,1069.350,1.403
17913,03/02/26 09:20:53 PM,3.34,5.01,282.2,2.528,95.456,1069.350,1.875
17914,03/02/26 09:30:53 PM,2.67,4.34,276.6,2.389,95.497,1069.350,1.743
17915,03/02/26 09:40:53 PM,0.67,2.34,266.7,2.059,95.706,1069.350,1.444
17916,03/02/26 09:50:53 PM,0.33,2.00,244.3,1.150,97.162,1069.350,0.747
17917,03/02/26 10:00:53 PM,1.67,2.67,220.4,1.038,98.210,1069.350,0.784
17918,03/02/26 10:10:53 PM,1.34,2.34,210.6,1.180,97.719,1069.350,0.857
17919,03/02/26 10:20:53 PM,2.00,2.67,198.0,0.799,98.276,1069.350,0.555
17920,03/02/26 10:30:53 PM,1.00,2.34,221.8,0.751,98.511,1069.350,0.540
17921,03/02/26 10:40:53 PM,1.67,3.34,254.1,1.384,98.833,1069.350,1.218
17922,03/02/26 10:50:53 PM,1.67,2.67,247.1,1.338,97.649,1069.350,1.004
17923,03/02/26 11:00:53 PM,2.00,3.01,238.7,1.242,97.612,1069.350,0.903
17924,03/02/26 11:10:53 PM,2.00,3.01,227.4,1.081,97.586,1069.350,0.739
17925,03/02/26 11:20:53 PM,2.34,3.67,234.5,1.142,98.445,1069.350,0.921
17926,03/02/26 11:30:53 PM,2.34,3.67,247.1,1.510,97.533,1069.350,1.160
17927,03/02/26 11:40:53 PM,2.00,4.01,262.5,1.510,96.727,1069.350,1.044
17928,03/02/26 11:50:53 PM,1.67,2.67,276.6,0.424,97.786,1069.350,0.111
17929,03/03/26 12:00:53 AM,1.34,1.67,275.2,0.177,99.205,1069.350,0.062
17930,03/03/26 12:10:53 AM,2.00,2.67,269.6,0.652,99.461,1069.350,0.573
17931,03/03/26 12:20:53 AM,2.34,3.34,263.9,0.845,99.158,1069.350,0.724
17932,03/03/26 12:30:53 AM,2.34,3.01,265.3,1.046,99.182,1069.350,0.929
17933,03/03/26 12:40:53 AM,2.00,3.01,269.6,0.973,98.749,1069.350,0.795
17934,03/03/26 12:50:53 AM,2.34,4.01,266.7,1.158,99.030,1069.350,1.019
17935,03/03/26 01:00:53 AM,2.34,3.67,259.7,1.427,98.073,1069.350,1.154
17936,03/03/26 01:10:53 AM,1.67,2.67,287.8,1.327,97.240,1069.350,0.935
17937,03/03/26 01:20:53 AM,1.67,2.67,252.7,0.389,97.902,1069.350,0.092
17938,03/03/26 01:30:53 AM,1.67,2.34,245.7,-0.094,99.040,1069.350,-0.232
17939,03/03/26 01:40:53 AM,1.67,3.01,287.8,0.518,99.466,1069.350,0.440
17940,03/03/26 01:50:53 AM,2.34,4.01,282.2,1.451,97.221,1069.350,1.056
17941,03/03/26 02:00:53 AM,2.34,4.34,280.8,1.595,95.683,1069.350,0.979
17942,03/03/26 02:10:53 AM,2.00,3.34,271.0,1.212,96.658,1069.350,0.737
17943,03/03/26 02:20:53 AM,2.34,3.34,251.3,0.861,96.806,1069.350,0.408
17944,03/03/26 02:30:53 AM,2.00,2.67,256.9,0.668,97.359,1069.350,0.294
17945,03/03/26 02:40:53 AM,1.00,1.67,292.0,0.027,98.213,1069.350,-0.226
17946,03/03/26 02:50:53 AM,1.00,1.67,304.7,-0.386,97.879,1069.350,-0.685
17947,03/03/26 03:00:53 AM,1.34,2.00,304.7,-0.332,98.747,1069.350,-0.510
17948,03/03/26 03:10:53 AM,1.00,2.00,296.2,0.043,96.745,1069.350,-0.417
17949,03/03/26 03:20:53 AM,1.34,2.34,287.8,-0.177,96.638,1069.350,-0.651
17950,03/03/26 03:30:53 AM,2.00,3.34,299.0,-0.750,96.770,1069.350,-1.204
17951,03/03/26 03:40:53 AM,1.67,4.01,304.7,-0.943,96.667,1069.350,-1.411
17952,03/03/26 03:50:53 AM,1.34,2.34,287.8,-1.088,97.327,1069.350,-1.464
17953,03/03/26 04:00:53 AM,2.00,3.67,290.6,-0.906,97.212,1069.350,-1.298
17954,03/03/26 04:10:53 AM,2.00,3.34,292.0,-0.544,96.509,1069.350,-1.036
17955,03/03/26 04:20:53 AM,1.67,2.67,273.8,-0.338,95.232,1069.350,-1.012
17956,03/03/26 04:30:53 AM,2.00,3.01,292.0,-0.329,94.742,1069.350,-1.074
17957,03/03/26 04:40:53 AM,1.34,2.34,244.3,-1.008,94.781,1069.350,-1.744
17958,03/03/26 04:50:53 AM,1.00,1.34,285.0,-1.742,97.726,1069.350,-2.061
17959,03/03/26 05:00:53 AM,0.33,1.00,282.2,-1.598,98.172,1069.350,-1.856
17960,03/03/26 05:10:53 AM,1.34,1.67,285.0,-1.686,98.015,1069.350,-1.965
17961,03/03/26 05:20:53 AM,1.34,1.67,308.9,-1.595,96.992,1069.350,-2.017
17962,03/03/26 05:30:53 AM,1.67,2.34,301.8,-1.461,95.439,1069.350,-2.101
17963,03/03/26 05:40:53 AM,1.34,2.34,300.4,-1.279,95.586,1069.350,-1.899
17964,03/03/26 05:50:53 AM,2.67,4.34,317.3,-0.753,94.629,1069.350,-1.512
17965,03/03/26 06:00:53 AM,3.01,4.68,324.3,-0.539,93.201,1069.350,-1.506
17966,03/03/26 06:10:53 AM,3.34,4.34,328.5,-0.153,90.970,1069.350,-1.452
17967,03/03/26 06:20:53 AM,2.00,3.67,289.2,-0.238,90.683,1069.350,-1.579
17968,03/03/26 06:30:53 AM,2.34,3.67,233.1,-0.903,92.895,1069.350,-1.912
17969,03/03/26 06:40:53 AM,1.67,2.34,242.9,-1.464,96.399,1069.350,-1.969
17970,03/03/26 06:50:53 AM,1.67,2.67,303.2,-1.579,96.243,1069.350,-2.105
17971,03/03/26 07:00:53 AM,1.00,2.34,278.0,-1.077,93.494,1069.350,-1.998
17972,03/03/26 07:10:53 AM,1.34,1.67,289.2,-1.230,94.295,1069.350,-2.034
17973,03/03/26 07:20:53 AM,1.67,2.00,263.9,-1.549,94.633,1069.350,-2.303
17974,03/03/26 07:30:53 AM,1.00,1.67,289.2,-2.069,95.979,1069.350,-2.631
17975,03/03/26 07:40:53 AM,1.34,2.67,263.9,-0.772,93.606,1069.350,-1.678
17976,03/03/26 07:50:53 AM,1.00,2.00,252.7,-1.619,95.528,1069.350,-2.246
17977,03/03/26 08:00:53 AM,1.00,1.67,271.0,-2.048,98.070,1069.350,-2.320
17978,03/03/26 08:10:53 AM,1.00,1.67,294.8,-1.866,96.229,1069.350,-2.394
17979,03/03/26 08:20:53 AM,1.34,2.34,293.4,-1.442,93.286,1069.350,-2.390
17980,03/03/26 08:30:53 AM,1.00,2.00,289.2,-1.220,93.066,1069.350,-2.202
17981,03/03/26 08:40:53 AM,1.34,2.00,276.6,-1.453,93.706,1069.350,-2.341
17982,03/03/26 08:50:53 AM,1.34,2.34,300.4,-1.107,93.590,1069.350,-2.014
17983,03/03/26 09:00:53 AM,0.67,2.34,317.3,-0.126,91.930,1069.350,-1.282
17984,03/03/26 09:10:53 AM,0.00,1.00,324.3,1.091,90.713,1069.350,-0.258
17985,03/03/26 09:20:53 AM,0.00,1.00,36.5,1.394,89.294,1069.350,-0.175
17986,03/03/26 09:30:53 AM,0.67,1.34,124.9,1.150,91.217,1069.350,-0.124
17987,03/03/26 09:40:53 AM,1.34,2.00,117.9,1.236,90.468,1069.350,-0.152
17988,03/03/26 09:50:53 AM,1.00,1.67,102.5,1.338,89.662,1069.350,-0.174
17989,03/03/26 10:00:53 AM,1.00,2.00,56.2,2.284,88.249,1069.350,0.542
17990,03/03/26 10:10:53 AM,1.67,2.67,82.8,2.665,86.267,1069.350,0.603
17991,03/03/26 10:20:53 AM,1.67,2.67,94.1,2.797,86.090,1069.350,0.705
17992,03/03/26 10:30:53 AM,1.00,2.00,99.7,3.569,85.322,1069.350,1.340
17993,03/03/26 10:40:53 AM,1.00,2.34,88.4,3.995,83.874,1069.350,1.520
17994,03/03/26 10:50:53 AM,1.34,2.34,59.0,4.456,81.350,1069.350,1.545
17995,03/03/26 11:00:53 AM,1.00,2.00,57.6,5.046,77.559,1069.350,1.455
17996,03/03/26 11:10:53 AM,1.00,2.00,75.8,6.475,72.982,1069.350,1.990
17997,03/03/26 11:20:53 AM,1.67,3.01,103.9,6.496,74.705,1069.350,2.337
17998,03/03/26 11:30:53 AM,2.34,3.67,95.5,6.727,75.215,1069.350,2.657
17999,03/03/26 11:40:53 AM,2.67,3.67,88.4,7.172,74.974,1069.350,3.042
18000,03/03/26 11:50:53 AM,2.67,4.01,81.4,7.679,74.429,1069.350,3.430
18001,03/03/26 12:00:53 PM,2.34,3.34,92.7,8.209,74.041,1069.350,3.868
18002,03/03/26 12:10:53 PM,2.00,3.67,101.1,8.148,75.302,1069.350,4.049
18003,03/03/26 12:20:53 PM,2.34,3.67,109.5,8.502,75.640,1069.350,4.456
18004,03/03/26 12:30:53 PM,2.34,5.01,96.9,9.145,73.936,1069.350,4.752
18005,03/03/26 12:40:53 PM,2.34,4.34,103.9,9.027,73.288,1069.350,4.512
18006,03/03/26 12:50:53 PM,2.34,4.01,109.5,9.110,73.979,1069.350,4.727
18007,03/03/26 01:00:53 PM,2.34,5.01,108.1,9.301,73.536,1069.350,4.825
18008,03/03/26 01:10:53 PM,2.00,4.34,119.3,9.874,72.262,1069.350,5.127
18009,03/03/26 01:20:53 PM,2.00,5.01,106.7,9.432,72.877,1069.350,4.822
18010,03/03/26 01:30:53 PM,2.00,3.67,99.7,9.912,72.200,1069.350,5.151
18011,03/03/26 01:40:53 PM,2.67,4.34,143.2,10.236,70.637,1069.350,5.149
18012,03/03/26 01:50:53 PM,2.34,4.34,143.2,10.338,70.330,1069.350,5.184
18013,03/03/26 02:00:53 PM,2.34,4.34,157.2,9.952,69.957,1069.350,4.737
18014,03/03/26 02:10:53 PM,2.34,5.01,148.8,9.802,70.301,1069.350,4.663
18015,03/03/26 02:20:53 PM,2.00,4.68,140.4,10.349,66.926,1069.350,4.484
18016,03/03/26 02:30:53 PM,1.67,3.34,116.5,10.746,65.071,1069.350,4.460
18017,03/03/26 02:40:53 PM,2.34,4.68,127.8,10.571,65.777,1069.350,4.448
18018,03/03/26 02:50:53 PM,2.00,3.67,136.2,10.453,64.837,1069.350,4.130
18019,03/03/26 03:00:53 PM,1.34,3.34,126.4,10.893,63.949,1069.350,4.352
18020,03/03/26 03:10:53 PM,1.67,3.67,141.8,10.882,64.195,1069.350,4.396
18021,03/03/26 03:20:53 PM,2.34,4.34,113.7,11.156,63.749,1069.350,4.557
18022,03/03/26 03:30:53 PM,2.67,4.68,116.5,11.169,63.523,1069.350,4.518
18023,03/03/26 03:40:53 PM,2.00,4.01,98.3,11.515,61.576,1069.350,4.401
18024,03/03/26 03:50:53 PM,2.34,4.34,127.8,11.188,60.885,1069.350,3.932
18025,03/03/26 04:00:53 PM,2.00,4.01,116.5,11.751,60.424,1069.350,4.354
18026,03/03/26 04:10:53 PM,2.34,4.68,162.9,11.831,59.033,1069.350,4.098
18027,03/03/26 04:20:53 PM,2.67,4.68,130.6,11.794,61.686,1069.350,4.690
18028,03/03/26 04:30:53 PM,2.67,4.34,120.7,11.949,61.431,1069.350,4.778
18029,03/03/26 04:40:53 PM,3.34,5.34,151.6,11.655,59.071,1069.350,3.941
18030,03/03/26 04:50:53 PM,3.01,5.01,155.8,11.405,58.540,1069.350,3.578
18031,03/03/26 05:00:53 PM,3.34,5.34,158.6,11.451,58.883,1069.350,3.704
18032,03/03/26 05:10:53 PM,3.01,4.68,160.0,11.609,58.270,1069.350,3.704
18033,03/03/26 05:20:53 PM,3.01,4.68,160.0,11.539,58.352,1069.350,3.658
18034,03/03/26 05:30:53 PM,3.01,4.34,160.0,11.279,58.531,1069.350,3.458
18035,03/03/26 05:40:53 PM,3.01,4.34,168.5,11.011,58.560,1069.350,3.213
18036,03/03/26 05:50:53 PM,2.67,4.01,157.2,11.086,58.297,1069.350,3.220
18037,03/03/26 06:00:53 PM,2.34,4.01,153.0,11.255,58.395,1069.350,3.402
18038,03/03/26 06:10:53 PM,3.01,4.34,153.0,10.850,57.708,1069.350,2.855
18039,03/03/26 06:20:53 PM,2.34,4.01,160.0,10.874,58.025,1069.350,2.954
18040,03/03/26 06:30:53 PM,2.34,3.67,150.2,10.526,59.376,1069.350,2.952
18041,03/03/26 06:40:53 PM,1.67,2.67,143.2,10.185,60.623,1069.350,2.924
18042,03/03/26 06:50:53 PM,1.34,2.34,147.4,9.679,62.699,1069.350,2.920
18043,03/03/26 07:00:53 PM,1.00,1.34,154.4,8.885,65.502,1069.350,2.782
18044,03/03/26 07:10:53 PM,0.67,1.00,160.0,8.537,65.165,1069.350,2.378
18045,03/03/26 07:20:53 PM,0.00,0.67,160.0,7.794,68.658,1069.350,2.402
18046,03/03/26 07:30:53 PM,0.00,0.33,160.0,6.984,72.093,1069.350,2.309
18047,03/03/26 07:40:53 PM,0.00,0.00,160.0,6.579,72.247,1069.350,1.949
18048,03/03/26 07:50:53 PM,0.00,0.00,160.0,6.142,73.278,1069.350,1.725
18049,03/03/26 08:00:53 PM,0.33,1.34,213.4,5.298,75.114,1069.350,1.254
18050,03/03/26 08:10:53 PM,0.67,1.34,318.7,4.191,78.502,1069.350,0.791
18051,03/03/26 08:20:53 PM,0.00,0.00,318.7,4.974,76.825,1069.350,1.253
18052,03/03/26 08:30:53 PM,0.00,1.00,320.1,4.944,76.405,1069.350,1.147
18053,03/03/26 08:40:53 PM,0.33,1.34,9.8,4.073,78.689,1069.350,0.709
18054,03/03/26 08:50:53 PM,0.00,0.67,15.4,3.459,81.143,1069.350,0.535
18055,03/03/26 09:00:53 PM,0.33,0.67,15.4,2.925,83.267,1069.350,0.369
18056,03/03/26 09:10:53 PM,0.33,1.00,15.4,2.705,84.370,1069.350,0.335
18057,03/03/26 09:20:53 PM,0.00,0.00,15.4,3.043,83.363,1069.350,0.501
18058,03/03/26 09:30:53 PM,0.00,0.00,15.4,2.687,84.990,1069.350,0.419
18059,03/03/26 09:40:53 PM,0.00,0.00,15.4,2.628,85.466,1069.350,0.438
18060,03/03/26 09:50:53 PM,0.00,0.00,346.8,2.512,85.722,1069.350,0.365
18061,03/03/26 10:00:53 PM,0.00,0.00,344.0,2.587,85.356,1069.350,0.380
18062,03/03/26 10:10:53 PM,0.00,0.00,314.5,1.274,87.073,1069.350,-0.639
18063,03/03/26 10:20:53 PM,0.00,0.00,296.2,0.791,90.669,1069.350,-0.562
18064,03/03/26 10:30:53 PM,0.67,1.34,296.2,1.142,89.438,1069.350,-0.402
18065,03/03/26 10:40:53 PM,0.67,1.00,296.2,1.263,91.304,1069.350,0.001
18066,03/03/26 10:50:53 PM,0.00,0.00,296.2,2.110,89.795,1069.350,0.610
18067,03/03/26 11:00:53 PM,0.00,0.00,296.2,2.046,90.149,1069.350,0.601
18068,03/03/26 11:10:53 PM,0.33,1.67,296.2,1.121,90.010,1069.350,-0.336
18069,03/03/26 11:20:53 PM,1.34,1.67,296.2,-0.582,93.875,1069.350,-1.450
18070,03/03/26 11:30:53 PM,1.00,1.67,296.2,-0.694,95.161,1069.350,-1.377
18071,03/03/26 11:40:53 PM,1.00,1.34,296.2,0.011,94.714,1069.350,-0.739
18072,03/03/26 11:50:53 PM,1.00,1.67,301.8,0.057,93.796,1069.350,-0.827
18073,03/04/26 12:00:53 AM,0.33,1.34,296.2,0.652,93.643,1069.350,-0.257
18074,03/04/26 12:10:53 AM,0.00,0.00,296.2,0.952,92.018,1069.350,-0.200
18075,03/04/26 12:20:53 AM,0.33,1.00,296.2,0.158,92.914,1069.350,-0.855
18076,03/04/26 12:30:53 AM,0.00,0.67,296.2,0.716,93.669,1069.350,-0.190
18077,03/04/26 12:40:53 AM,0.00,0.00,296.2,0.864,92.158,1069.350,-0.266
18078,03/04/26 12:50:53 AM,0.00,0.00,296.2,0.547,92.708,1069.350,-0.499
18079,03/04/26 01:00:53 AM,0.00,0.00,296.2,0.255,92.689,1069.350,-0.792
18080,03/04/26 01:10:53 AM,1.00,1.67,296.2,-0.925,93.899,1069.350,-1.788
18081,03/04/26 01:20:53 AM,0.33,1.00,296.2,-0.474,95.854,1069.350,-1.059
18082,03/04/26 01:30:53 AM,0.67,1.00,296.2,-0.498,93.977,1069.350,-1.352
18083,03/04/26 01:40:53 AM,0.33,1.00,296.2,0.156,93.742,1069.350,-0.736
18084,03/04/26 01:50:53 AM,0.67,1.00,299.0,-0.450,93.539,1069.350,-1.368
18085,03/04/26 02:00:53 AM,0.00,0.00,303.2,-0.938,93.751,1069.350,-1.822
18086,03/04/26 02:10:53 AM,0.33,1.34,311.7,-1.321,95.843,1069.350,-1.905
18087,03/04/26 02:20:53 AM,0.67,1.34,335.5,-1.029,95.589,1069.350,-1.650
18088,03/04/26 02:30:53 AM,1.00,2.00,355.2,-0.319,94.269,1069.350,-1.132
18089,03/04/26 02:40:53 AM,0.00,0.00,2.8,-0.976,94.748,1069.350,-1.717
18090,03/04/26 02:50:53 AM,0.33,1.34,349.6,-1.324,95.431,1069.350,-1.966
18091,03/04/26 03:00:53 AM,0.67,1.00,322.9,-1.509,96.643,1069.350,-1.979
18092,03/04/26 03:10:53 AM,0.67,1.34,322.9,-1.126,95.978,1069.350,-1.691
18093,03/04/26 03:20:53 AM,0.33,1.00,346.8,-0.925,96.027,1069.350,-1.484
18094,03/04/26 03:30:53 AM,0.33,1.00,342.6,-1.021,95.966,1069.350,-1.588
18095,03/04/26 03:40:53 AM,0.33,0.67,345.4,-0.992,96.451,1069.350,-1.491
18096,03/04/26 03:50:53 AM,0.00,0.00,349.6,-1.163,96.580,1069.350,-1.643
18097,03/04/26 04:00:53 AM,0.00,0.00,349.6,-1.456,97.542,1069.350,-1.801
18098,03/04/26 04:10:53 AM,0.67,1.34,349.6,-1.598,97.699,1069.350,-1.921
18099,03/04/26 04:20:53 AM,1.00,1.34,349.6,-1.825,98.053,1069.350,-2.099
18100,03/04/26 04:30:53 AM,1.00,1.67,19.7,-1.166,97.624,1069.350,-1.500
18101,03/04/26 04:40:53 AM,0.33,1.34,29.5,-1.043,97.580,1069.350,-1.383
18102,03/04/26 04:50:53 AM,0.00,0.00,29.5,-0.710,97.133,1069.350,-1.113
18103,03/04/26 05:00:53 AM,0.33,1.00,29.5,-0.635,96.478,1069.350,-1.131
18104,03/04/26 05:10:53 AM,0.00,1.00,29.5,-0.590,96.481,1069.350,-1.086
18105,03/04/26 05:20:53 AM,0.00,0.00,29.5,-0.388,96.071,1069.350,-0.942
18106,03/04/26 05:30:53 AM,0.00,0.00,26.7,-1.075,94.827,1069.350,-1.804
18107,03/04/26 05:40:53 AM,0.00,0.00,332.7,-1.943,97.090,1069.350,-2.350
18108,03/04/26 05:50:53 AM,0.00,0.00,332.7,-1.909,98.555,1069.350,-2.114
18109,03/04/26 06:00:53 AM,0.00,0.00,332.7,-1.761,98.949,1069.350,-1.912
18110,03/04/26 06:10:53 AM,0.00,0.00,332.7,-2.126,98.116,1069.350,-2.391
18111,03/04/26 06:20:53 AM,0.00,0.00,332.7,-2.056,99.718,1069.350,-2.102
18112,03/04/26 06:30:53 AM,0.00,0.00,355.2,-1.989,99.933,1069.350,-2.006
18113,03/04/26 06:40:53 AM,0.00,0.00,0.0,-2.426,99.741,1069.350,-2.470
18114,03/04/26 06:50:53 AM,0.00,0.00,0.0,-2.276,99.985,1069.350,-2.287
18115,03/04/26 07:00:53 AM,1.00,1.67,85.6,-1.986,99.548,1069.350,-2.055
18116,03/04/26 07:10:53 AM,0.33,1.00,78.6,-2.724,99.611,1069.350,-2.786
18117,03/04/26 07:20:53 AM,0.00,0.00,50.5,-2.287,99.997,1069.350,-2.296
18118,03/04/26 07:30:53 AM,0.00,0.00,50.5,-1.943,99.997,1069.350,-1.952
18119,03/04/26 07:40:53 AM,0.00,0.00,56.2,-2.040,99.977,1069.350,-2.051
18120,03/04/26 07:50:53 AM,0.00,0.67,122.1,-2.281,99.547,1069.350,-2.351
18121,03/04/26 08:00:53 AM,1.00,1.34,272.4,-3.244,99.596,1069.350,-3.308
18122,03/04/26 08:10:53 AM,0.33,1.00,272.4,-2.973,99.997,1069.350,-2.983
18123,03/04/26 08:20:53 AM,0.67,1.34,317.3,-2.643,99.739,1069.350,-2.687
18124,03/04/26 08:30:53 AM,0.00,0.00,321.5,-1.796,99.605,1069.350,-1.858
18125,03/04/26 08:40:53 AM,0.00,0.00,321.5,-1.632,98.051,1069.350,-1.906
18126,03/04/26 08:50:53 AM,0.00,0.33,321.5,-1.292,96.828,1069.350,-1.737
18127,03/04/26 09:00:53 AM,0.00,0.00,321.5,-0.960,96.445,1069.350,-1.460
18128,03/04/26 09:10:53 AM,0.00,0.00,321.5,-1.372,97.890,1069.350,-1.669
18129,03/04/26 09:20:53 AM,0.00,0.00,321.5,-0.756,97.047,1069.350,-1.171
18130,03/04/26 09:30:53 AM,0.00,0.00,339.7,0.330,94.206,1069.350,-0.495
18131,03/04/26 09:40:53 AM,0.67,2.00,132.0,0.963,92.441,1069.350,-0.126
18132,03/04/26 09:50:53 AM,1.00,2.00,132.0,1.595,92.525,1069.350,0.514
18133,03/04/26 10:00:53 AM,1.34,3.01,116.5,1.992,93.263,1069.350,1.018
18134,03/04/26 10:10:53 AM,2.34,3.67,127.8,2.510,92.952,1069.350,1.486
18135,03/04/26 10:20:53 AM,3.01,4.68,115.1,3.598,91.095,1069.350,2.283
18136,03/04/26 10:30:53 AM,3.01,4.68,116.5,4.089,89.230,1069.350,2.479
18137,03/04/26 10:40:53 AM,3.01,5.68,102.5,4.740,86.561,1069.350,2.694
18138,03/04/26 10:50:53 AM,4.34,6.68,87.0,4.957,83.616,1069.350,2.420
18139,03/04/26 11:00:53 AM,4.34,6.35,66.0,5.282,82.814,1069.350,2.603
18140,03/04/26 11:10:53 AM,5.01,7.01,80.0,5.231,82.441,1069.350,2.490
18141,03/04/26 11:20:53 AM,4.68,6.01,75.8,5.555,82.173,1069.350,2.761
18142,03/04/26 11:30:53 AM,3.67,6.35,70.2,5.810,81.923,1069.350,2.968
18143,03/04/26 11:40:53 AM,4.68,7.35,61.8,5.545,82.277,1069.350,2.769
18144,03/04/26 11:50:53 AM,5.01,7.68,66.0,5.711,81.947,1069.350,2.875
18145,03/04/26 12:00:53 PM,5.01,7.68,59.0,5.976,81.186,1069.350,3.003
18146,03/04/26 12:10:53 PM,5.68,8.02,50.5,6.496,80.215,1069.350,3.340
18147,03/04/26 12:20:53 PM,5.34,8.02,53.3,6.657,80.772,1069.350,3.596
18148,03/04/26 12:30:53 PM,5.68,7.68,51.9,6.904,79.466,1069.350,3.605
18149,03/04/26 12:40:53 PM,5.34,8.02,56.2,7.386,78.625,1069.350,3.924
18150,03/04/26 12:50:53 PM,5.34,7.68,57.6,7.866,75.390,1069.350,3.793
18151,03/04/26 01:00:53 PM,5.68,8.02,64.6,8.652,71.472,1069.350,3.793
18152,03/04/26 01:10:53 PM,5.34,7.68,63.2,8.523,71.655,1069.350,3.705
18153,03/04/26 01:20:53 PM,5.68,8.02,63.2,8.711,70.503,1069.350,3.656
18154,03/04/26 01:30:53 PM,5.68,8.35,60.4,8.839,70.211,1069.350,3.720
18155,03/04/26 01:40:53 PM,5.01,7.68,63.2,8.848,69.981,1069.350,3.682
18156,03/04/26 01:50:53 PM,4.34,6.68,66.0,9.357,67.428,1069.350,3.642
18157,03/04/26 02:00:53 PM,4.68,6.68,61.8,9.397,67.874,1069.350,3.774
18158,03/04/26 02:10:53 PM,4.34,7.01,67.4,9.620,66.479,1069.350,3.692
18159,03/04/26 02:20:53 PM,3.01,5.34,66.0,9.550,66.673,1069.350,3.667
18160,03/04/26 02:30:53 PM,2.67,5.01,82.8,9.459,66.384,1069.350,3.519
18161,03/04/26 02:40:53 PM,3.34,5.68,67.4,9.177,67.671,1069.350,3.521
18162,03/04/26 02:50:53 PM,2.34,5.68,42.1,9.156,66.061,1069.350,3.161
18163,03/04/26 03:00:53 PM,4.01,6.35,32.3,9.105,67.266,1069.350,3.368
18164,03/04/26 03:10:53 PM,2.67,4.34,64.6,9.713,65.887,1069.350,3.654
18165,03/04/26 03:20:53 PM,1.67,4.01,87.0,10.271,61.746,1069.350,3.264
18166,03/04/26 03:30:53 PM,2.00,4.01,96.9,9.941,62.591,1069.350,3.144
18167,03/04/26 03:40:53 PM,2.67,4.01,95.5,10.400,62.400,1069.350,3.536
18168,03/04/26 03:50:53 PM,2.34,4.34,92.7,10.199,60.899,1069.350,3.001
18169,03/04/26 04:00:53 PM,2.34,5.01,80.0,9.898,62.947,1069.350,3.184
18170,03/04/26 04:10:53 PM,1.67,3.67,87.0,9.740,64.431,1069.350,3.363
18171,03/04/26 04:20:53 PM,2.00,4.01,167.1,9.606,61.956,1069.350,2.683
18172,03/04/26 04:30:53 PM,2.67,5.68,186.7,9.464,58.419,1069.350,1.725
18173,03/04/26 04:40:53 PM,8.35,14.03,223.2,6.657,73.617,1069.350,2.287
18174,03/04/26 04:50:53 PM,8.68,13.69,249.9,3.427,91.844,1069.350,2.228
18175,03/04/26 05:00:53 PM,6.35,9.02,255.5,1.987,95.715,1069.350,1.374
18176,03/04/26 05:10:53 PM,6.68,9.68,259.7,1.298,97.195,1069.350,0.900
18177,03/04/26 05:20:53 PM,7.01,10.35,259.7,0.687,97.423,1069.350,0.322
18178,03/04/26 05:30:53 PM,7.01,11.02,262.5,0.234,98.285,1069.350,-0.009
18179,03/04/26 05:40:53 PM,7.01,10.02,268.1,0.008,99.295,1069.350,-0.094
18180,03/04/26 05:50:53 PM,7.01,10.35,272.4,-0.053,99.483,1069.350,-0.129
18181,03/04/26 06:00:53 PM,6.68,10.35,275.2,-0.056,99.501,1069.350,-0.130
18182,03/04/26 06:10:53 PM,6.35,9.68,279.4,-0.013,99.266,1069.350,-0.119
18183,03/04/26 06:20:53 PM,6.35,9.68,283.6,0.051,98.631,1069.350,-0.144
18184,03/04/26 06:30:53 PM,6.35,9.68,276.6,0.035,97.600,1069.350,-0.304
18185,03/04/26 06:40:53 PM,6.35,9.35,275.2,-0.002,97.665,1069.350,-0.332
18186,03/04/26 06:50:53 PM,7.01,10.02,273.8,-0.045,98.175,1069.350,-0.303
18187,03/04/26 07:00:53 PM,7.35,10.35,269.6,-0.064,97.964,1069.350,-0.352
18188,03/04/26 07:10:53 PM,7.01,10.02,271.0,-0.013,97.900,1069.350,-0.310
18189,03/04/26 07:20:53 PM,6.68,9.35,271.0,0.062,97.108,1069.350,-0.346
18190,03/04/26 07:30:53 PM,6.01,8.68,271.0,0.051,97.421,1069.350,-0.313
18191,03/04/26 07:40:53 PM,5.34,8.35,266.7,0.065,97.470,1069.350,-0.292
18192,03/04/26 07:50:53 PM,4.68,7.68,272.4,0.067,97.166,1069.350,-0.333
18193,03/04/26 08:00:53 PM,3.34,5.01,255.5,-0.056,98.241,1069.350,-0.305
18194,03/04/26 08:10:53 PM,3.67,5.01,268.1,-0.056,98.448,1069.350,-0.276
18195,03/04/26 08:20:53 PM,3.67,5.01,245.7,-0.099,98.413,1069.350,-0.324
18196,03/04/26 08:30:53 PM,3.67,5.68,249.9,-0.198,99.060,1069.350,-0.333
18197,03/04/26 08:40:53 PM,3.01,5.01,251.3,-0.209,99.498,1069.350,-0.283
18198,03/04/26 08:50:53 PM,4.01,7.68,249.9,-0.104,99.388,1069.350,-0.194
18199,03/04/26 09:00:53 PM,5.34,7.68,249.9,-0.099,99.327,1069.350,-0.197
18200,03/04/26 09:10:53 PM,5.34,8.02,254.1,-0.150,99.518,1069.350,-0.222
18201,03/04/26 09:20:53 PM,4.68,7.35,242.9,-0.104,98.900,1069.350,-0.261
18202,03/04/26 09:30:53 PM,4.68,6.68,241.5,-0.072,98.404,1069.350,-0.298
18203,03/04/26 09:40:53 PM,4.34,7.01,245.7,-0.115,98.759,1069.350,-0.292
18204,03/04/26 09:50:53 PM,5.34,8.68,248.5,-0.378,99.348,1069.350,-0.473
18205,03/04/26 10:00:53 PM,5.68,8.68,254.1,-0.488,99.463,1069.350,-0.568
18206,03/04/26 10:10:53 PM,5.68,8.68,251.3,-0.571,99.690,1069.350,-0.619
18207,03/04/26 10:20:53 PM,5.68,9.02,255.5,-0.563,99.524,1069.350,-0.634
18208,03/04/26 10:30:53 PM,6.01,9.68,259.7,-0.603,99.683,1069.350,-0.652
18209,03/04/26 10:40:53 PM,6.35,9.68,259.7,-0.758,99.892,1069.350,-0.779
18210,03/04/26 10:50:53 PM,7.35,11.69,261.1,-1.099,99.863,1069.350,-1.124
18211,03/04/26 11:00:53 PM,6.35,8.68,262.5,-1.504,99.950,1069.350,-1.518
18212,03/04/26 11:10:53 PM,6.68,9.68,272.4,-1.450,99.774,1069.350,-1.488
18213,03/04/26 11:20:53 PM,7.01,9.68,273.8,-1.423,99.248,1069.350,-1.533
18214,03/04/26 11:30:53 PM,7.01,9.68,273.8,-1.461,98.775,1069.350,-1.636
18215,03/04/26 11:40:53 PM,6.35,9.35,272.4,-1.514,98.781,1069.350,-1.688
18216,03/04/26 11:50:53 PM,6.35,9.02,271.0,-1.595,98.698,1069.350,-1.780
18217,03/05/26 12:00:53 AM,7.01,10.02,275.2,-1.643,98.344,1069.350,-1.877
18218,03/05/26 12:10:53 AM,7.35,10.35,275.2,-1.659,98.047,1069.350,-1.934
18219,03/05/26 12:20:53 AM,7.68,10.35,275.2,-1.654,97.870,1069.350,-1.953
18220,03/05/26 12:30:53 AM,8.02,10.69,275.2,-1.673,98.369,1069.350,-1.904
18221,03/05/26 12:40:53 AM,7.35,11.02,276.6,-1.632,98.369,1069.350,-1.863
18222,03/05/26 12:50:53 AM,7.35,10.69,278.0,-1.614,98.300,1069.350,-1.854
18223,03/05/26 01:00:53 AM,8.02,11.35,278.0,-1.568,97.771,1069.350,-1.881
18224,03/05/26 01:10:53 AM,7.68,10.69,278.0,-1.482,97.322,1069.350,-1.858
18225,03/05/26 01:20:53 AM,7.01,11.02,278.0,-1.482,97.176,1069.350,-1.878
18226,03/05/26 01:30:53 AM,6.68,10.02,276.6,-1.477,97.476,1069.350,-1.831
18227,03/05/26 01:40:53 AM,7.01,9.68,280.8,-1.410,97.185,1069.350,-1.805
18228,03/05/26 01:50:53 AM,7.01,10.69,283.6,-1.364,96.912,1069.350,-1.797
18229,03/05/26 02:00:53 AM,7.35,10.69,282.2,-1.359,97.159,1069.350,-1.758
18230,03/05/26 02:10:53 AM,7.35,10.69,276.6,-1.351,97.287,1069.350,-1.732
18231,03/05/26 02:20:53 AM,7.68,11.02,275.2,-1.330,97.165,1069.350,-1.728
18232,03/05/26 02:30:53 AM,7.35,10.35,275.2,-1.335,97.256,1069.350,-1.720
18233,03/05/26 02:40:53 AM,7.35,11.02,275.2,-1.343,97.275,1069.350,-1.725
18234,03/05/26 02:50:53 AM,7.35,12.02,273.8,-1.348,97.214,1069.350,-1.739
18235,03/05/26 03:00:53 AM,7.01,10.69,275.2,-1.407,97.379,1069.350,-1.775
18236,03/05/26 03:10:53 AM,7.68,10.02,272.4,-1.386,97.018,1069.350,-1.804
18237,03/05/26 03:20:53 AM,7.68,10.35,271.0,-1.410,97.249,1069.350,-1.796
18238,03/05/26 03:30:53 AM,7.01,10.35,269.6,-1.447,97.520,1069.350,-1.795
18239,03/05/26 03:40:53 AM,7.01,10.02,269.6,-1.461,97.717,1069.350,-1.782
18240,03/05/26 03:50:53 AM,7.01,10.35,271.0,-1.447,97.473,1069.350,-1.802
18241,03/05/26 04:00:53 AM,7.35,10.35,272.4,-1.447,97.208,1069.350,-1.839
18242,03/05/26 04:10:53 AM,7.35,10.69,272.4,-1.472,97.427,1069.350,-1.833
18243,03/05/26 04:20:53 AM,7.35,10.02,273.8,-1.434,97.082,1069.350,-1.843
18244,03/05/26 04:30:53 AM,7.35,10.69,273.8,-1.434,96.992,1069.350,-1.856
18245,03/05/26 04:40:53 AM,7.35,10.02,275.2,-1.472,97.130,1069.350,-1.875
18246,03/05/26 04:50:53 AM,7.35,9.68,273.8,-1.506,97.201,1069.350,-1.899
18247,03/05/26 05:00:53 AM,7.01,9.35,272.4,-1.498,97.173,1069.350,-1.894
18248,03/05/26 05:10:53 AM,7.68,10.35,276.6,-1.488,97.053,1069.350,-1.901
18249,03/05/26 05:20:53 AM,7.68,10.02,275.2,-1.496,97.337,1069.350,-1.870
18250,03/05/26 05:30:53 AM,7.35,10.69,273.8,-1.525,97.438,1069.350,-1.885
18251,03/05/26 05:40:53 AM,7.68,11.02,273.8,-1.525,97.301,1069.350,-1.904
18252,03/05/26 05:50:53 AM,7.35,11.02,272.4,-1.568,96.985,1069.350,-1.991
18253,03/05/26 06:00:53 AM,6.68,9.68,272.4,-1.678,97.212,1069.350,-2.069
18254,03/05/26 06:10:53 AM,6.35,8.68,272.4,-1.708,97.230,1069.350,-2.096
18255,03/05/26 06:20:53 AM,6.01,9.02,269.6,-1.708,97.111,1069.350,-2.113
18256,03/05/26 06:30:53 AM,6.01,8.35,271.0,-1.675,97.053,1069.350,-2.088
18257,03/05/26 06:40:53 AM,6.01,8.35,266.7,-1.708,97.331,1069.350,-2.082
18258,03/05/26 06:50:53 AM,6.01,8.68,263.9,-1.673,97.661,1069.350,-2.001
18259,03/05/26 07:00:53 AM,5.68,8.35,266.7,-1.638,97.470,1069.350,-1.993
18260,03/05/26 07:10:53 AM,5.68,8.68,273.8,-1.753,97.340,1069.350,-2.126
18261,03/05/26 07:20:53 AM,5.68,8.35,273.8,-1.769,96.690,1069.350,-2.232
18262,03/05/26 07:30:53 AM,5.34,7.68,273.8,-1.793,96.306,1069.350,-2.310
18263,03/05/26 07:40:53 AM,5.34,7.68,272.4,-1.777,95.869,1069.350,-2.355
18264,03/05/26 07:50:53 AM,4.68,7.01,271.0,-1.858,95.976,1069.350,-2.421
18265,03/05/26 08:00:53 AM,5.01,7.01,272.4,-1.868,95.973,1069.350,-2.432
18266,03/05/26 08:10:53 AM,5.34,7.01,271.0,-1.844,95.616,1069.350,-2.458
18267,03/05/26 08:20:53 AM,6.01,8.35,271.0,-1.847,95.738,1069.350,-2.444
18268,03/05/26 08:30:53 AM,6.01,8.68,272.4,-1.922,96.146,1069.350,-2.461
18269,03/05/26 08:40:53 AM,5.68,8.68,273.8,-1.992,96.176,1069.350,-2.527
18270,03/05/26 08:50:53 AM,5.68,8.02,275.2,-1.957,95.952,1069.350,-2.523
18271,03/05/26 09:00:53 AM,6.01,9.02,278.0,-1.761,95.071,1069.350,-2.452
18272,03/05/26 09:10:53 AM,6.01,8.35,283.6,-1.568,94.125,1069.350,-2.395
18273,03/05/26 09:20:53 AM,6.01,8.68,278.0,-1.506,94.008,1069.350,-2.350
18274,03/05/26 09:30:53 AM,6.01,8.35,278.0,-1.590,95.146,1069.350,-2.271
18275,03/05/26 09:40:53 AM,6.01,8.35,271.0,-1.654,96.367,1069.350,-2.163
18276,03/05/26 09:50:53 AM,5.34,7.35,268.1,-1.552,96.321,1069.350,-2.068
18277,03/05/26 10:00:53 AM,5.34,8.68,263.9,-1.458,96.304,1069.350,-1.976
18278,03/05/26 10:10:53 AM,5.34,7.35,263.9,-1.351,96.324,1069.350,-1.867
18279,03/05/26 10:20:53 AM,5.01,8.02,268.1,-1.241,95.930,1069.350,-1.813
18280,03/05/26 10:30:53 AM,4.68,7.01,265.3,-1.142,95.526,1069.350,-1.771
18281,03/05/26 10:40:53 AM,5.01,7.35,263.9,-0.989,95.050,1069.350,-1.686
18282,03/05/26 10:50:53 AM,5.01,7.68,268.1,-0.893,94.653,1069.350,-1.648
18283,03/05/26 11:00:53 AM,5.68,8.35,273.8,-0.552,93.684,1069.350,-1.448
18284,03/05/26 11:10:53 AM,6.01,8.02,268.1,-0.069,92.421,1069.350,-1.153
18285,03/05/26 11:20:53 AM,6.35,9.35,263.9,0.113,92.869,1069.350,-0.907
18286,03/05/26 11:30:53 AM,6.68,10.35,263.9,0.121,93.257,1069.350,-0.842
18287,03/05/26 11:40:53 AM,6.68,10.02,265.3,0.676,91.975,1069.350,-0.480
18288,03/05/26 11:50:53 AM,7.01,9.68,263.9,0.770,91.666,1069.350,-0.433
18289,03/05/26 12:00:53 PM,7.35,10.02,258.3,1.081,91.644,1069.350,-0.128
18290,03/05/26 12:10:53 PM,8.02,10.69,266.7,1.126,90.929,1069.350,-0.191
18291,03/05/26 12:20:53 PM,7.01,11.02,262.5,1.555,91.281,1069.350,0.287
18292,03/05/26 12:30:53 PM,7.01,10.35,265.3,1.805,90.515,1069.350,0.418
18293,03/05/26 12:40:53 PM,7.68,11.35,271.0,1.738,90.953,1069.350,0.419
18294,03/05/26 12:50:53 PM,7.68,10.69,269.6,1.826,90.187,1069.350,0.389
18295,03/05/26 01:00:53 PM,7.01,11.02,266.7,1.861,90.410,1069.350,0.458
18296,03/05/26 01:10:53 PM,7.68,10.35,262.5,1.872,90.744,1069.350,0.520
18297,03/05/26 01:20:53 PM,6.68,9.68,265.3,2.373,91.139,1069.350,1.076
18298,03/05/26 01:30:53 PM,7.01,10.35,268.1,2.282,90.018,1069.350,0.814
18299,03/05/26 01:40:53 PM,7.35,11.02,272.4,2.333,89.081,1069.350,0.720
18300,03/05/26 01:50:53 PM,7.35,11.35,273.8,2.486,87.572,1069.350,0.634
18301,03/05/26 02:00:53 PM,8.02,12.02,276.6,2.553,86.485,1069.350,0.528
18302,03/05/26 02:10:53 PM,8.02,12.02,275.2,2.877,84.533,1069.350,0.531
18303,03/05/26 02:20:53 PM,7.35,10.35,275.2,3.215,83.299,1069.350,0.659
18304,03/05/26 02:30:53 PM,8.68,12.36,271.0,2.955,82.301,1069.350,0.238
18305,03/05/26 02:40:53 PM,8.02,12.02,271.0,3.102,82.292,1069.350,0.380
18306,03/05/26 02:50:53 PM,8.35,11.35,278.0,3.215,81.990,1069.350,0.440
18307,03/05/26 03:00:53 PM,7.68,11.02,271.0,3.542,81.732,1069.350,0.716
18308,03/05/26 03:10:53 PM,8.35,12.69,268.1,3.472,80.746,1069.350,0.480
18309,03/05/26 03:20:53 PM,8.35,12.02,276.6,3.604,79.625,1069.350,0.416
18310,03/05/26 03:30:53 PM,8.02,12.02,289.2,4.086,76.439,1069.350,0.321
18311,03/05/26 03:40:53 PM,8.02,12.02,283.6,3.939,77.232,1069.350,0.321
18312,03/05/26 03:50:53 PM,7.68,11.35,285.0,3.679,77.299,1069.350,0.080
18313,03/05/26 04:00:53 PM,7.68,11.69,292.0,4.089,73.690,1069.350,-0.181
18314,03/05/26 04:10:53 PM,8.68,12.36,282.2,3.764,72.007,1069.350,-0.811
18315,03/05/26 04:20:53 PM,7.01,10.69,287.8,4.255,71.765,1069.350,-0.384
18316,03/05/26 04:30:53 PM,7.35,10.02,285.0,4.180,71.492,1069.350,-0.508
18317,03/05/26 04:40:53 PM,7.68,10.69,285.0,3.826,73.283,1069.350,-0.511
18318,03/05/26 04:50:53 PM,7.35,12.02,282.2,4.191,73.622,1069.350,-0.095
18319,03/05/26 05:00:53 PM,7.68,10.69,282.2,3.740,74.244,1069.350,-0.415
18320,03/05/26 05:10:53 PM,7.35,11.69,292.0,3.839,73.191,1069.350,-0.515
18321,03/05/26 05:20:53 PM,7.01,11.35,287.8,3.740,73.574,1069.350,-0.540
18322,03/05/26 05:30:53 PM,7.68,11.69,290.6,3.547,71.148,1069.350,-1.184
18323,03/05/26 05:40:53 PM,6.68,9.68,287.8,3.601,71.781,1069.350,-1.011
18324,03/05/26 05:50:53 PM,6.01,9.35,283.6,3.536,72.959,1069.350,-0.851
18325,03/05/26 06:00:53 PM,6.35,10.35,282.2,2.625,73.367,1069.350,-1.655
18326,03/05/26 06:10:53 PM,6.35,9.35,286.4,3.333,70.709,1069.350,-1.474
18327,03/05/26 06:20:53 PM,6.68,10.02,290.6,3.370,69.836,1069.350,-1.607
18328,03/05/26 06:30:53 PM,6.35,9.35,292.0,3.108,70.793,1069.350,-1.674
18329,03/05/26 06:40:53 PM,5.68,9.35,296.2,2.965,71.604,1069.350,-1.657
18330,03/05/26 06:50:53 PM,6.35,8.68,300.4,2.915,71.147,1069.350,-1.792
18331,03/05/26 07:00:53 PM,6.01,8.68,296.2,2.539,72.074,1069.350,-1.979
18332,03/05/26 07:10:53 PM,5.68,8.68,299.0,1.628,75.512,1069.350,-2.230
18333,03/05/26 07:20:53 PM,6.35,9.35,292.0,1.370,77.201,1069.350,-2.182
18334,03/05/26 07:30:53 PM,5.68,10.02,289.2,1.188,78.871,1069.350,-2.070
18335,03/05/26 07:40:53 PM,6.35,11.02,292.0,0.963,81.379,1069.350,-1.866
18336,03/05/26 07:50:53 PM,6.01,9.02,292.0,0.665,83.761,1069.350,-1.766
18337,03/05/26 08:00:53 PM,5.68,7.68,278.0,0.550,84.567,1069.350,-1.750
18338,03/05/26 08:10:53 PM,5.34,9.02,276.6,0.413,85.267,1069.350,-1.772
18339,03/05/26 08:20:53 PM,3.67,5.68,273.8,0.161,86.435,1069.350,-1.836
18340,03/05/26 08:30:53 PM,2.67,5.34,265.3,0.105,86.465,1069.350,-1.886
18341,03/05/26 08:40:53 PM,1.67,4.01,265.3,0.019,86.151,1069.350,-2.020
18342,03/05/26 08:50:53 PM,2.34,4.34,266.7,-0.088,86.084,1069.350,-2.136
18343,03/05/26 09:00:53 PM,2.34,4.01,280.8,-0.378,86.880,1069.350,-2.298
18344,03/05/26 09:10:53 PM,3.01,4.68,286.4,-0.496,87.347,1069.350,-2.342
18345,03/05/26 09:20:53 PM,3.34,5.68,290.6,-0.464,87.361,1069.350,-2.308
18346,03/05/26 09:30:53 PM,4.01,5.68,299.0,-0.268,85.379,1069.350,-2.424
18347,03/05/26 09:40:53 PM,4.34,7.35,297.6,-0.271,84.952,1069.350,-2.495
18348,03/05/26 09:50:53 PM,5.01,7.01,296.2,-0.136,84.115,1069.350,-2.496
18349,03/05/26 10:00:53 PM,6.01,8.35,289.2,-0.155,84.311,1069.350,-2.483
18350,03/05/26 10:10:53 PM,5.34,8.35,286.4,-0.399,85.466,1069.350,-2.539
18351,03/05/26 10:20:53 PM,5.34,7.68,290.6,-0.464,85.643,1069.350,-2.576
18352,03/05/26 10:30:53 PM,6.01,9.02,294.8,-0.450,85.812,1069.350,-2.535
18353,03/05/26 10:40:53 PM,5.68,8.68,294.8,-0.514,86.426,1069.350,-2.502
18354,03/05/26 10:50:53 PM,4.68,7.35,286.4,-0.450,85.820,1069.350,-2.534
18355,03/05/26 11:00:53 PM,3.67,5.68,285.0,-0.458,85.428,1069.350,-2.604
18356,03/05/26 11:10:53 PM,3.34,5.68,285.0,-0.504,85.087,1069.350,-2.703
18357,03/05/26 11:20:53 PM,1.34,3.01,279.4,-0.431,84.028,1069.350,-2.799
18358,03/05/26 11:30:53 PM,1.67,4.01,283.6,-0.659,84.752,1069.350,-2.908
18359,03/05/26 11:40:53 PM,4.01,7.01,294.8,-0.466,83.432,1069.350,-2.929
18360,03/05/26 11:50:53 PM,4.34,7.01,299.0,-0.560,83.445,1069.350,-3.019
18361,03/06/26 12:00:53 AM,5.01,8.02,296.2,-0.713,83.725,1069.350,-3.125
18362,03/06/26 12:10:53 AM,5.01,7.01,296.2,-0.828,84.015,1069.350,-3.191
18363,03/06/26 12:20:53 AM,5.68,7.68,299.0,-0.815,83.355,1069.350,-3.284
18364,03/06/26 12:30:53 AM,4.68,6.35,299.0,-1.069,84.155,1069.350,-3.405
18365,03/06/26 12:40:53 AM,4.01,5.68,307.5,-1.203,83.795,1069.350,-3.594
18366,03/06/26 12:50:53 AM,3.67,5.34,307.5,-1.236,83.365,1069.350,-3.695
18367,03/06/26 01:00:53 AM,3.34,5.34,304.7,-1.397,83.589,1069.350,-3.818
18368,03/06/26 01:10:53 AM,4.34,6.68,317.3,-0.799,81.407,1069.350,-3.584
18369,03/06/26 01:20:53 AM,5.01,8.02,317.3,-0.689,80.529,1069.350,-3.622
18370,03/06/26 01:30:53 AM,4.34,6.35,311.7,-0.874,80.902,1069.350,-3.741
18371,03/06/26 01:40:53 AM,4.34,7.68,318.7,-0.793,79.867,1069.350,-3.833
18372,03/06/26 01:50:53 AM,3.67,5.68,310.3,-0.973,80.037,1069.350,-3.981
18373,03/06/26 02:00:53 AM,4.01,6.35,310.3,-0.930,79.304,1069.350,-4.061
18374,03/06/26 02:10:53 AM,5.01,7.01,310.3,-1.088,79.980,1069.350,-4.102
18375,03/06/26 02:20:53 AM,5.34,7.68,311.7,-0.960,78.726,1069.350,-4.188
18376,03/06/26 02:30:53 AM,4.68,6.68,317.3,-1.069,78.769,1069.350,-4.287
18377,03/06/26 02:40:53 AM,3.34,5.34,308.9,-1.252,79.286,1069.350,-4.378
18378,03/06/26 02:50:53 AM,3.67,5.01,308.9,-1.356,80.282,1069.350,-4.314
18379,03/06/26 03:00:53 AM,3.67,4.68,314.5,-1.236,78.769,1069.350,-4.449
18380,03/06/26 03:10:53 AM,3.01,4.68,304.7,-1.640,80.034,1069.350,-4.632
18381,03/06/26 03:20:53 AM,3.34,4.68,301.8,-1.375,77.618,1069.350,-4.780
18382,03/06/26 03:30:53 AM,3.34,5.68,313.1,-1.289,76.883,1069.350,-4.822
18383,03/06/26 03:40:53 AM,4.34,6.68,320.1,-0.989,75.239,1069.350,-4.816
18384,03/06/26 03:50:53 AM,4.68,7.01,322.9,-0.887,74.531,1069.350,-4.842
18385,03/06/26 04:00:53 AM,5.34,8.02,321.5,-0.933,74.618,1069.350,-4.871
18386,03/06/26 04:10:53 AM,4.68,7.01,313.1,-1.099,75.222,1069.350,-4.926
18387,03/06/26 04:20:53 AM,4.34,6.01,313.1,-1.439,76.599,1069.350,-5.016
18388,03/06/26 04:30:53 AM,5.34,7.68,324.3,-0.989,73.362,1069.350,-5.149
18389,03/06/26 04:40:53 AM,5.01,7.01,328.5,-0.919,72.595,1069.350,-5.220
18390,03/06/26 04:50:53 AM,5.01,7.01,329.9,-0.748,71.017,1069.350,-5.344
18391,03/06/26 05:00:53 AM,5.34,7.01,322.9,-0.678,70.147,1069.350,-5.439
18392,03/06/26 05:10:53 AM,4.34,7.35,314.5,-0.922,71.458,1069.350,-5.431
18393,03/06/26 05:20:53 AM,3.67,6.01,317.3,-0.989,71.591,1069.350,-5.471
18394,03/06/26 05:30:53 AM,3.34,6.35,314.5,-1.182,72.154,1069.350,-5.554
18395,03/06/26 05:40:53 AM,4.34,6.68,335.5,-0.582,68.936,1069.350,-5.575
18396,03/06/26 05:50:53 AM,5.68,7.68,331.3,-0.576,68.785,1069.350,-5.598
18397,03/06/26 06:00:53 AM,5.01,7.35,322.9,-0.903,70.083,1069.350,-5.667
18398,03/06/26 06:10:53 AM,5.68,7.68,328.5,-0.732,68.823,1069.350,-5.741
18399,03/06/26 06:20:53 AM,6.01,8.68,321.5,-0.879,69.227,1069.350,-5.805
18400,03/06/26 06:30:53 AM,6.01,8.02,320.1,-1.118,69.889,1069.350,-5.910
18401,03/06/26 06:40:53 AM,5.68,7.68,318.7,-1.576,71.931,1069.350,-5.975
18402,03/06/26 06:50:53 AM,4.01,5.34,317.3,-2.919,78.968,1069.350,-6.057
18403,03/06/26 07:00:53 AM,4.34,5.68,318.7,-3.005,80.610,1069.350,-5.872
18404,03/06/26 07:10:53 AM,4.68,6.01,315.9,-3.622,82.744,1069.350,-6.134
18405,03/06/26 07:20:53 AM,5.01,6.35,313.1,-3.783,84.001,1069.350,-6.095
18406,03/06/26 07:30:53 AM,5.34,6.68,304.7,-3.777,85.245,1069.350,-5.897
18407,03/06/26 07:40:53 AM,5.01,6.35,303.2,-3.745,85.988,1069.350,-5.751
18408,03/06/26 07:50:53 AM,5.01,6.35,310.3,-3.458,84.591,1069.350,-5.684
18409,03/06/26 08:00:53 AM,5.01,7.01,318.7,-2.627,79.608,1069.350,-5.666
18410,03/06/26 08:10:53 AM,5.01,7.68,321.5,-2.472,78.146,1069.350,-5.758
18411,03/06/26 08:20:53 AM,6.01,7.68,318.7,-2.016,76.204,1069.350,-5.645
18412,03/06/26 08:30:53 AM,6.35,8.35,318.7,-1.622,74.519,1069.350,-5.556
18413,03/06/26 08:40:53 AM,6.35,8.68,320.1,-1.061,71.923,1069.350,-5.479
18414,03/06/26 08:50:53 AM,6.01,8.02,321.5,-0.807,71.467,1069.350,-5.318
18415,03/06/26 09:00:53 AM,5.34,7.35,322.9,-0.496,70.706,1069.350,-5.159
18416,03/06/26 09:10:53 AM,5.01,7.01,320.1,-0.061,69.093,1069.350,-5.045
18417,03/06/26 09:20:53 AM,5.34,7.35,322.9,0.319,67.486,1069.350,-4.991
18418,03/06/26 09:30:53 AM,5.68,8.35,315.9,0.652,65.879,1069.350,-4.991
18419,03/06/26 09:40:53 AM,6.68,9.02,314.5,0.579,65.016,1069.350,-5.234
18420,03/06/26 09:50:53 AM,6.01,9.02,318.7,1.094,63.850,1069.350,-4.982
18421,03/06/26 10:00:53 AM,6.01,8.35,320.1,1.314,62.377,1069.350,-5.081
18422,03/06/26 10:10:53 AM,6.35,8.68,320.1,1.250,61.642,1069.350,-5.298
18423,03/06/26 10:20:53 AM,6.68,9.02,322.9,1.727,59.991,1069.350,-5.204
18424,03/06/26 10:30:53 AM,6.35,9.02,327.1,1.928,58.874,1069.350,-5.262
18425,03/06/26 10:40:53 AM,6.01,8.68,329.9,2.132,58.196,1069.350,-5.222
18426,03/06/26 10:50:53 AM,6.35,8.68,329.9,2.282,56.310,1069.350,-5.514
18427,03/06/26 11:00:53 AM,6.01,8.02,331.3,2.362,56.120,1069.350,-5.484
18428,03/06/26 11:10:53 AM,5.34,7.35,339.7,2.515,55.589,1069.350,-5.465
18429,03/06/26 11:20:53 AM,4.68,6.68,336.9,2.957,55.044,1069.350,-5.182
18430,03/06/26 11:30:53 AM,4.34,6.35,332.7,3.547,53.552,1069.350,-4.993
18431,03/06/26 11:40:53 AM,4.01,6.01,334.1,3.697,51.838,1069.350,-5.282
18432,03/06/26 11:50:53 AM,4.01,6.68,314.5,4.150,51.728,1069.350,-4.890
18433,03/06/26 12:00:53 PM,4.34,7.01,311.7,4.148,51.858,1069.350,-4.858
18434,03/06/26 12:10:53 PM,3.67,7.01,307.5,4.352,51.841,1069.350,-4.673
18435,03/06/26 12:20:53 PM,3.34,6.01,279.4,4.821,50.973,1069.350,-4.462
18436,03/06/26 12:30:53 PM,3.67,6.68,308.9,4.609,49.146,1069.350,-5.140
18437,03/06/26 12:40:53 PM,2.00,5.34,321.5,4.890,49.021,1069.350,-4.915
18438,03/06/26 12:50:53 PM,3.34,5.68,290.6,5.365,49.566,1069.350,-4.330
18439,03/06/26 01:00:53 PM,3.67,6.35,303.2,5.652,49.697,1069.350,-4.030
18440,03/06/26 01:10:53 PM,3.34,6.01,301.8,5.601,48.600,1069.350,-4.373
18441,03/06/26 01:20:53 PM,4.01,6.35,293.4,5.831,48.232,1069.350,-4.262
18442,03/06/26 01:30:53 PM,4.68,7.01,299.0,5.880,47.718,1069.350,-4.359
18443,03/06/26 01:40:53 PM,4.34,7.35,287.8,6.030,49.618,1069.350,-3.702
18444,03/06/26 01:50:53 PM,4.68,7.68,296.2,5.721,50.187,1069.350,-3.835
18445,03/06/26 02:00:53 PM,4.68,7.35,259.7,6.215,50.005,1069.350,-3.427
18446,03/06/26 02:10:53 PM,4.34,7.35,263.9,6.217,50.761,1069.350,-3.225
18447,03/06/26 02:20:53 PM,4.68,8.02,245.7,6.453,50.344,1069.350,-3.117
18448,03/06/26 02:30:53 PM,4.68,7.68,255.5,6.609,51.009,1069.350,-2.796
18449,03/06/26 02:40:53 PM,5.01,7.68,275.2,6.743,50.315,1069.350,-2.857
18450,03/06/26 02:50:53 PM,4.34,7.35,272.4,6.797,49.110,1069.350,-3.132
18451,03/06/26 03:00:53 PM,4.68,8.02,276.6,6.872,49.830,1069.350,-2.868
18452,03/06/26 03:10:53 PM,5.01,8.68,259.7,7.030,49.421,1069.350,-2.832
18453,03/06/26 03:20:53 PM,5.01,7.35,252.7,7.260,49.152,1069.350,-2.694
18454,03/06/26 03:30:53 PM,4.68,8.35,282.2,7.504,47.855,1069.350,-2.829
18455,03/06/26 03:40:53 PM,5.01,9.02,276.6,7.287,46.421,1069.350,-3.436
18456,03/06/26 03:50:53 PM,5.34,8.35,280.8,7.349,46.468,1069.350,-3.365
18457,03/06/26 04:00:53 PM,5.68,8.68,268.1,7.266,46.755,1069.350,-3.359
18458,03/06/26 04:10:53 PM,5.68,8.68,296.2,7.354,45.922,1069.350,-3.519
18459,03/06/26 04:20:53 PM,6.01,9.35,293.4,7.443,46.159,1069.350,-3.368
18460,03/06/26 04:30:53 PM,5.68,9.02,290.6,7.354,45.832,1069.350,-3.545
18461,03/06/26 04:40:53 PM,5.68,9.35,294.8,7.475,45.815,1069.350,-3.439
18462,03/06/26 04:50:53 PM,5.68,8.68,296.2,7.480,45.852,1069.350,-3.424
18463,03/06/26 05:00:53 PM,5.68,8.68,292.0,7.451,47.771,1069.350,-2.901
18464,03/06/26 05:10:53 PM,5.68,9.02,294.8,7.258,48.203,1069.350,-2.958
18465,03/06/26 05:20:53 PM,5.34,9.02,287.8,7.303,49.674,1069.350,-2.512
18466,03/06/26 05:30:53 PM,5.68,8.35,276.6,6.995,53.797,1069.350,-1.719
18467,03/06/26 05:40:53 PM,5.34,8.35,276.6,7.035,53.390,1069.350,-1.785
18468,03/06/26 05:50:53 PM,5.34,8.68,275.2,6.890,53.747,1069.350,-1.830
18469,03/06/26 06:00:53 PM,5.34,8.68,279.4,6.738,54.704,1069.350,-1.732
18470,03/06/26 06:10:53 PM,5.34,8.02,280.8,6.534,55.970,1069.350,-1.612
18471,03/06/26 06:20:53 PM,5.34,7.68,282.2,6.427,55.865,1069.350,-1.738
18472,03/06/26 06:30:53 PM,5.34,8.35,289.2,6.153,55.508,1069.350,-2.081
18473,03/06/26 06:40:53 PM,4.68,6.68,290.6,5.893,57.542,1069.350,-1.838
18474,03/06/26 06:50:53 PM,4.01,7.35,278.0,5.542,61.616,1069.350,-1.239
18475,03/06/26 07:00:53 PM,4.68,7.35,266.7,4.939,64.727,1069.350,-1.140
18476,03/06/26 07:10:53 PM,5.01,7.35,273.8,4.413,66.754,1069.350,-1.222
18477,03/06/26 07:20:53 PM,4.01,6.35,280.8,3.831,69.084,1069.350,-1.312
18478,03/06/26 07:30:53 PM,4.01,6.01,278.0,3.051,71.521,1069.350,-1.590
18479,03/06/26 07:40:53 PM,3.34,4.68,276.6,2.335,74.321,1069.350,-1.761
18480,03/06/26 07:50:53 PM,3.34,5.34,285.0,1.751,76.643,1069.350,-1.910
18481,03/06/26 08:00:53 PM,3.67,5.01,292.0,1.746,76.872,1069.350,-1.874
18482,03/06/26 08:10:53 PM,3.34,4.68,290.6,1.593,77.079,1069.350,-1.986
18483,03/06/26 08:20:53 PM,2.67,4.34,282.2,1.266,78.253,1069.350,-2.100
18484,03/06/26 08:30:53 PM,2.34,3.01,278.0,0.148,81.877,1069.350,-2.581
18485,03/06/26 08:40:53 PM,3.34,4.68,297.6,0.051,82.788,1069.350,-2.527
18486,03/06/26 08:50:53 PM,4.68,6.01,303.2,0.593,80.848,1069.350,-2.316
18487,03/06/26 09:00:53 PM,4.68,6.01,307.5,0.223,81.759,1069.350,-2.527
18488,03/06/26 09:10:53 PM,3.67,5.34,307.5,0.027,82.405,1069.350,-2.613
18489,03/06/26 09:20:53 PM,2.34,3.67,279.4,-0.431,84.097,1069.350,-2.788
18490,03/06/26 09:30:53 PM,2.00,3.01,273.8,-0.619,85.080,1069.350,-2.817
18491,03/06/26 09:40:53 PM,2.67,4.01,256.9,-1.072,86.630,1069.350,-3.020
18492,03/06/26 09:50:53 PM,3.01,4.34,251.3,-1.413,88.002,1069.350,-3.146
18493,03/06/26 10:00:53 PM,2.00,3.01,258.3,-1.378,88.492,1069.350,-3.037
18494,03/06/26 10:10:53 PM,2.34,3.34,240.1,-1.418,88.357,1069.350,-3.097
18495,03/06/26 10:20:53 PM,2.34,3.34,237.3,-0.893,86.281,1069.350,-2.898
18496,03/06/26 10:30:53 PM,2.34,3.34,227.4,-0.667,84.985,1069.350,-2.879
18497,03/06/26 10:40:53 PM,1.67,3.01,214.8,-0.914,85.562,1069.350,-3.031
18498,03/06/26 10:50:53 PM,1.67,2.34,230.2,-0.820,85.087,1069.350,-3.013
18499,03/06/26 11:00:53 PM,1.67,2.34,256.9,-0.622,83.931,1069.350,-3.002
18500,03/06/26 11:10:53 PM,2.34,3.34,261.1,-0.630,83.578,1069.350,-3.067
18501,03/06/26 11:20:53 PM,2.00,3.34,276.6,-0.549,83.186,1069.350,-3.050
18502,03/06/26 11:30:53 PM,1.67,2.67,290.6,-0.713,83.096,1069.350,-3.226
18503,03/06/26 11:40:53 PM,1.34,3.34,286.4,-1.118,83.946,1069.350,-3.487
18504,03/06/26 11:50:53 PM,0.33,1.34,307.5,-1.989,87.446,1069.350,-3.799
18505,03/07/26 12:00:53 AM,0.33,2.00,301.8,-1.665,86.833,1069.350,-3.573
18506,03/07/26 12:10:53 AM,1.67,2.67,282.2,-1.375,85.332,1069.350,-3.521
18507,03/07/26 12:20:53 AM,1.34,2.34,276.6,-1.348,85.023,1069.350,-3.542
18508,03/07/26 12:30:53 AM,1.34,2.34,282.2,-2.295,88.312,1069.350,-3.970
18509,03/07/26 12:40:53 AM,1.00,2.34,279.4,-3.102,91.473,1069.350,-4.301
18510,03/07/26 12:50:53 AM,2.00,3.01,207.8,-2.767,90.852,1069.350,-4.059
18511,03/07/26 01:00:53 AM,2.34,3.01,214.8,-2.742,91.215,1069.350,-3.981
18512,03/07/26 01:10:53 AM,1.67,3.34,251.3,-2.308,89.555,1069.350,-3.796
18513,03/07/26 01:20:53 AM,1.00,2.00,297.6,-2.343,89.088,1069.350,-3.901
18514,03/07/26 01:30:53 AM,2.67,4.68,249.9,-1.437,86.888,1069.350,-3.340
18515,03/07/26 01:40:53 AM,3.34,6.35,268.1,-0.866,85.068,1069.350,-3.061
18516,03/07/26 01:50:53 AM,4.68,6.35,269.6,-0.335,81.994,1069.350,-3.034
18517,03/07/26 02:00:53 AM,3.01,5.01,279.4,-0.469,82.023,1069.350,-3.161
18518,03/07/26 02:10:53 AM,2.00,3.67,308.9,-0.702,82.690,1069.350,-3.280
18519,03/07/26 02:20:53 AM,3.34,5.34,287.8,-0.571,81.973,1069.350,-3.269
18520,03/07/26 02:30:53 AM,3.01,5.01,280.8,-0.796,82.542,1069.350,-3.396
18521,03/07/26 02:40:53 AM,3.67,6.01,294.8,-0.678,81.889,1069.350,-3.387
18522,03/07/26 02:50:53 AM,2.67,4.01,299.0,-0.943,82.715,1069.350,-3.513
18523,03/07/26 03:00:53 AM,3.67,5.34,303.2,-0.740,81.326,1069.350,-3.540
18524,03/07/26 03:10:53 AM,5.34,7.35,313.1,-0.421,79.997,1069.350,-3.448
18525,03/07/26 03:20:53 AM,5.68,7.35,315.9,-0.249,78.956,1069.350,-3.456
18526,03/07/26 03:30:53 AM,4.01,5.34,318.7,-0.077,77.652,1069.350,-3.511
18527,03/07/26 03:40:53 AM,2.67,4.01,283.6,-0.893,80.940,1069.350,-3.753
18528,03/07/26 03:50:53 AM,1.34,2.67,254.1,-1.898,85.264,1069.350,-4.046
18529,03/07/26 04:00:53 AM,1.34,2.67,254.1,-2.145,87.092,1069.350,-4.007
18530,03/07/26 04:10:53 AM,2.00,2.67,245.7,-2.096,87.332,1069.350,-3.922
18531,03/07/26 04:20:53 AM,2.67,4.01,228.8,-1.852,87.094,1069.350,-3.717
18532,03/07/26 04:30:53 AM,2.34,3.67,234.5,-1.563,85.951,1069.350,-3.609
18533,03/07/26 04:40:53 AM,2.67,3.67,248.5,-1.788,86.600,1069.350,-3.730
18534,03/07/26 04:50:53 AM,2.67,4.01,244.3,-2.080,88.035,1069.350,-3.799
18535,03/07/26 05:00:53 AM,2.67,4.01,235.9,-2.000,88.380,1069.350,-3.668
18536,03/07/26 05:10:53 AM,2.67,4.01,237.3,-2.024,88.814,1069.350,-3.626
18537,03/07/26 05:20:53 AM,2.34,4.01,235.9,-2.115,89.126,1069.350,-3.669
18538,03/07/26 05:30:53 AM,2.67,4.34,245.7,-2.037,88.608,1069.350,-3.670
18539,03/07/26 05:40:53 AM,3.67,5.34,240.1,-1.804,87.355,1069.350,-3.630
18540,03/07/26 05:50:53 AM,3.01,5.34,237.3,-1.667,86.329,1069.350,-3.653
18541,03/07/26 06:00:53 AM,2.67,4.01,228.8,-1.933,87.347,1069.350,-3.759
18542,03/07/26 06:10:53 AM,3.34,5.01,234.5,-1.555,86.053,1069.350,-3.585
18543,03/07/26 06:20:53 AM,3.34,4.68,235.9,-1.490,85.348,1069.350,-3.631
18544,03/07/26 06:30:53 AM,2.67,4.01,249.9,-1.651,85.997,1069.350,-3.689
18545,03/07/26 06:40:53 AM,3.01,4.34,263.9,-1.490,85.826,1069.350,-3.557
18546,03/07/26 06:50:53 AM,2.00,3.34,268.1,-1.678,86.636,1069.350,-3.616
18547,03/07/26 07:00:53 AM,2.34,3.67,282.2,-1.217,84.903,1069.350,-3.433
18548,03/07/26 07:10:53 AM,1.34,2.67,255.5,-1.236,84.639,1069.350,-3.493
18549,03/07/26 07:20:53 AM,1.67,3.01,244.3,-1.525,85.930,1069.350,-3.575
18550,03/07/26 07:30:53 AM,2.67,5.68,273.8,-1.169,84.729,1069.350,-3.413
18551,03/07/26 07:40:53 AM,4.34,6.01,290.6,-0.490,81.862,1069.350,-3.208
18552,03/07/26 07:50:53 AM,3.67,5.34,280.8,-0.493,81.753,1069.350,-3.228
18553,03/07/26 08:00:53 AM,2.67,4.68,299.0,-0.557,81.877,1069.350,-3.271
18554,03/07/26 08:10:53 AM,1.34,3.01,310.3,-1.220,83.532,1069.350,-3.653
18555,03/07/26 08:20:53 AM,1.67,3.01,292.0,-1.439,84.520,1069.350,-3.711
18556,03/07/26 08:30:53 AM,2.67,4.34,285.0,-1.010,84.436,1069.350,-3.303
18557,03/07/26 08:40:53 AM,3.34,5.68,283.6,-0.153,81.833,1069.350,-2.882
18558,03/07/26 08:50:53 AM,3.34,4.68,287.8,-0.115,81.784,1069.350,-2.853
18559,03/07/26 09:00:53 AM,2.67,4.01,282.2,-0.246,82.792,1069.350,-2.817
18560,03/07/26 09:10:53 AM,2.00,3.67,286.4,-0.037,83.159,1069.350,-2.553
18561,03/07/26 09:20:53 AM,2.34,3.67,276.6,0.724,81.228,1069.350,-2.124
18562,03/07/26 09:30:53 AM,1.67,3.01,254.1,1.209,80.745,1069.350,-1.731
18563,03/07/26 09:40:53 AM,2.34,3.34,249.9,1.410,79.861,1069.350,-1.684
18564,03/07/26 09:50:53 AM,2.67,3.67,252.7,1.477,80.027,1069.350,-1.591
18565,03/07/26 10:00:53 AM,3.01,4.34,269.6,1.864,79.091,1069.350,-1.373
18566,03/07/26 10:10:53 AM,2.67,4.34,271.0,1.987,79.371,1069.350,-1.205
18567,03/07/26 10:20:53 AM,2.67,4.01,271.0,2.381,79.097,1069.350,-0.868
18568,03/07/26 10:30:53 AM,2.67,4.68,283.6,2.475,79.698,1069.350,-0.673
18569,03/07/26 10:40:53 AM,3.34,5.01,294.8,2.780,81.323,1069.350,-0.098
18570,03/07/26 10:50:53 AM,3.67,5.68,287.8,3.284,81.665,1069.350,0.453
18571,03/07/26 11:00:53 AM,4.01,6.01,272.4,3.520,81.207,1069.350,0.606
18572,03/07/26 11:10:53 AM,4.34,6.35,273.8,3.799,80.874,1069.350,0.821
18573,03/07/26 11:20:53 AM,4.34,6.01,278.0,4.038,80.314,1069.350,0.958
18574,03/07/26 11:30:53 AM,4.34,6.35,275.2,3.963,81.076,1069.350,1.016
18575,03/07/26 11:40:53 AM,4.01,6.35,285.0,4.459,80.371,1069.350,1.379
18576,03/07/26 11:50:53 AM,5.01,7.35,280.8,4.421,80.087,1069.350,1.293
18577,03/07/26 12:00:53 PM,5.01,7.35,279.4,4.882,79.396,1069.350,1.622
18578,03/07/26 12:10:53 PM,4.68,7.01,282.2,5.939,77.470,1069.350,2.307
18579,03/07/26 12:20:53 PM,5.01,6.68,272.4,6.000,76.695,1069.350,2.225
18580,03/07/26 12:30:53 PM,4.68,6.68,263.9,6.105,76.710,1069.350,2.330
18581,03/07/26 12:40:53 PM,4.68,7.01,258.3,6.030,77.729,1069.350,2.442
18582,03/07/26 12:50:53 PM,5.01,7.68,256.9,6.271,77.476,1069.350,2.631
18583,03/07/26 01:00:53 PM,5.01,8.35,262.5,6.276,78.195,1069.350,2.766
18584,03/07/26 01:10:53 PM,5.68,8.02,259.7,6.890,76.947,1069.350,3.136
18585,03/07/26 01:20:53 PM,6.01,8.35,261.1,6.175,78.965,1069.350,2.806
18586,03/07/26 01:30:53 PM,5.01,7.68,259.7,6.370,79.152,1069.350,3.029
18587,03/07/26 01:40:53 PM,4.68,7.35,268.1,6.856,77.635,1069.350,3.228
18588,03/07/26 01:50:53 PM,5.68,8.68,273.8,7.161,75.988,1069.350,3.221
18589,03/07/26 02:00:53 PM,5.34,8.35,265.3,7.577,75.454,1069.350,3.525
18590,03/07/26 02:10:53 PM,5.68,8.02,269.6,7.537,74.693,1069.350,3.342
18591,03/07/26 02:20:53 PM,5.34,7.68,266.7,7.614,74.910,1069.350,3.458
18592,03/07/26 02:30:53 PM,5.01,7.35,261.1,8.019,73.962,1069.350,3.669
18593,03/07/26 02:40:53 PM,5.68,8.02,262.5,7.936,74.424,1069.350,3.677
18594,03/07/26 02:50:53 PM,5.34,8.68,261.1,8.223,74.420,1069.350,3.954
18595,03/07/26 03:00:53 PM,5.68,8.02,252.7,8.566,73.628,1069.350,4.133
18596,03/07/26 03:10:53 PM,6.01,8.68,262.5,8.727,72.490,1069.350,4.067
18597,03/07/26 03:20:53 PM,5.68,8.68,262.5,8.791,72.561,1069.350,4.142
18598,03/07/26 03:30:53 PM,5.68,7.68,256.9,8.888,72.456,1069.350,4.215
18599,03/07/26 03:40:53 PM,5.34,7.68,258.3,9.295,70.971,1069.350,4.312
18600,03/07/26 03:50:53 PM,5.68,7.68,261.1,9.547,70.674,1069.350,4.494
18601,03/07/26 04:00:53 PM,6.01,9.02,261.1,9.657,69.787,1069.350,4.419
18602,03/07/26 04:10:53 PM,4.68,7.35,269.6,10.145,68.148,1069.350,4.547
18603,03/07/26 04:20:53 PM,4.01,6.01,275.2,10.386,66.865,1069.350,4.506
18604,03/07/26 04:30:53 PM,4.01,6.35,262.5,11.043,65.037,1069.350,4.736
18605,03/07/26 04:40:53 PM,4.01,7.01,273.8,11.215,63.511,1069.350,4.559
18606,03/07/26 04:50:53 PM,4.68,8.02,276.6,11.531,62.029,1069.350,4.521
18607,03/07/26 05:00:53 PM,4.68,8.02,280.8,11.515,61.975,1069.350,4.493
18608,03/07/26 05:10:53 PM,4.34,7.68,290.6,11.724,61.868,1069.350,4.666
18609,03/07/26 05:20:53 PM,5.01,8.35,294.8,11.923,60.890,1069.350,4.626
18610,03/07/26 05:30:53 PM,5.01,7.35,300.4,11.553,60.742,1069.350,4.243
18611,03/07/26 05:40:53 PM,4.34,7.68,290.6,11.770,61.260,1069.350,4.569
18612,03/07/26 05:50:53 PM,4.01,6.68,285.0,11.641,62.435,1069.350,4.718
18613,03/07/26 06:00:53 PM,4.01,6.01,287.8,11.070,63.426,1069.350,4.403
18614,03/07/26 06:10:53 PM,3.67,6.01,262.5,10.743,66.021,1069.350,4.665
18615,03/07/26 06:20:53 PM,4.01,5.68,258.3,10.502,66.969,1069.350,4.639
18616,03/07/26 06:30:53 PM,3.67,5.34,249.9,10.293,67.683,1069.350,4.591
18617,03/07/26 06:40:53 PM,3.67,6.01,241.5,9.767,69.337,1069.350,4.432
18618,03/07/26 06:50:53 PM,4.34,6.35,245.7,9.067,71.656,1069.350,4.229
18619,03/07/26 07:00:53 PM,3.67,6.01,251.3,8.598,73.645,1069.350,4.167
18620,03/07/26 07:10:53 PM,4.68,7.68,255.5,7.971,75.785,1069.350,3.969
18621,03/07/26 07:20:53 PM,3.67,5.68,262.5,7.571,77.382,1069.350,3.877
18622,03/07/26 07:30:53 PM,4.34,7.01,269.6,7.035,79.138,1069.350,3.674
18623,03/07/26 07:40:53 PM,5.01,7.01,275.2,6.700,80.415,1069.350,3.575
18624,03/07/26 07:50:53 PM,4.34,6.68,268.1,6.260,81.938,1069.350,3.411
18625,03/07/26 08:00:53 PM,3.34,5.34,262.5,5.724,83.722,1069.350,3.190
18626,03/07/26 08:10:53 PM,4.01,6.35,266.7,5.558,84.427,1069.350,3.146
18627,03/07/26 08:20:53 PM,4.01,6.01,271.0,5.384,84.916,1069.350,3.057
18628,03/07/26 08:30:53 PM,3.67,6.35,273.8,5.228,85.377,1069.350,2.980
18629,03/07/26 08:40:53 PM,4.01,6.01,278.0,5.480,84.491,1069.350,3.080
18630,03/07/26 08:50:53 PM,2.34,4.01,262.5,5.207,84.585,1069.350,2.828
18631,03/07/26 09:00:53 PM,2.34,3.67,206.4,3.679,89.036,1069.350,2.043
18632,03/07/26 09:10:53 PM,1.00,2.00,200.8,3.756,89.508,1069.350,2.193
18633,03/07/26 09:20:53 PM,0.00,0.00,207.8,3.783,89.506,1069.350,2.219
18634,03/07/26 09:30:53 PM,0.33,1.00,171.3,4.193,88.248,1069.350,2.426
18635,03/07/26 09:40:53 PM,0.67,1.67,296.2,4.721,85.878,1069.350,2.563
18636,03/07/26 09:50:53 PM,1.34,2.00,308.9,3.759,87.384,1069.350,1.860
18637,03/07/26 10:00:53 PM,1.67,2.67,268.1,2.965,89.821,1069.350,1.460
18638,03/07/26 10:10:53 PM,1.67,2.67,252.7,3.488,88.667,1069.350,1.796
18639,03/07/26 10:20:53 PM,1.34,2.00,265.3,3.679,86.827,1069.350,1.692
18640,03/07/26 10:30:53 PM,1.34,1.67,273.8,2.679,89.741,1069.350,1.164
18641,03/07/26 10:40:53 PM,1.34,2.34,269.6,2.679,89.676,1069.350,1.154
18642,03/07/26 10:50:53 PM,1.67,2.34,287.8,2.676,89.427,1069.350,1.113
18643,03/07/26 11:00:53 PM,2.34,3.34,275.2,2.579,89.480,1069.350,1.025
18644,03/07/26 11:10:53 PM,1.67,2.34,289.2,2.124,91.099,1069.350,0.823
18645,03/07/26 11:20:53 PM,2.00,3.34,321.5,2.413,91.205,1069.350,1.126
18646,03/07/26 11:30:53 PM,2.34,3.34,322.9,2.301,91.493,1069.350,1.059
18647,03/07/26 11:40:53 PM,2.67,3.34,327.1,2.191,91.662,1069.350,0.975
18648,03/07/26 11:50:53 PM,2.67,3.34,327.1,2.105,91.931,1069.350,0.931
18649,03/08/26 12:00:53 AM,2.67,3.67,327.1,2.180,91.458,1069.350,0.933
18650,03/08/26 12:10:53 AM,2.00,2.67,308.9,1.818,92.139,1069.350,0.677
18651,03/08/26 12:20:53 AM,1.67,2.67,269.6,1.858,91.913,1069.350,0.683
18652,03/08/26 12:30:53 AM,1.34,2.00,283.6,1.502,92.049,1069.350,0.350
18653,03/08/26 12:40:53 AM,2.34,3.01,314.5,1.528,93.165,1069.350,0.543
18654,03/08/26 12:50:53 AM,1.67,2.67,268.1,1.161,93.809,1069.350,0.273
18655,03/08/26 01:00:53 AM,2.00,3.01,256.9,1.113,93.036,1069.350,0.111
18656,03/08/26 01:10:53 AM,1.67,2.34,262.5,0.191,95.016,1069.350,-0.516
18657,03/08/26 01:20:53 AM,1.67,2.00,282.2,-0.354,96.423,1069.350,-0.858
18658,03/08/26 01:30:53 AM,1.67,2.34,286.4,0.089,96.458,1069.350,-0.412
18659,03/08/26 01:40:53 AM,1.34,2.00,289.2,1.059,94.815,1069.350,0.319
18660,03/08/26 01:50:53 AM,1.34,1.67,292.0,1.413,93.770,1069.350,0.518
18661,03/08/26 02:00:53 AM,1.34,1.67,286.4,1.217,94.064,1069.350,0.366
18662,03/08/26 02:10:53 AM,1.34,2.67,278.0,1.220,93.983,1069.350,0.357
18663,03/08/26 02:20:53 AM,1.00,2.34,258.3,1.333,93.429,1069.350,0.388
18664,03/08/26 02:30:53 AM,1.67,3.34,273.8,1.845,92.892,1069.350,0.817
18665,03/08/26 02:40:53 AM,2.00,2.67,268.1,1.319,92.816,1069.350,0.283
18666,03/08/26 02:50:53 AM,1.67,2.34,283.6,0.577,94.737,1069.350,-0.172
18667,03/08/26 03:00:53 AM,1.67,2.67,273.8,1.368,94.035,1069.350,0.512
18668,03/08/26 03:10:53 AM,2.00,3.34,303.2,1.531,92.813,1069.350,0.493
18669,03/08/26 03:20:53 AM,1.67,2.67,272.4,1.512,93.069,1069.350,0.512
18670,03/08/26 03:30:53 AM,1.67,2.67,271.0,1.392,92.375,1069.350,0.290
18671,03/08/26 03:40:53 AM,1.67,3.67,258.3,1.220,92.729,1069.350,0.172
18672,03/08/26 03:50:53 AM,1.67,2.00,272.4,1.628,91.310,1069.350,0.364
18673,03/08/26 04:00:53 AM,1.67,3.34,282.2,0.901,93.863,1069.350,0.022
18674,03/08/26 04:10:53 AM,1.67,2.67,266.7,0.668,94.275,1069.350,-0.149
18675,03/08/26 04:20:53 AM,1.67,2.34,278.0,-0.241,95.515,1069.350,-0.875
18676,03/08/26 04:30:53 AM,1.67,2.34,285.0,-0.027,97.232,1069.350,-0.418
18677,03/08/26 04:40:53 AM,1.67,2.34,292.0,1.349,94.902,1069.350,0.620
18678,03/08/26 04:50:53 AM,1.00,2.00,279.4,2.175,93.400,1069.350,1.220
18679,03/08/26 05:00:53 AM,0.67,2.00,276.6,2.622,92.485,1069.350,1.527
18680,03/08/26 05:10:53 AM,0.67,2.00,303.2,2.461,91.920,1069.350,1.282
18681,03/08/26 05:20:53 AM,1.34,3.01,285.0,1.788,93.700,1069.350,0.880
18682,03/08/26 05:30:53 AM,1.34,2.00,242.9,0.716,93.985,1069.350,-0.144
18683,03/08/26 05:40:53 AM,1.00,2.34,294.8,0.587,96.823,1069.350,0.137
18684,03/08/26 05:50:53 AM,2.00,3.01,290.6,1.467,94.873,1069.350,0.733
18685,03/08/26 06:00:53 AM,2.00,3.01,279.4,1.850,93.146,1069.350,0.860
18686,03/08/26 06:10:53 AM,2.00,3.67,297.6,1.609,94.427,1069.350,0.809
18687,03/08/26 06:20:53 AM,2.34,3.67,306.1,2.049,93.332,1069.350,1.085
18688,03/08/26 06:30:53 AM,1.67,3.34,296.2,1.772,93.364,1069.350,0.814
18689,03/08/26 06:40:53 AM,0.33,2.00,304.7,0.973,94.884,1069.350,0.243
18690,03/08/26 06:50:53 AM,2.00,3.67,273.8,1.810,95.261,1069.350,1.131
18691,03/08/26 07:00:53 AM,1.67,2.67,245.7,1.684,95.019,1069.350,0.971
18692,03/08/26 07:10:53 AM,1.67,3.01,266.7,1.906,94.717,1069.350,1.147
18693,03/08/26 07:20:53 AM,1.67,3.01,261.1,2.381,93.422,1069.350,1.428
18694,03/08/26 07:30:53 AM,1.34,3.01,238.7,1.279,93.861,1069.350,0.398
18695,03/08/26 07:40:53 AM,1.67,2.67,263.9,1.435,95.752,1069.350,0.829
18696,03/08/26 07:50:53 AM,2.00,2.67,272.4,1.099,95.808,1069.350,0.502
18697,03/08/26 08:00:53 AM,1.67,2.34,290.6,0.772,97.150,1069.350,0.368
18698,03/08/26 08:10:53 AM,1.67,2.67,285.0,0.759,97.664,1069.350,0.428
18699,03/08/26 08:20:53 AM,2.00,4.01,285.0,2.003,95.998,1069.350,1.431
18700,03/08/26 08:30:53 AM,2.00,3.34,255.5,2.451,95.262,1069.350,1.770
18701,03/08/26 08:40:53 AM,2.00,3.34,286.4,3.622,92.197,1069.350,2.476
18702,03/08/26 08:50:53 AM,2.00,3.01,262.5,3.973,91.391,1069.350,2.700
18703,03/08/26 09:00:53 AM,1.67,2.67,276.6,4.778,89.770,1069.350,3.245
18704,03/08/26 09:10:53 AM,1.67,2.67,273.8,5.842,86.661,1069.350,3.795
18705,03/08/26 09:20:53 AM,2.00,3.01,263.9,6.569,84.741,1069.350,4.191
18706,03/08/26 09:30:53 AM,1.67,2.67,266.7,7.343,82.882,1069.350,4.634
18707,03/08/26 09:40:53 AM,2.67,4.34,299.0,7.751,81.109,1069.350,4.723
18708,03/08/26 09:50:53 AM,3.01,3.67,307.5,8.263,79.811,1069.350,4.992
18709,03/08/26 10:00:53 AM,3.01,4.01,303.2,8.869,77.728,1069.350,5.202
18710,03/08/26 10:10:53 AM,3.01,4.34,293.4,9.445,75.801,1069.350,5.400
18711,03/08/26 10:20:53 AM,3.01,4.34,297.6,9.775,74.826,1069.350,5.533
18712,03/08/26 10:30:53 AM,3.34,5.34,293.4,10.102,73.259,1069.350,5.544
18713,03/08/26 10:40:53 AM,4.01,5.68,273.8,10.692,69.798,1069.350,5.415
18714,03/08/26 10:50:53 AM,4.68,7.01,275.2,10.625,68.667,1069.350,5.115
18715,03/08/26 11:00:53 AM,4.34,6.68,266.7,11.086,67.044,1069.350,5.212
18716,03/08/26 11:10:53 AM,4.34,6.35,275.2,11.016,66.252,1069.350,4.975
18717,03/08/26 11:20:53 AM,4.01,6.35,263.9,11.306,66.343,1069.350,5.271
18718,03/08/26 11:30:53 AM,4.01,6.68,265.3,11.419,66.322,1069.350,5.374
18719,03/08/26 11:40:53 AM,4.68,7.35,272.4,11.092,65.330,1069.350,4.847
18720,03/08/26 11:50:53 AM,4.68,7.68,259.7,11.333,64.941,1069.350,4.990
18721,03/08/26 12:00:53 PM,5.34,8.35,263.9,11.236,63.296,1069.350,4.531
18722,03/08/26 12:10:53 PM,5.34,8.02,263.9,11.494,62.896,1069.350,4.685
18723,03/08/26 12:20:53 PM,6.01,9.02,280.8,11.386,62.150,1069.350,4.412
18724,03/08/26 12:30:53 PM,6.35,9.35,269.6,11.555,60.922,1069.350,4.287
18725,03/08/26 12:40:53 PM,5.68,9.02,268.1,12.014,59.297,1069.350,4.333
18726,03/08/26 12:50:53 PM,6.01,9.02,258.3,12.290,57.134,1069.350,4.063
18727,03/08/26 01:00:53 PM,6.01,10.02,266.7,12.400,55.477,1069.350,3.747
18728,03/08/26 01:10:53 PM,6.35,9.68,262.5,11.957,56.483,1069.350,3.588
18729,03/08/26 01:20:53 PM,5.34,9.02,259.7,12.504,56.728,1069.350,4.162
18730,03/08/26 01:30:53 PM,6.01,8.68,256.9,12.247,57.302,1069.350,4.064
18731,03/08/26 01:40:53 PM,6.01,9.35,268.1,12.057,57.139,1069.350,3.846
18732,03/08/26 01:50:53 PM,6.35,9.02,276.6,12.000,55.779,1069.350,3.451
18733,03/08/26 02:00:53 PM,6.01,8.35,275.2,11.504,56.085,1069.350,3.065
18734,03/08/26 02:10:53 PM,5.34,8.35,286.4,11.697,57.240,1069.350,3.534
18735,03/08/26 02:20:53 PM,5.34,8.35,276.6,12.140,55.410,1069.350,3.487
18736,03/08/26 02:30:53 PM,5.01,8.68,266.7,12.352,56.123,1069.350,3.867
18737,03/08/26 02:40:53 PM,4.34,7.01,252.7,13.070,56.167,1069.350,4.549
18738,03/08/26 02:50:53 PM,5.01,7.68,268.1,13.070,54.314,1069.350,4.070
18739,03/08/26 03:00:53 PM,5.34,7.68,255.5,13.392,50.852,1069.350,3.434
18740,03/08/26 03:10:53 PM,5.68,8.68,261.1,13.411,49.467,1069.350,3.061
18741,03/08/26 03:20:53 PM,6.35,9.68,262.5,13.427,48.466,1069.350,2.787
18742,03/08/26 03:30:53 PM,6.01,10.02,266.7,13.676,46.950,1069.350,2.568
18743,03/08/26 03:40:53 PM,7.01,11.69,269.6,13.545,46.450,1069.350,2.298
18744,03/08/26 03:50:53 PM,7.35,11.02,266.7,13.443,44.897,1069.350,1.729
18745,03/08/26 04:00:53 PM,6.68,9.35,275.2,13.448,45.090,1069.350,1.793
18746,03/08/26 04:10:53 PM,6.68,10.35,268.1,13.499,44.601,1069.350,1.687
18747,03/08/26 04:20:53 PM,6.35,11.02,262.5,13.518,45.066,1069.350,1.850
18748,03/08/26 04:30:53 PM,6.68,10.02,266.7,13.504,44.176,1069.350,1.558
18749,03/08/26 04:40:53 PM,7.01,10.35,276.6,13.427,43.784,1069.350,1.364
18750,03/08/26 04:50:53 PM,6.35,9.02,279.4,13.424,43.828,1069.350,1.375
18751,03/08/26 05:00:53 PM,7.01,11.02,276.6,13.317,43.888,1069.350,1.297
18752,03/08/26 05:10:53 PM,6.01,8.68,276.6,13.301,44.094,1069.350,1.348
18753,03/08/26 05:20:53 PM,5.34,8.35,276.6,13.362,44.291,1069.350,1.466
18754,03/08/26 05:30:53 PM,5.01,7.68,271.0,13.317,44.460,1069.350,1.478
18755,03/08/26 05:40:53 PM,5.68,8.35,265.3,13.172,44.483,1069.350,1.353
18756,03/08/26 05:50:53 PM,4.68,8.35,278.0,13.301,43.999,1069.350,1.318
18757,03/08/26 06:00:53 PM,4.34,6.35,276.6,13.183,44.269,1069.350,1.296
18758,03/08/26 06:10:53 PM,4.68,7.01,279.4,13.327,43.011,1069.350,1.026
18759,03/08/26 06:20:53 PM,4.01,5.68,273.8,13.260,43.491,1069.350,1.119
18760,03/08/26 06:30:53 PM,3.67,5.68,272.4,13.159,43.908,1069.350,1.160
18761,03/08/26 06:40:53 PM,3.67,5.34,278.0,13.016,44.817,1069.350,1.315
18762,03/08/26 06:50:53 PM,4.01,6.68,273.8,12.569,46.484,1069.350,1.416
18763,03/08/26 07:00:53 PM,3.34,5.34,271.0,11.966,48.791,1069.350,1.538
18764,03/08/26 07:10:53 PM,2.67,4.01,269.6,10.799,52.897,1069.350,1.586
18765,03/08/26 07:20:53 PM,1.67,2.67,276.6,9.874,55.233,1069.350,1.327
18766,03/08/26 07:30:53 PM,1.00,1.67,290.6,8.839,57.873,1069.350,1.007
18767,03/08/26 07:40:53 PM,0.67,1.67,307.5,8.132,60.404,1069.350,0.936
18768,03/08/26 07:50:53 PM,0.67,1.67,272.4,7.094,63.482,1069.350,0.642
18769,03/08/26 08:00:53 PM,1.00,2.00,242.9,7.016,64.289,1069.350,0.743
18770,03/08/26 08:10:53 PM,1.00,1.67,279.4,6.054,67.086,1069.350,0.414
18771,03/08/26 08:20:53 PM,1.34,1.67,294.8,5.641,68.386,1069.350,0.284
18772,03/08/26 08:30:53 PM,1.34,2.00,310.3,4.601,70.422,1069.350,-0.310
18773,03/08/26 08:40:53 PM,1.34,1.67,306.1,4.161,71.577,1069.350,-0.510
18774,03/08/26 08:50:53 PM,1.67,2.00,299.0,3.628,72.891,1069.350,-0.775
18775,03/08/26 09:00:53 PM,1.34,2.34,293.4,4.059,71.403,1069.350,-0.642
18776,03/08/26 09:10:53 PM,1.67,2.34,289.2,3.786,72.714,1069.350,-0.656
18777,03/08/26 09:20:53 PM,2.00,2.67,280.8,4.156,73.341,1069.350,-0.181
18778,03/08/26 09:30:53 PM,1.67,2.34,283.6,4.475,72.688,1069.350,0.004
18779,03/08/26 09:40:53 PM,2.00,2.67,268.1,4.542,72.525,1069.350,0.038
18780,03/08/26 09:50:53 PM,2.00,2.67,268.1,3.089,77.345,1069.350,-0.485
18781,03/08/26 10:00:53 PM,2.67,3.01,265.3,3.448,76.927,1069.350,-0.211
18782,03/08/26 10:10:53 PM,2.34,3.01,263.9,3.719,75.538,1069.350,-0.198
18783,03/08/26 10:20:53 PM,2.67,3.34,263.9,3.338,77.020,1069.350,-0.301
18784,03/08/26 10:30:53 PM,2.34,2.67,271.0,2.864,78.270,1069.350,-0.541
18785,03/08/26 10:40:53 PM,1.67,2.00,287.8,2.807,77.034,1069.350,-0.815
18786,03/08/26 10:50:53 PM,1.34,1.67,293.4,3.065,76.332,1069.350,-0.689
18787,03/08/26 11:00:53 PM,1.34,2.00,273.8,3.148,76.580,1069.350,-0.564
18788,03/08/26 11:10:53 PM,2.00,2.34,299.0,2.486,78.853,1069.350,-0.808
18789,03/08/26 11:20:53 PM,1.67,2.34,318.7,2.394,78.895,1069.350,-0.890
18790,03/08/26 11:30:53 PM,1.34,2.34,311.7,2.212,79.498,1069.350,-0.964
18791,03/08/26 11:40:53 PM,1.67,2.34,310.3,2.346,78.863,1069.350,-0.943
18792,03/08/26 11:50:53 PM,1.67,2.00,299.0,2.282,78.869,1069.350,-1.004
18793,03/09/26 12:00:53 AM,1.67,3.01,300.4,2.343,78.572,1069.350,-0.996
18794,03/09/26 12:10:53 AM,1.67,2.67,300.4,2.167,78.967,1069.350,-1.099
18795,03/09/26 12:20:53 AM,2.00,2.67,299.0,2.081,78.952,1069.350,-1.186
18796,03/09/26 12:30:53 AM,1.67,2.00,299.0,1.858,79.162,1069.350,-1.367
18797,03/09/26 12:40:53 AM,1.67,2.34,299.0,1.912,78.491,1069.350,-1.430
18798,03/09/26 12:50:53 AM,2.00,2.67,287.8,1.456,79.712,1069.350,-1.665
18799,03/09/26 01:00:53 AM,1.67,2.67,287.8,1.295,80.688,1069.350,-1.657
18800,03/09/26 01:10:53 AM,2.00,2.67,294.8,1.223,80.523,1069.350,-1.755
18801,03/09/26 01:20:53 AM,1.67,3.34,303.2,1.011,81.489,1069.350,-1.800
18802,03/09/26 01:30:53 AM,2.67,3.67,322.9,0.641,82.745,1069.350,-1.955
18803,03/09/26 01:40:53 AM,2.34,3.34,322.9,0.330,83.619,1069.350,-2.118
18804,03/09/26 01:50:53 AM,2.34,3.67,321.5,0.362,83.566,1069.350,-2.095
18805,03/09/26 02:00:53 AM,1.67,3.34,307.5,0.343,84.224,1069.350,-2.008
18806,03/09/26 02:10:53 AM,3.01,4.01,324.3,1.126,81.451,1069.350,-1.694
18807,03/09/26 02:20:53 AM,2.67,3.67,322.9,0.979,81.408,1069.350,-1.845
18808,03/09/26 02:30:53 AM,2.34,3.01,324.3,0.936,81.657,1069.350,-1.846
18809,03/09/26 02:40:53 AM,1.67,2.67,289.2,0.864,81.706,1069.350,-1.908
18810,03/09/26 02:50:53 AM,2.00,3.01,299.0,1.126,80.993,1069.350,-1.771
18811,03/09/26 03:00:53 AM,1.34,2.34,300.4,0.973,81.436,1069.350,-1.846
18812,03/09/26 03:10:53 AM,2.00,3.01,318.7,0.952,82.071,1069.350,-1.762
18813,03/09/26 03:20:53 AM,2.34,3.01,344.0,0.770,82.390,1069.350,-1.887
18814,03/09/26 03:30:53 AM,1.34,2.34,339.7,0.601,83.195,1069.350,-1.921
18815,03/09/26 03:40:53 AM,1.34,2.00,293.4,1.400,81.386,1069.350,-1.437
18816,03/09/26 03:50:53 AM,1.67,2.00,275.2,2.293,79.280,1069.350,-0.922
18817,03/09/26 04:00:53 AM,1.34,2.00,297.6,2.483,78.145,1069.350,-0.934
18818,03/09/26 04:10:53 AM,1.34,2.34,320.1,0.885,82.399,1069.350,-1.773
18819,03/09/26 04:20:53 AM,1.34,2.34,314.5,1.402,82.518,1069.350,-1.247
18820,03/09/26 04:30:53 AM,1.67,2.67,299.0,1.199,83.828,1069.350,-1.232
18821,03/09/26 04:40:53 AM,1.34,2.34,279.4,1.191,84.634,1069.350,-1.109
18822,03/09/26 04:50:53 AM,1.00,2.00,290.6,1.049,85.492,1069.350,-1.111
18823,03/09/26 05:00:53 AM,1.67,2.67,292.0,1.477,84.067,1069.350,-0.920
18824,03/09/26 05:10:53 AM,2.00,3.01,280.8,1.925,82.895,1069.350,-0.672
18825,03/09/26 05:20:53 AM,2.00,3.01,279.4,2.234,81.599,1069.350,-0.586
18826,03/09/26 05:30:53 AM,2.00,3.01,230.2,0.896,84.259,1069.350,-1.459
18827,03/09/26 05:40:53 AM,2.34,3.01,219.0,0.413,86.780,1069.350,-1.534
18828,03/09/26 05:50:53 AM,3.01,3.67,224.6,0.662,85.167,1069.350,-1.543
18829,03/09/26 06:00:53 AM,2.34,3.34,238.7,0.062,87.106,1069.350,-1.829
18830,03/09/26 06:10:53 AM,2.34,3.01,238.7,-0.281,88.563,1069.350,-1.942
18831,03/09/26 06:20:53 AM,2.34,3.34,230.2,-0.887,90.111,1069.350,-2.307
18832,03/09/26 06:30:53 AM,2.34,3.01,251.3,-0.544,89.004,1069.350,-2.135
18833,03/09/26 06:40:53 AM,2.34,3.01,254.1,-0.595,88.919,1069.350,-2.198
18834,03/09/26 06:50:53 AM,2.34,3.34,226.0,-0.418,88.794,1069.350,-2.043
18835,03/09/26 07:00:53 AM,1.67,2.34,249.9,-0.434,87.523,1069.350,-2.253
18836,03/09/26 07:10:53 AM,1.67,2.67,240.1,-0.477,86.914,1069.350,-2.390
18837,03/09/26 07:20:53 AM,1.67,2.34,258.3,-1.161,88.525,1069.350,-2.817
18838,03/09/26 07:30:53 AM,1.67,2.67,241.5,-1.611,88.292,1069.350,-3.297
18839,03/09/26 07:40:53 AM,1.67,2.34,237.3,-1.295,89.218,1069.350,-2.845
18840,03/09/26 07:50:53 AM,1.67,2.34,223.2,-1.112,89.425,1069.350,-2.633
18841,03/09/26 08:00:53 AM,1.67,3.01,226.0,-0.654,89.409,1069.350,-2.182
18842,03/09/26 08:10:53 AM,2.67,3.34,220.4,0.797,85.332,1069.350,-1.384
18843,03/09/26 08:20:53 AM,1.34,2.34,255.5,0.480,85.434,1069.350,-1.680
18844,03/09/26 08:30:53 AM,2.00,2.67,224.6,0.971,85.486,1069.350,-1.189
18845,03/09/26 08:40:53 AM,1.67,2.67,220.4,1.555,84.829,1069.350,-0.720
18846,03/09/26 08:50:53 AM,2.00,3.67,209.2,2.483,82.652,1069.350,-0.166
18847,03/09/26 09:00:53 AM,2.00,4.01,213.4,3.373,79.951,1069.350,0.247
18848,03/09/26 09:10:53 AM,2.00,3.34,234.5,4.059,78.183,1069.350,0.606
18849,03/09/26 09:20:53 AM,2.67,4.68,251.3,4.791,74.516,1069.350,0.652
18850,03/09/26 09:30:53 AM,2.67,5.01,265.3,5.260,72.045,1069.350,0.638
18851,03/09/26 09:40:53 AM,3.67,6.01,278.0,5.424,70.961,1069.350,0.586
18852,03/09/26 09:50:53 AM,4.01,6.01,265.3,5.566,70.379,1069.350,0.609
18853,03/09/26 10:00:53 AM,4.68,7.01,259.7,5.759,69.448,1069.350,0.610
18854,03/09/26 10:10:53 AM,5.01,7.68,266.7,6.049,67.507,1069.350,0.496
18855,03/09/26 10:20:53 AM,5.34,7.68,269.6,6.282,64.472,1069.350,0.084
18856,03/09/26 10:30:53 AM,5.34,8.35,280.8,6.660,62.901,1069.350,0.103
18857,03/09/26 10:40:53 AM,6.01,9.35,280.8,6.834,60.267,1069.350,-0.321
18858,03/09/26 10:50:53 AM,6.68,10.69,276.6,7.067,59.019,1069.350,-0.388
18859,03/09/26 11:00:53 AM,7.35,12.02,278.0,7.223,58.242,1069.350,-0.423
18860,03/09/26 11:10:53 AM,8.35,12.36,275.2,6.971,58.074,1069.350,-0.700
18861,03/09/26 11:20:53 AM,7.35,10.69,275.2,7.081,58.155,1069.350,-0.577
18862,03/09/26 11:30:53 AM,8.02,12.02,275.2,7.073,57.078,1069.350,-0.840
18863,03/09/26 11:40:53 AM,7.68,11.69,279.4,7.429,55.663,1069.350,-0.850
18864,03/09/26 11:50:53 AM,7.68,11.35,282.2,7.569,54.260,1069.350,-1.068
18865,03/09/26 12:00:53 PM,7.35,11.02,286.4,7.821,53.140,1069.350,-1.118
18866,03/09/26 12:10:53 PM,7.68,11.35,283.6,8.038,52.210,1069.350,-1.157
18867,03/09/26 12:20:53 PM,7.35,11.69,283.6,7.982,53.901,1069.350,-0.774
18868,03/09/26 12:30:53 PM,8.02,12.02,289.2,7.890,54.165,1069.350,-0.793
18869,03/09/26 12:40:53 PM,7.01,10.35,292.0,7.979,54.574,1069.350,-0.607
18870,03/09/26 12:50:53 PM,8.02,11.35,289.2,8.038,54.621,1069.350,-0.540
18871,03/09/26 01:00:53 PM,7.01,11.02,287.8,8.242,53.680,1069.350,-0.588
18872,03/09/26 01:10:53 PM,7.68,12.02,289.2,8.183,52.432,1069.350,-0.964
18873,03/09/26 01:20:53 PM,7.68,12.02,287.8,8.384,51.516,1069.350,-1.019
18874,03/09/26 01:30:53 PM,7.68,11.35,276.6,8.400,49.866,1069.350,-1.447
18875,03/09/26 01:40:53 PM,7.68,11.02,290.6,8.376,49.529,1069.350,-1.561
18876,03/09/26 01:50:53 PM,8.02,13.02,285.0,8.220,48.948,1069.350,-1.865
18877,03/09/26 02:00:53 PM,7.68,12.69,287.8,8.507,48.457,1069.350,-1.738
18878,03/09/26 02:10:53 PM,8.35,12.36,292.0,8.558,48.574,1069.350,-1.658
18879,03/09/26 02:20:53 PM,7.01,11.35,268.1,8.606,48.508,1069.350,-1.632
18880,03/09/26 02:30:53 PM,8.02,11.69,278.0,8.687,46.818,1069.350,-2.039
18881,03/09/26 02:40:53 PM,7.68,11.35,282.2,8.885,47.045,1069.350,-1.792
18882,03/09/26 02:50:53 PM,7.01,11.69,275.2,8.995,45.963,1069.350,-2.006
18883,03/09/26 03:00:53 PM,7.35,11.69,278.0,8.826,43.375,1069.350,-2.941
18884,03/09/26 03:10:53 PM,8.02,13.02,278.0,8.352,42.730,1069.350,-3.572
18885,03/09/26 03:20:53 PM,7.35,11.02,271.0,8.609,42.361,1069.350,-3.455
18886,03/09/26 03:30:53 PM,6.35,9.68,280.8,8.920,43.375,1069.350,-2.856
18887,03/09/26 03:40:53 PM,7.35,11.69,276.6,8.641,42.068,1069.350,-3.519
18888,03/09/26 03:50:53 PM,6.68,10.35,286.4,8.510,42.788,1069.350,-3.411
18889,03/09/26 04:00:53 PM,7.01,11.35,279.4,8.732,43.172,1069.350,-3.090
18890,03/09/26 04:10:53 PM,7.35,11.02,269.6,8.494,43.650,1069.350,-3.158
18891,03/09/26 04:20:53 PM,7.68,11.69,271.0,8.545,41.946,1069.350,-3.644
18892,03/09/26 04:30:53 PM,6.68,10.69,280.8,8.394,41.556,1069.350,-3.905
18893,03/09/26 04:40:53 PM,6.01,11.02,287.8,8.346,43.238,1069.350,-3.420
18894,03/09/26 04:50:53 PM,7.01,10.02,275.2,7.901,43.572,1069.350,-3.721
18895,03/09/26 05:00:53 PM,6.01,10.69,292.0,7.663,45.142,1069.350,-3.465
18896,03/09/26 05:10:53 PM,6.68,10.69,293.4,7.327,44.842,1069.350,-3.861
18897,03/09/26 05:20:53 PM,7.01,11.35,294.8,7.108,45.141,1069.350,-3.972
18898,03/09/26 05:30:53 PM,6.68,10.69,286.4,7.091,45.202,1069.350,-3.970
18899,03/09/26 05:40:53 PM,6.01,9.02,285.0,6.770,45.318,1069.350,-4.229
18900,03/09/26 05:50:53 PM,5.68,9.02,290.6,6.864,47.068,1069.350,-3.638
18901,03/09/26 06:00:53 PM,6.01,9.68,289.2,6.475,48.432,1069.350,-3.615
18902,03/09/26 06:10:53 PM,6.01,9.35,287.8,6.333,48.566,1069.350,-3.708
18903,03/09/26 06:20:53 PM,6.01,9.68,280.8,6.014,49.415,1069.350,-3.771
18904,03/09/26 06:30:53 PM,5.34,8.02,276.6,5.807,50.591,1069.350,-3.649
18905,03/09/26 06:40:53 PM,4.68,8.35,278.0,5.628,51.247,1069.350,-3.643
18906,03/09/26 06:50:53 PM,4.34,8.02,283.6,5.384,51.724,1069.350,-3.745
18907,03/09/26 07:00:53 PM,5.01,8.68,292.0,4.974,52.340,1069.350,-3.968
18908,03/09/26 07:10:53 PM,4.34,7.35,287.8,4.609,53.045,1069.350,-4.130
18909,03/09/26 07:20:53 PM,3.01,5.01,292.0,4.046,55.967,1069.350,-3.942
18910,03/09/26 07:30:53 PM,3.01,5.01,300.4,3.526,58.160,1069.350,-3.919
18911,03/09/26 07:40:53 PM,3.67,5.34,303.2,3.279,59.315,1069.350,-3.890
18912,03/09/26 07:50:53 PM,3.34,5.34,293.4,2.861,61.109,1069.350,-3.888
18913,03/09/26 08:00:53 PM,4.01,6.35,290.6,2.740,62.072,1069.350,-3.794
18914,03/09/26 08:10:53 PM,4.01,5.68,300.4,2.687,61.811,1069.350,-3.900
18915,03/09/26 08:20:53 PM,4.01,5.34,296.2,2.346,62.817,1069.350,-4.009
18916,03/09/26 08:30:53 PM,4.68,6.35,293.4,2.491,60.862,1069.350,-4.291
18917,03/09/26 08:40:53 PM,4.68,7.01,303.2,2.295,61.036,1069.350,-4.439
18918,03/09/26 08:50:53 PM,4.68,6.35,306.1,1.885,62.954,1069.350,-4.417
18919,03/09/26 09:00:53 PM,3.67,5.01,301.8,1.563,64.132,1069.350,-4.478
18920,03/09/26 09:10:53 PM,4.01,5.34,307.5,1.140,65.786,1069.350,-4.544
18921,03/09/26 09:20:53 PM,4.68,6.68,315.9,1.566,62.713,1069.350,-4.771
18922,03/09/26 09:30:53 PM,3.67,5.34,310.3,1.595,61.534,1069.350,-4.994
18923,03/09/26 09:40:53 PM,3.01,5.01,314.5,1.360,62.020,1069.350,-5.113
18924,03/09/26 09:50:53 PM,2.67,4.01,308.9,1.019,63.302,1069.350,-5.167
18925,03/09/26 10:00:53 PM,1.34,3.01,293.4,0.684,63.745,1069.350,-5.394
18926,03/09/26 10:10:53 PM,1.00,2.00,212.0,-0.520,68.939,1069.350,-5.515
18927,03/09/26 10:20:53 PM,1.00,3.01,209.2,-0.525,69.831,1069.350,-5.351
18928,03/09/26 10:30:53 PM,1.34,2.67,297.6,-0.195,68.258,1069.350,-5.334
18929,03/09/26 10:40:53 PM,2.00,4.01,263.9,-0.399,68.731,1069.350,-5.439
18930,03/09/26 10:50:53 PM,2.34,4.01,269.6,0.692,63.792,1069.350,-5.377
18931,03/09/26 11:00:53 PM,2.34,3.67,268.1,-0.498,69.027,1069.350,-5.477
18932,03/09/26 11:10:53 PM,2.34,3.34,259.7,-0.485,69.503,1069.350,-5.375
18933,03/09/26 11:20:53 PM,2.34,3.01,261.1,-0.906,71.643,1069.350,-5.381
18934,03/09/26 11:30:53 PM,2.67,3.34,268.1,-0.809,70.954,1069.350,-5.415
18935,03/09/26 11:40:53 PM,2.34,3.34,263.9,-0.643,69.917,1069.350,-5.448
18936,03/09/26 11:50:53 PM,3.01,4.34,249.9,0.022,65.913,1069.350,-5.586
18937,03/10/26 12:00:53 AM,2.67,3.67,261.1,0.225,65.600,1069.350,-5.454
18938,03/10/26 12:10:53 AM,2.67,3.34,259.7,-0.214,67.941,1069.350,-5.413
18939,03/10/26 12:20:53 AM,2.34,3.01,271.0,-0.380,68.406,1069.350,-5.483
18940,03/10/26 12:30:53 AM,2.00,2.34,273.8,-0.131,66.294,1069.350,-5.656
18941,03/10/26 12:40:53 AM,1.67,2.34,279.4,-0.182,65.223,1069.350,-5.918
18942,03/10/26 12:50:53 AM,1.67,2.34,293.4,-0.825,65.791,1069.350,-6.419
18943,03/10/26 01:00:53 AM,1.67,2.34,293.4,-1.316,66.998,1069.350,-6.651
18944,03/10/26 01:10:53 AM,1.67,2.00,304.7,-1.815,68.312,1069.350,-6.877
18945,03/10/26 01:20:53 AM,1.34,3.01,289.2,-2.297,70.117,1069.350,-7.002
18946,03/10/26 01:30:53 AM,2.00,3.01,278.0,-2.201,70.034,1069.350,-6.925
18947,03/10/26 01:40:53 AM,2.34,3.67,266.7,-1.592,69.674,1069.350,-6.406
18948,03/10/26 01:50:53 AM,2.00,3.67,261.1,-1.689,71.090,1069.350,-6.237
18949,03/10/26 02:00:53 AM,1.67,2.34,255.5,-2.372,73.347,1069.350,-6.489
18950,03/10/26 02:10:53 AM,2.00,3.01,238.7,-3.136,75.827,1069.350,-6.797
18951,03/10/26 02:20:53 AM,1.67,2.34,234.5,-3.820,78.001,1069.350,-7.095
18952,03/10/26 02:30:53 AM,1.67,2.34,238.7,-3.799,78.143,1069.350,-7.051
18953,03/10/26 02:40:53 AM,2.34,3.01,242.9,-3.308,76.432,1069.350,-6.861
18954,03/10/26 02:50:53 AM,2.00,3.01,249.9,-3.343,75.669,1069.350,-7.025
18955,03/10/26 03:00:53 AM,2.00,3.01,247.1,-3.289,74.908,1069.350,-7.103
18956,03/10/26 03:10:53 AM,2.00,3.01,241.5,-3.407,75.157,1069.350,-7.175
18957,03/10/26 03:20:53 AM,1.67,2.67,240.1,-3.683,77.034,1069.350,-7.123
18958,03/10/26 03:30:53 AM,2.67,3.34,251.3,-3.067,74.900,1069.350,-6.890
18959,03/10/26 03:40:53 AM,2.67,3.34,258.3,-2.662,73.136,1069.350,-6.807
18960,03/10/26 03:50:53 AM,2.67,3.67,259.7,-2.394,71.418,1069.350,-6.857
18961,03/10/26 04:00:53 AM,2.67,3.67,254.1,-2.447,70.684,1069.350,-7.042
18962,03/10/26 04:10:53 AM,2.34,4.01,256.9,-2.549,70.166,1069.350,-7.235
18963,03/10/26 04:20:53 AM,2.67,4.01,268.1,-2.190,67.985,1069.350,-7.299
18964,03/10/26 04:30:53 AM,2.67,3.67,272.4,-2.222,67.506,1069.350,-7.421
18965,03/10/26 04:40:53 AM,2.00,3.01,285.0,-2.638,69.207,1069.350,-7.499
18966,03/10/26 04:50:53 AM,1.67,2.67,273.8,-2.951,71.768,1069.350,-7.331
18967,03/10/26 05:00:53 AM,2.34,4.34,286.4,-2.903,73.309,1069.350,-7.009
18968,03/10/26 05:10:53 AM,3.01,4.34,289.2,-2.547,71.514,1069.350,-6.987
18969,03/10/26 05:20:53 AM,2.34,3.67,285.0,-2.557,70.712,1069.350,-7.143
18970,03/10/26 05:30:53 AM,2.34,4.01,275.2,-2.622,71.482,1069.350,-7.065
18971,03/10/26 05:40:53 AM,2.67,4.01,265.3,-2.346,69.918,1069.350,-7.086
18972,03/10/26 05:50:53 AM,2.67,3.67,258.3,-2.480,70.568,1069.350,-7.095
18973,03/10/26 06:00:53 AM,2.67,3.67,255.5,-2.372,71.223,1069.350,-6.871
18974,03/10/26 06:10:53 AM,2.34,4.01,256.9,-2.171,70.713,1069.350,-6.771
18975,03/10/26 06:20:53 AM,2.34,3.67,255.5,-2.072,69.934,1069.350,-6.819
18976,03/10/26 06:30:53 AM,2.00,3.34,258.3,-2.067,70.033,1069.350,-6.796
18977,03/10/26 06:40:53 AM,2.34,3.34,254.1,-2.019,69.200,1069.350,-6.905
18978,03/10/26 06:50:53 AM,2.34,4.34,247.1,-1.986,68.202,1069.350,-7.062
18979,03/10/26 07:00:53 AM,2.67,4.68,245.7,-1.949,67.169,1069.350,-7.224
18980,03/10/26 07:10:53 AM,2.34,4.01,256.9,-2.061,68.344,1069.350,-7.107
18981,03/10/26 07:20:53 AM,1.34,3.01,272.4,-2.343,70.274,1069.350,-7.017
18982,03/10/26 07:30:53 AM,2.67,4.34,278.0,-1.989,67.733,1069.350,-7.154
18983,03/10/26 07:40:53 AM,3.34,4.68,282.2,-1.807,67.422,1069.350,-7.040
18984,03/10/26 07:50:53 AM,3.67,5.01,275.2,-1.667,66.717,1069.350,-7.042
18985,03/10/26 08:00:53 AM,3.34,4.68,269.6,-1.622,66.757,1069.350,-6.991
18986,03/10/26 08:10:53 AM,3.01,4.34,263.9,-1.675,67.405,1069.350,-6.916
18987,03/10/26 08:20:53 AM,2.34,3.67,261.1,-1.740,68.637,1069.350,-6.744
18988,03/10/26 08:30:53 AM,3.01,4.68,265.3,-1.686,68.342,1069.350,-6.748
18989,03/10/26 08:40:53 AM,2.67,4.34,268.1,-1.576,67.982,1069.350,-6.711
18990,03/10/26 08:50:53 AM,2.67,4.01,271.0,-1.464,67.193,1069.350,-6.755
18991,03/10/26 09:00:53 AM,3.34,5.34,271.0,-1.372,65.682,1069.350,-6.963
18992,03/10/26 09:10:53 AM,3.67,6.01,276.6,-1.260,65.069,1069.350,-6.977
18993,03/10/26 09:20:53 AM,4.01,7.35,286.4,-1.155,65.171,1069.350,-6.857
18994,03/10/26 09:30:53 AM,6.01,9.68,297.6,-1.230,64.880,1069.350,-6.986
18995,03/10/26 09:40:53 AM,6.35,9.02,293.4,-1.321,65.023,1069.350,-7.045
18996,03/10/26 09:50:53 AM,5.68,8.68,276.6,-1.260,65.035,1069.350,-6.984
18997,03/10/26 10:00:53 AM,6.01,9.68,276.6,-1.284,64.927,1069.350,-7.029
18998,03/10/26 10:10:53 AM,6.01,9.68,280.8,-1.128,64.121,1069.350,-7.042
18999,03/10/26 10:20:53 AM,6.01,11.02,292.0,-1.051,62.789,1069.350,-7.240
19000,03/10/26 10:30:53 AM,7.35,10.69,293.4,-1.174,62.121,1069.350,-7.495
19001,03/10/26 10:40:53 AM,6.35,9.35,289.2,-1.064,61.341,1069.350,-7.554
19002,03/10/26 10:50:53 AM,6.68,9.68,289.2,-0.946,59.109,1069.350,-7.920
19003,03/10/26 11:00:53 AM,6.68,9.02,296.2,-1.010,57.899,1069.350,-8.246
19004,03/10/26 11:10:53 AM,6.68,10.02,296.2,-1.000,55.917,1069.350,-8.683
19005,03/10/26 11:20:53 AM,6.68,10.35,293.4,-0.938,54.865,1069.350,-8.867
19006,03/10/26 11:30:53 AM,7.35,11.02,290.6,-0.807,52.670,1069.350,-9.265
19007,03/10/26 11:40:53 AM,8.02,12.02,293.4,-0.705,48.942,1069.350,-10.100
19008,03/10/26 11:50:53 AM,7.68,10.69,294.8,-0.785,48.968,1069.350,-10.167
19009,03/10/26 12:00:53 PM,7.68,11.02,290.6,-0.925,49.033,1069.350,-10.280
19010,03/10/26 12:10:53 PM,6.68,10.35,293.4,-0.780,48.482,1069.350,-10.288
19011,03/10/26 12:20:53 PM,7.35,11.35,294.8,-0.807,46.662,1069.350,-10.794
19012,03/10/26 12:30:53 PM,7.35,12.02,300.4,-0.622,46.038,1069.350,-10.793
19013,03/10/26 12:40:53 PM,6.68,9.68,294.8,-0.624,45.342,1069.350,-10.986
19014,03/10/26 12:50:53 PM,6.35,10.02,293.4,-0.536,45.927,1069.350,-10.744
19015,03/10/26 01:00:53 PM,5.68,9.02,286.4,-0.206,46.792,1069.350,-10.207
19016,03/10/26 01:10:53 PM,6.35,10.35,289.2,-0.110,46.461,1069.350,-10.208
19017,03/10/26 01:20:53 PM,6.68,11.02,296.2,-0.606,46.711,1069.350,-10.596
19018,03/10/26 01:30:53 PM,6.68,10.02,285.0,-0.638,46.709,1069.350,-10.626
19019,03/10/26 01:40:53 PM,6.68,11.02,279.4,-0.748,47.120,1069.350,-10.617
19020,03/10/26 01:50:53 PM,5.68,8.68,269.6,-0.614,51.250,1069.350,-9.432
19021,03/10/26 02:00:53 PM,6.01,9.35,273.8,-0.614,50.848,1069.350,-9.532
19022,03/10/26 02:10:53 PM,6.35,10.35,268.1,-0.407,49.166,1069.350,-9.767
19023,03/10/26 02:20:53 PM,6.68,9.02,279.4,-0.367,48.963,1069.350,-9.782
19024,03/10/26 02:30:53 PM,6.68,11.35,272.4,-0.388,49.680,1069.350,-9.617
19025,03/10/26 02:40:53 PM,6.35,10.35,271.0,-0.169,50.207,1069.350,-9.281
19026,03/10/26 02:50:53 PM,7.01,10.02,271.0,-0.482,51.238,1069.350,-9.313
19027,03/10/26 03:00:53 PM,6.68,9.68,269.6,-0.528,52.952,1069.350,-8.937
19028,03/10/26 03:10:53 PM,5.34,8.68,272.4,-0.217,53.861,1069.350,-8.429
19029,03/10/26 03:20:53 PM,7.01,9.68,279.4,-0.268,50.426,1069.350,-9.317
19030,03/10/26 03:30:53 PM,6.01,9.35,285.0,-0.029,49.902,1069.350,-9.229
19031,03/10/26 03:40:53 PM,6.01,9.35,286.4,0.183,49.050,1069.350,-9.251
19032,03/10/26 03:50:53 PM,7.35,11.35,286.4,0.306,46.957,1069.350,-9.691
19033,03/10/26 04:00:53 PM,6.68,10.02,278.0,0.408,49.186,1069.350,-9.008
19034,03/10/26 04:10:53 PM,7.01,10.69,269.6,0.695,48.316,1069.350,-8.971
19035,03/10/26 04:20:53 PM,6.68,9.68,279.4,1.027,48.286,1069.350,-8.673
19036,03/10/26 04:30:53 PM,6.68,10.35,271.0,0.979,48.383,1069.350,-8.691
19037,03/10/26 04:40:53 PM,6.01,9.35,293.4,1.236,48.727,1069.350,-8.364
19038,03/10/26 04:50:53 PM,7.01,11.35,278.0,0.593,47.257,1069.350,-9.347
19039,03/10/26 05:00:53 PM,6.01,9.02,285.0,0.979,47.747,1069.350,-8.860
19040,03/10/26 05:10:53 PM,6.35,9.35,307.5,1.258,47.605,1069.350,-8.641
19041,03/10/26 05:20:53 PM,7.01,10.02,315.9,0.587,49.166,1069.350,-8.848
19042,03/10/26 05:30:53 PM,6.68,11.35,308.9,0.764,47.817,1069.350,-9.040
19043,03/10/26 05:40:53 PM,7.35,10.35,307.5,0.603,47.149,1069.350,-9.367
19044,03/10/26 05:50:53 PM,6.35,10.02,300.4,0.558,47.797,1069.350,-9.235
19045,03/10/26 06:00:53 PM,6.01,8.02,300.4,0.201,49.660,1069.350,-9.078
19046,03/10/26 06:10:53 PM,5.34,8.02,297.6,-0.442,51.362,1069.350,-9.245
19047,03/10/26 06:20:53 PM,4.68,7.68,286.4,0.290,49.583,1069.350,-9.015
19048,03/10/26 06:30:53 PM,5.01,7.35,276.6,-0.450,50.939,1069.350,-9.357
19049,03/10/26 06:40:53 PM,5.34,7.68,280.8,-0.665,52.107,1069.350,-9.269
19050,03/10/26 06:50:53 PM,4.34,6.68,285.0,-0.431,52.105,1069.350,-9.052
19051,03/10/26 07:00:53 PM,4.34,7.68,271.0,-0.697,52.973,1069.350,-9.089
19052,03/10/26 07:10:53 PM,4.68,6.68,283.6,-0.919,54.479,1069.350,-8.939
19053,03/10/26 07:20:53 PM,4.68,7.68,279.4,-1.241,56.446,1069.350,-8.788
19054,03/10/26 07:30:53 PM,4.34,6.35,280.8,-1.464,58.085,1069.350,-8.632
19055,03/10/26 07:40:53 PM,4.01,5.68,292.0,-1.708,59.727,1069.350,-8.506
19056,03/10/26 07:50:53 PM,3.34,5.34,293.4,-2.126,61.782,1069.350,-8.469
19057,03/10/26 08:00:53 PM,3.01,4.68,293.4,-2.490,63.984,1069.350,-8.366
19058,03/10/26 08:10:53 PM,2.34,4.01,293.4,-2.785,65.727,1069.350,-8.303
19059,03/10/26 08:20:53 PM,2.34,3.67,286.4,-3.000,66.177,1069.350,-8.421
19060,03/10/26 08:30:53 PM,2.34,3.34,283.6,-3.356,67.579,1069.350,-8.494
19061,03/10/26 08:40:53 PM,2.34,3.34,278.0,-3.649,69.046,1069.350,-8.500
19062,03/10/26 08:50:53 PM,2.67,3.67,265.3,-4.072,71.313,1069.350,-8.494
19063,03/10/26 09:00:53 PM,2.67,4.01,275.2,-4.163,71.528,1069.350,-8.543
19064,03/10/26 09:10:53 PM,2.67,4.01,279.4,-4.099,71.775,1069.350,-8.437
19065,03/10/26 09:20:53 PM,2.67,4.34,283.6,-3.777,70.452,1069.350,-8.365
19066,03/10/26 09:30:53 PM,2.34,3.67,278.0,-4.040,71.580,1069.350,-8.415
19067,03/10/26 09:40:53 PM,1.67,3.01,278.0,-4.670,75.053,1069.350,-8.417
19068,03/10/26 09:50:53 PM,1.34,2.34,296.2,-5.107,77.020,1069.350,-8.511
19069,03/10/26 10:00:53 PM,1.34,2.67,310.3,-5.346,78.129,1069.350,-8.560
19070,03/10/26 10:10:53 PM,1.67,3.01,311.7,-5.096,77.107,1069.350,-8.485
19071,03/10/26 10:20:53 PM,2.67,4.68,299.0,-4.072,72.840,1069.350,-8.222
19072,03/10/26 10:30:53 PM,2.00,3.01,287.8,-4.587,73.890,1069.350,-8.537
19073,03/10/26 10:40:53 PM,1.00,2.00,276.6,-5.128,76.681,1069.350,-8.587
19074,03/10/26 10:50:53 PM,0.33,1.00,272.4,-5.069,77.157,1069.350,-8.451
19075,03/10/26 11:00:53 PM,0.67,1.34,278.0,-5.402,77.496,1069.350,-8.719
19076,03/10/26 11:10:53 PM,1.00,1.34,294.8,-6.276,80.851,1069.350,-9.031
19077,03/10/26 11:20:53 PM,0.67,1.34,300.4,-5.598,79.313,1069.350,-8.614
19078,03/10/26 11:30:53 PM,0.67,1.67,287.8,-6.051,80.079,1069.350,-8.933
19079,03/10/26 11:40:53 PM,1.00,1.67,283.6,-6.552,82.367,1069.350,-9.065
19080,03/10/26 11:50:53 PM,1.00,1.67,286.4,-6.434,82.635,1069.350,-8.908
19081,03/11/26 12:00:53 AM,1.34,2.00,259.7,-6.008,81.302,1069.350,-8.698
19082,03/11/26 12:10:53 AM,1.00,2.00,252.7,-5.997,81.250,1069.350,-8.695
19083,03/11/26 12:20:53 AM,0.67,1.34,273.8,-6.482,83.496,1069.350,-8.822
19084,03/11/26 12:30:53 AM,1.00,1.34,276.6,-6.796,84.167,1069.350,-9.029
19085,03/11/26 12:40:53 AM,1.00,1.67,292.0,-7.134,83.677,1069.350,-9.435
19086,03/11/26 12:50:53 AM,1.00,1.34,308.9,-7.788,84.628,1069.350,-9.934
19087,03/11/26 01:00:53 AM,1.34,2.00,299.0,-7.887,85.141,1069.350,-9.955
19088,03/11/26 01:10:53 AM,1.34,2.00,278.0,-7.295,85.109,1069.350,-9.378
19089,03/11/26 01:20:53 AM,1.34,2.34,279.4,-7.005,84.236,1069.350,-9.224
19090,03/11/26 01:30:53 AM,1.34,2.34,297.6,-7.005,84.121,1069.350,-9.241
19091,03/11/26 01:40:53 AM,1.34,2.34,303.2,-7.391,85.377,1069.350,-9.432
19092,03/11/26 01:50:53 AM,0.67,1.34,276.6,-7.627,86.989,1069.350,-9.427
19093,03/11/26 02:00:53 AM,0.33,2.00,280.8,-8.083,88.586,1069.350,-9.647
19094,03/11/26 02:10:53 AM,1.34,2.34,266.7,-7.624,87.939,1069.350,-9.286
19095,03/11/26 02:20:53 AM,1.00,2.00,278.0,-8.284,88.870,1069.350,-9.805
19096,03/11/26 02:30:53 AM,1.34,2.00,287.8,-8.225,88.745,1069.350,-9.764
19097,03/11/26 02:40:53 AM,1.34,1.67,301.8,-8.123,88.794,1069.350,-9.657
19098,03/11/26 02:50:53 AM,1.34,2.00,290.6,-7.759,87.277,1069.350,-9.516
19099,03/11/26 03:00:53 AM,1.34,2.00,279.4,-8.477,89.470,1069.350,-9.911
19100,03/11/26 03:10:53 AM,1.34,2.00,292.0,-8.126,88.800,1069.350,-9.659
19101,03/11/26 03:20:53 AM,1.34,2.00,287.8,-8.002,88.144,1069.350,-9.630
19102,03/11/26 03:30:53 AM,1.67,2.67,279.4,-7.488,86.403,1069.350,-9.376
19103,03/11/26 03:40:53 AM,2.00,2.67,262.5,-8.622,89.268,1069.350,-10.083
19104,03/11/26 03:50:53 AM,1.34,2.00,279.4,-9.072,91.133,1069.350,-10.268
19105,03/11/26 04:00:53 AM,1.00,1.34,282.2,-8.472,90.315,1069.350,-9.787
19106,03/11/26 04:10:53 AM,0.00,1.00,276.6,-8.737,89.421,1069.350,-10.175
19107,03/11/26 04:20:53 AM,0.00,1.00,261.1,-8.938,90.799,1069.350,-10.181
19108,03/11/26 04:30:53 AM,1.00,1.67,294.8,-9.179,91.551,1069.350,-10.316
19109,03/11/26 04:40:53 AM,1.67,2.34,292.0,-9.043,91.240,1069.350,-10.224
19110,03/11/26 04:50:53 AM,1.34,2.00,297.6,-8.378,90.126,1069.350,-9.720
19111,03/11/26 05:00:53 AM,1.67,2.67,303.2,-7.710,89.798,1069.350,-9.105
19112,03/11/26 05:10:53 AM,2.00,2.67,294.8,-6.501,87.712,1069.350,-8.211
19113,03/11/26 05:20:53 AM,1.67,2.67,262.5,-6.043,85.803,1069.350,-8.042
19114,03/11/26 05:30:53 AM,1.00,2.34,265.3,-5.831,85.304,1069.350,-7.908
19115,03/11/26 05:40:53 AM,1.34,2.67,272.4,-5.675,83.726,1069.350,-7.995
19116,03/11/26 05:50:53 AM,1.67,2.67,279.4,-5.718,82.684,1069.350,-8.198
19117,03/11/26 06:00:53 AM,1.34,2.34,290.6,-5.858,82.501,1069.350,-8.364
19118,03/11/26 06:10:53 AM,1.67,3.01,285.0,-6.002,81.556,1069.350,-8.652
19119,03/11/26 06:20:53 AM,2.00,3.34,289.2,-6.474,82.176,1069.350,-9.018
19120,03/11/26 06:30:53 AM,2.34,4.01,297.6,-6.654,82.335,1069.350,-9.170
19121,03/11/26 06:40:53 AM,2.00,3.34,283.6,-6.394,81.651,1069.350,-9.021
19122,03/11/26 06:50:53 AM,2.34,3.67,304.7,-6.973,83.774,1069.350,-9.262
19123,03/11/26 07:00:53 AM,1.67,3.01,294.8,-7.091,83.894,1069.350,-9.360
19124,03/11/26 07:10:53 AM,1.34,2.67,269.6,-6.887,83.073,1069.350,-9.285
19125,03/11/26 07:20:53 AM,1.34,2.67,276.6,-6.866,82.856,1069.350,-9.297
19126,03/11/26 07:30:53 AM,1.34,2.34,286.4,-6.949,82.806,1069.350,-9.386
19127,03/11/26 07:40:53 AM,1.34,2.34,307.5,-7.048,82.966,1069.350,-9.459
19128,03/11/26 07:50:53 AM,1.34,2.67,280.8,-7.094,83.059,1069.350,-9.490
19129,03/11/26 08:00:53 AM,0.33,1.67,251.3,-7.563,84.810,1069.350,-9.686
19130,03/11/26 08:10:53 AM,0.00,0.00,217.6,-7.456,85.307,1069.350,-9.507
19131,03/11/26 08:20:53 AM,0.67,1.34,245.7,-7.300,84.871,1069.350,-9.418
19132,03/11/26 08:30:53 AM,0.00,0.33,256.9,-6.820,82.827,1069.350,-9.257
19133,03/11/26 08:40:53 AM,0.33,1.00,283.6,-6.759,84.936,1069.350,-8.876
19134,03/11/26 08:50:53 AM,0.33,1.34,280.8,-5.726,82.638,1069.350,-8.213
19135,03/11/26 09:00:53 AM,0.67,1.67,240.1,-4.874,80.385,1069.350,-7.734
19136,03/11/26 09:10:53 AM,1.00,2.00,259.7,-3.919,79.330,1069.350,-6.973
19137,03/11/26 09:20:53 AM,1.00,2.00,245.7,-3.123,75.654,1069.350,-6.814
19138,03/11/26 09:30:53 AM,0.67,1.67,258.3,-2.123,72.322,1069.350,-6.432
19139,03/11/26 09:40:53 AM,0.33,1.67,268.1,-1.372,69.718,1069.350,-6.187
19140,03/11/26 09:50:53 AM,0.67,1.67,242.9,-0.367,66.046,1069.350,-5.931
19141,03/11/26 10:00:53 AM,0.33,1.00,228.8,0.472,61.822,1069.350,-5.997
19142,03/11/26 10:10:53 AM,0.00,1.00,324.3,1.491,55.760,1069.350,-6.384
19143,03/11/26 10:20:53 AM,0.67,1.34,287.8,1.778,54.447,1069.350,-6.426
19144,03/11/26 10:30:53 AM,1.00,2.34,223.2,2.443,53.094,1069.350,-6.134
19145,03/11/26 10:40:53 AM,1.67,4.01,193.7,2.528,55.203,1069.350,-5.545
19146,03/11/26 10:50:53 AM,1.67,3.67,185.3,2.992,54.247,1069.350,-5.341
19147,03/11/26 11:00:53 AM,2.67,4.68,214.8,2.901,54.133,1069.350,-5.453
19148,03/11/26 11:10:53 AM,2.34,4.68,242.9,3.464,53.104,1069.350,-5.181
19149,03/11/26 11:20:53 AM,2.67,5.01,240.1,3.282,55.219,1069.350,-4.836
19150,03/11/26 11:30:53 AM,2.67,5.01,249.9,3.534,55.166,1069.350,-4.613
19151,03/11/26 11:40:53 AM,3.34,6.01,266.7,3.947,54.890,1069.350,-4.293
19152,03/11/26 11:50:53 AM,3.67,6.35,283.6,3.976,54.945,1069.350,-4.253
19153,03/11/26 12:00:53 PM,4.01,7.01,285.0,3.837,55.079,1069.350,-4.350
19154,03/11/26 12:10:53 PM,4.01,8.02,275.2,4.271,54.026,1069.350,-4.201
19155,03/11/26 12:20:53 PM,3.34,6.01,272.4,4.960,52.761,1069.350,-3.875
19156,03/11/26 12:30:53 PM,2.34,5.01,259.7,4.542,52.093,1069.350,-4.433
19157,03/11/26 12:40:53 PM,1.00,3.01,300.4,4.979,50.898,1069.350,-4.335
19158,03/11/26 12:50:53 PM,2.34,5.01,248.5,4.759,52.399,1069.350,-4.153
19159,03/11/26 01:00:53 PM,1.34,4.01,287.8,5.284,51.528,1069.350,-3.889
19160,03/11/26 01:10:53 PM,2.00,4.68,219.0,5.853,49.677,1069.350,-3.850
19161,03/11/26 01:20:53 PM,3.34,6.35,275.2,4.968,51.666,1069.350,-4.146
19162,03/11/26 01:30:53 PM,2.67,5.34,278.0,5.352,51.774,1069.350,-3.762
19163,03/11/26 01:40:53 PM,3.34,7.35,272.4,5.974,49.772,1069.350,-3.712
19164,03/11/26 01:50:53 PM,3.67,6.68,276.6,6.325,49.454,1069.350,-3.474
19165,03/11/26 02:00:53 PM,4.01,7.68,276.6,5.831,50.043,1069.350,-3.772
19166,03/11/26 02:10:53 PM,3.34,5.34,290.6,5.987,49.831,1069.350,-3.685
19167,03/11/26 02:20:53 PM,3.34,5.68,279.4,5.759,50.076,1069.350,-3.830
19168,03/11/26 02:30:53 PM,2.67,5.34,216.2,5.703,49.622,1069.350,-4.003
19169,03/11/26 02:40:53 PM,3.01,5.34,278.0,5.641,49.366,1069.350,-4.129
19170,03/11/26 02:50:53 PM,1.67,4.01,262.5,6.094,48.574,1069.350,-3.926
19171,03/11/26 03:00:53 PM,3.01,5.68,256.9,7.059,46.285,1069.350,-3.684
19172,03/11/26 03:10:53 PM,2.67,4.68,276.6,6.416,47.947,1069.350,-3.803
19173,03/11/26 03:20:53 PM,3.01,5.01,280.8,5.805,49.796,1069.350,-3.862
19174,03/11/26 03:30:53 PM,2.34,4.01,263.9,5.775,50.217,1069.350,-3.778
19175,03/11/26 03:40:53 PM,2.34,3.67,290.6,5.775,50.695,1069.350,-3.651
19176,03/11/26 03:50:53 PM,2.67,4.34,263.9,5.775,51.160,1069.350,-3.529
19177,03/11/26 04:00:53 PM,2.34,3.67,279.4,5.598,51.598,1069.350,-3.580
19178,03/11/26 04:10:53 PM,2.67,4.01,272.4,5.633,52.387,1069.350,-3.344
19179,03/11/26 04:20:53 PM,2.34,3.67,282.2,5.636,52.558,1069.350,-3.298
19180,03/11/26 04:30:53 PM,2.34,3.67,290.6,5.593,52.747,1069.350,-3.290
19181,03/11/26 04:40:53 PM,2.34,4.01,294.8,5.496,53.790,1069.350,-3.118
19182,03/11/26 04:50:53 PM,2.34,3.67,307.5,5.488,54.603,1069.350,-2.924
19183,03/11/26 05:00:53 PM,2.34,3.67,317.3,5.386,54.742,1069.350,-2.985
19184,03/11/26 05:10:53 PM,3.01,4.01,318.7,5.435,54.882,1069.350,-2.905
19185,03/11/26 05:20:53 PM,2.67,4.34,335.5,5.751,54.603,1069.350,-2.678
19186,03/11/26 05:30:53 PM,2.67,4.34,338.3,6.000,53.898,1069.350,-2.621
19187,03/11/26 05:40:53 PM,2.34,3.67,329.9,6.035,53.805,1069.350,-2.612
19188,03/11/26 05:50:53 PM,2.34,3.67,334.1,5.641,54.316,1069.350,-2.852
19189,03/11/26 06:00:53 PM,2.34,3.34,335.5,5.445,54.984,1069.350,-2.871
19190,03/11/26 06:10:53 PM,2.34,3.67,328.5,5.349,55.247,1069.350,-2.896
19191,03/11/26 06:20:53 PM,2.34,3.67,334.1,5.263,55.718,1069.350,-2.863
19192,03/11/26 06:30:53 PM,2.00,3.34,335.5,5.217,55.853,1069.350,-2.873
19193,03/11/26 06:40:53 PM,1.34,2.34,328.5,5.215,55.833,1069.350,-2.880
19194,03/11/26 06:50:53 PM,0.33,1.34,317.3,5.172,56.403,1069.350,-2.784
19195,03/11/26 07:00:53 PM,1.00,1.67,306.1,5.046,57.482,1069.350,-2.647
19196,03/11/26 07:10:53 PM,0.67,1.34,310.3,4.821,58.343,1069.350,-2.658
19197,03/11/26 07:20:53 PM,0.67,1.00,310.3,4.362,60.232,1069.350,-2.662
19198,03/11/26 07:30:53 PM,1.00,1.34,279.4,3.762,62.811,1069.350,-2.666
19199,03/11/26 07:40:53 PM,0.33,1.34,258.3,3.089,65.580,1069.350,-2.726
19200,03/11/26 07:50:53 PM,1.00,1.67,261.1,2.874,65.330,1069.350,-2.982
19201,03/11/26 08:00:53 PM,0.67,1.34,296.2,2.794,65.258,1069.350,-3.073
19202,03/11/26 08:10:53 PM,0.67,1.67,255.5,2.609,65.939,1069.350,-3.111
19203,03/11/26 08:20:53 PM,0.00,0.67,220.4,1.810,69.610,1069.350,-3.149
19204,03/11/26 08:30:53 PM,0.00,0.00,220.4,1.724,70.309,1069.350,-3.098
19205,03/11/26 08:40:53 PM,0.00,0.00,285.0,1.595,71.443,1069.350,-3.008
19206,03/11/26 08:50:53 PM,0.00,0.00,311.7,1.791,70.483,1069.350,-3.001
19207,03/11/26 09:00:53 PM,0.00,0.00,311.7,2.191,68.679,1069.350,-2.964
19208,03/11/26 09:10:53 PM,0.00,0.00,311.7,2.089,69.731,1069.350,-2.858
19209,03/11/26 09:20:53 PM,0.00,0.00,311.7,2.164,69.046,1069.350,-2.919
19210,03/11/26 09:30:53 PM,0.00,0.00,311.7,2.368,68.075,1069.350,-2.913
19211,03/11/26 09:40:53 PM,0.00,0.00,311.7,2.301,69.125,1069.350,-2.772
19212,03/11/26 09:50:53 PM,0.33,1.34,306.1,2.598,68.217,1069.350,-2.665
19213,03/11/26 10:00:53 PM,0.33,1.00,297.6,2.421,69.725,1069.350,-2.540
19214,03/11/26 10:10:53 PM,0.00,0.67,297.6,2.711,67.773,1069.350,-2.645
19215,03/11/26 10:20:53 PM,0.33,1.00,297.6,2.244,71.334,1069.350,-2.403
19216,03/11/26 10:30:53 PM,0.00,0.00,297.6,2.571,69.154,1069.350,-2.507
19217,03/11/26 10:40:53 PM,0.00,1.34,299.0,2.767,69.326,1069.350,-2.286
19218,03/11/26 10:50:53 PM,0.67,1.67,311.7,2.853,69.233,1069.350,-2.221
19219,03/11/26 11:00:53 PM,1.00,2.67,228.8,4.298,63.299,1069.350,-2.053
19220,03/11/26 11:10:53 PM,1.67,2.67,242.9,4.577,62.312,1069.350,-2.001
19221,03/11/26 11:20:53 PM,0.67,1.67,294.8,4.740,61.608,1069.350,-2.000
19222,03/11/26 11:30:53 PM,0.67,1.34,308.9,4.673,62.084,1069.350,-1.959
19223,03/11/26 11:40:53 PM,1.34,3.01,341.2,4.137,65.571,1069.350,-1.728
19224,03/11/26 11:50:53 PM,0.67,1.34,342.6,4.341,64.515,1069.350,-1.754
19225,03/12/26 12:00:53 AM,0.33,0.67,338.3,4.545,63.375,1069.350,-1.802
19226,03/12/26 12:10:53 AM,0.67,2.34,258.3,4.043,66.319,1069.350,-1.664
19227,03/12/26 12:20:53 AM,0.67,1.34,205.0,2.689,72.519,1069.350,-1.751
19228,03/12/26 12:30:53 AM,0.33,1.00,226.0,2.512,74.144,1069.350,-1.622
19229,03/12/26 12:40:53 AM,0.67,1.67,42.1,2.408,75.657,1069.350,-1.448
19230,03/12/26 12:50:53 AM,0.67,1.34,40.7,2.660,73.907,1069.350,-1.522
19231,03/12/26 01:00:53 AM,0.00,0.33,28.1,2.947,71.675,1069.350,-1.661
19232,03/12/26 01:10:53 AM,0.00,0.00,129.2,2.743,73.533,1069.350,-1.511
19233,03/12/26 01:20:53 AM,1.00,1.34,249.9,2.158,76.777,1069.350,-1.491
19234,03/12/26 01:30:53 AM,1.00,1.67,258.3,1.963,77.717,1069.350,-1.515
19235,03/12/26 01:40:53 AM,1.00,1.34,262.5,2.266,76.156,1069.350,-1.496
19236,03/12/26 01:50:53 AM,1.00,1.67,273.8,2.448,74.836,1069.350,-1.557
19237,03/12/26 02:00:53 AM,1.00,2.34,268.1,2.330,75.169,1069.350,-1.611
19238,03/12/26 02:10:53 AM,1.34,2.00,292.0,2.078,77.024,1069.350,-1.525
19239,03/12/26 02:20:53 AM,1.67,2.34,258.3,2.456,75.599,1069.350,-1.412
19240,03/12/26 02:30:53 AM,1.34,2.00,272.4,1.885,78.676,1069.350,-1.424
19241,03/12/26 02:40:53 AM,1.34,2.34,283.6,2.175,77.379,1069.350,-1.368
19242,03/12/26 02:50:53 AM,1.00,1.67,268.1,2.732,75.113,1069.350,-1.232
19243,03/12/26 03:00:53 AM,1.34,1.67,256.9,2.821,74.818,1069.350,-1.199
19244,03/12/26 03:10:53 AM,1.34,2.00,252.7,3.049,74.203,1069.350,-1.091
19245,03/12/26 03:20:53 AM,1.67,2.00,262.5,2.432,77.882,1069.350,-1.030
19246,03/12/26 03:30:53 AM,1.67,2.34,252.7,2.400,78.460,1069.350,-0.960
19247,03/12/26 03:40:53 AM,1.67,2.34,249.9,2.295,78.746,1069.350,-1.013
19248,03/12/26 03:50:53 AM,1.34,2.00,287.8,1.906,80.908,1069.350,-1.023
19249,03/12/26 04:00:53 AM,1.00,2.00,297.6,2.274,79.034,1069.350,-0.983
19250,03/12/26 04:10:53 AM,1.00,2.00,290.6,2.708,76.831,1069.350,-0.947
19251,03/12/26 04:20:53 AM,0.67,1.67,238.7,2.164,79.825,1069.350,-0.955
19252,03/12/26 04:30:53 AM,0.33,1.00,234.5,1.960,81.619,1069.350,-0.850
19253,03/12/26 04:40:53 AM,0.00,0.00,234.5,2.124,80.748,1069.350,-0.837
19254,03/12/26 04:50:53 AM,0.00,0.00,234.5,2.330,78.820,1069.350,-0.966
19255,03/12/26 05:00:53 AM,0.00,0.00,234.5,2.362,78.730,1069.350,-0.950
19256,03/12/26 05:10:53 AM,0.33,1.34,254.1,2.370,78.715,1069.350,-0.945
19257,03/12/26 05:20:53 AM,0.67,2.34,294.8,2.528,78.029,1069.350,-0.911
19258,03/12/26 05:30:53 AM,1.67,7.35,314.5,2.933,76.182,1069.350,-0.844
19259,03/12/26 05:40:53 AM,5.34,9.68,282.2,6.365,61.599,1069.350,-0.464
19260,03/12/26 05:50:53 AM,8.02,11.69,283.6,7.805,52.558,1069.350,-1.283
19261,03/12/26 06:00:53 AM,7.68,13.02,278.0,7.960,50.474,1069.350,-1.689
19262,03/12/26 06:10:53 AM,8.68,16.03,292.0,8.148,49.693,1069.350,-1.727
19263,03/12/26 06:20:53 AM,6.35,11.35,299.0,8.062,49.162,1069.350,-1.952
19264,03/12/26 06:30:53 AM,6.01,9.35,301.8,7.671,50.832,1069.350,-1.860
19265,03/12/26 06:40:53 AM,4.68,6.68,299.0,7.083,53.581,1069.350,-1.692
19266,03/12/26 06:50:53 AM,3.34,5.34,287.8,6.724,54.861,1069.350,-1.706
19267,03/12/26 07:00:53 AM,3.01,4.68,282.2,6.593,55.418,1069.350,-1.692
19268,03/12/26 07:10:53 AM,2.67,4.01,273.8,6.386,56.577,1069.350,-1.605
19269,03/12/26 07:20:53 AM,2.67,4.68,268.1,6.161,57.469,1069.350,-1.603
19270,03/12/26 07:30:53 AM,2.34,4.01,262.5,5.877,58.785,1069.350,-1.563
19271,03/12/26 07:40:53 AM,2.34,3.67,262.5,5.708,59.295,1069.350,-1.605
19272,03/12/26 07:50:53 AM,3.01,4.68,268.1,5.995,57.496,1069.350,-1.753
19273,03/12/26 08:00:53 AM,3.34,5.34,269.6,6.132,56.492,1069.350,-1.863
19274,03/12/26 08:10:53 AM,4.01,6.35,280.8,6.671,53.033,1069.350,-2.215
19275,03/12/26 08:20:53 AM,4.68,7.01,280.8,7.059,50.748,1069.350,-2.449
19276,03/12/26 08:30:53 AM,5.34,8.35,279.4,7.298,49.702,1069.350,-2.509
19277,03/12/26 08:40:53 AM,5.34,10.02,279.4,7.376,48.975,1069.350,-2.635
19278,03/12/26 08:50:53 AM,5.68,11.02,276.6,7.368,48.811,1069.350,-2.688
19279,03/12/26 09:00:53 AM,6.01,10.02,282.2,7.397,48.263,1069.350,-2.813
19280,03/12/26 09:10:53 AM,6.35,9.35,289.2,7.451,48.278,1069.350,-2.759
19281,03/12/26 09:20:53 AM,6.01,8.68,290.6,7.488,47.782,1069.350,-2.864
19282,03/12/26 09:30:53 AM,6.01,9.02,287.8,7.461,47.770,1069.350,-2.892
19283,03/12/26 09:40:53 AM,6.01,9.68,290.6,7.448,48.177,1069.350,-2.790
19284,03/12/26 09:50:53 AM,6.68,10.02,289.2,7.470,48.035,1069.350,-2.810
19285,03/12/26 10:00:53 AM,6.35,10.35,282.2,7.545,48.312,1069.350,-2.663
19286,03/12/26 10:10:53 AM,7.35,11.35,275.2,7.665,47.678,1069.350,-2.731
19287,03/12/26 10:20:53 AM,7.68,13.02,276.6,7.692,48.772,1069.350,-2.400
19288,03/12/26 10:30:53 AM,7.68,11.69,271.0,7.724,48.739,1069.350,-2.380
19289,03/12/26 10:40:53 AM,7.68,12.02,273.8,7.952,48.605,1069.350,-2.207
19290,03/12/26 10:50:53 AM,8.35,14.03,275.2,8.242,49.171,1069.350,-1.783
19291,03/12/26 11:00:53 AM,8.35,12.36,272.4,8.317,49.561,1069.350,-1.607
19292,03/12/26 11:10:53 AM,9.68,14.36,271.0,8.338,50.530,1069.350,-1.324
19293,03/12/26 11:20:53 AM,8.68,12.36,275.2,8.352,51.249,1069.350,-1.119
19294,03/12/26 11:30:53 AM,9.02,13.69,279.4,8.180,51.171,1069.350,-1.299
19295,03/12/26 11:40:53 AM,7.35,10.69,273.8,8.394,50.094,1069.350,-1.391
19296,03/12/26 11:50:53 AM,7.35,12.69,283.6,8.713,50.014,1069.350,-1.118
19297,03/12/26 12:00:53 PM,8.02,12.02,280.8,9.110,49.662,1069.350,-0.848
19298,03/12/26 12:10:53 PM,8.35,12.36,279.4,9.437,49.091,1069.350,-0.705
19299,03/12/26 12:20:53 PM,8.35,12.36,280.8,10.539,48.605,1069.350,0.173
19300,03/12/26 12:30:53 PM,9.02,14.03,285.0,10.421,49.079,1069.350,0.198
19301,03/12/26 12:40:53 PM,9.35,14.36,292.0,10.389,49.769,1069.350,0.361
19302,03/12/26 12:50:53 PM,9.68,13.36,289.2,10.271,50.150,1069.350,0.358
19303,03/12/26 01:00:53 PM,8.35,13.69,283.6,10.853,50.764,1069.350,1.064
19304,03/12/26 01:10:53 PM,8.68,12.36,287.8,10.738,50.887,1069.350,0.991
19305,03/12/26 01:20:53 PM,8.35,12.69,279.4,10.357,52.525,1069.350,1.078
19306,03/12/26 01:30:53 PM,8.35,11.69,290.6,10.113,52.750,1069.350,0.911
19307,03/12/26 01:40:53 PM,7.68,11.35,283.6,9.821,53.265,1069.350,0.774
19308,03/12/26 01:50:53 PM,8.35,12.36,292.0,9.995,53.283,1069.350,0.941
19309,03/12/26 02:00:53 PM,8.68,12.69,294.8,10.113,53.050,1069.350,0.989
19310,03/12/26 02:10:53 PM,8.02,12.69,296.2,10.488,52.122,1069.350,1.092
19311,03/12/26 02:20:53 PM,6.68,10.35,290.6,10.657,52.026,1069.350,1.223
19312,03/12/26 02:30:53 PM,6.68,10.02,297.6,10.185,53.178,1069.350,1.090
19313,03/12/26 02:40:53 PM,6.01,9.35,293.4,10.110,53.330,1069.350,1.060
19314,03/12/26 02:50:53 PM,5.68,9.35,299.0,10.110,53.089,1069.350,0.997
19315,03/12/26 03:00:53 PM,6.68,9.35,294.8,10.250,52.451,1069.350,0.959
19316,03/12/26 03:10:53 PM,6.01,10.02,290.6,10.271,52.428,1069.350,0.972
19317,03/12/26 03:20:53 PM,6.35,9.35,289.2,10.089,52.496,1069.350,0.822
19318,03/12/26 03:30:53 PM,6.68,10.02,280.8,10.142,52.558,1069.350,0.887
19319,03/12/26 03:40:53 PM,6.01,8.68,271.0,10.057,52.956,1069.350,0.913
19320,03/12/26 03:50:53 PM,6.01,9.35,286.4,10.121,53.391,1069.350,1.086
19321,03/12/26 04:00:53 PM,6.35,9.35,285.0,10.024,53.538,1069.350,1.034
19322,03/12/26 04:10:53 PM,6.35,9.68,286.4,9.947,53.788,1069.350,1.027
19323,03/12/26 04:20:53 PM,6.35,9.68,286.4,9.979,53.971,1069.350,1.104
19324,03/12/26 04:30:53 PM,5.68,8.02,285.0,10.260,53.837,1069.350,1.331
19325,03/12/26 04:40:53 PM,5.34,8.35,293.4,10.129,54.638,1069.350,1.414
19326,03/12/26 04:50:53 PM,5.01,8.68,306.1,9.799,55.665,1069.350,1.366
19327,03/12/26 05:00:53 PM,4.34,6.01,313.1,9.416,56.445,1069.350,1.201
19328,03/12/26 05:10:53 PM,4.01,6.35,310.3,9.327,57.203,1069.350,1.303
19329,03/12/26 05:20:53 PM,3.67,5.34,306.1,9.244,57.957,1069.350,1.408
19330,03/12/26 05:30:53 PM,3.01,4.68,307.5,9.175,58.618,1069.350,1.501
19331,03/12/26 05:40:53 PM,3.67,5.34,304.7,9.161,58.544,1069.350,1.470
19332,03/12/26 05:50:53 PM,3.01,4.68,303.2,9.091,59.539,1069.350,1.639
19333,03/12/26 06:00:53 PM,2.67,4.01,299.0,9.059,60.075,1069.350,1.734
19334,03/12/26 06:10:53 PM,2.67,4.01,292.0,9.016,60.488,1069.350,1.789
19335,03/12/26 06:20:53 PM,3.01,4.34,300.4,8.888,61.305,1069.350,1.856
19336,03/12/26 06:30:53 PM,2.67,4.01,278.0,8.933,61.651,1069.350,1.977
19337,03/12/26 06:40:53 PM,3.01,6.35,272.4,9.049,61.364,1069.350,2.022
19338,03/12/26 06:50:53 PM,3.34,5.34,300.4,8.869,62.664,1069.350,2.145
19339,03/12/26 07:00:53 PM,3.34,5.01,304.7,8.461,64.068,1069.350,2.068
19340,03/12/26 07:10:53 PM,4.01,7.35,300.4,8.668,63.693,1069.350,2.182
19341,03/12/26 07:20:53 PM,4.68,7.01,279.4,9.134,62.306,1069.350,2.316
19342,03/12/26 07:30:53 PM,4.01,6.01,273.8,9.057,62.750,1069.350,2.342
19343,03/12/26 07:40:53 PM,3.67,5.34,273.8,8.877,63.505,1069.350,2.339
19344,03/12/26 07:50:53 PM,3.34,5.34,278.0,8.671,64.450,1069.350,2.351
19345,03/12/26 08:00:53 PM,3.67,6.01,279.4,8.668,64.187,1069.350,2.291
19346,03/12/26 08:10:53 PM,3.01,5.01,293.4,8.547,64.871,1069.350,2.324
19347,03/12/26 08:20:53 PM,3.67,5.68,306.1,8.352,65.687,1069.350,2.314
19348,03/12/26 08:30:53 PM,4.34,7.68,292.0,8.435,65.148,1069.350,2.278
19349,03/12/26 08:40:53 PM,5.34,8.35,283.6,9.175,61.830,1069.350,2.247
19350,03/12/26 08:50:53 PM,4.34,7.68,282.2,9.156,61.733,1069.350,2.207
19351,03/12/26 09:00:53 PM,4.34,7.35,292.0,8.684,64.646,1069.350,2.406
19352,03/12/26 09:10:53 PM,4.01,6.01,276.6,8.786,63.706,1069.350,2.297
19353,03/12/26 09:20:53 PM,6.35,10.35,276.6,9.357,60.818,1069.350,2.187
19354,03/12/26 09:30:53 PM,9.02,15.03,276.6,9.129,63.798,1069.350,2.643
19355,03/12/26 09:40:53 PM,9.35,14.03,276.6,8.480,67.948,1069.350,2.913
19356,03/12/26 09:50:53 PM,8.68,12.69,290.6,8.593,66.365,1069.350,2.688
19357,03/12/26 10:00:53 PM,8.02,11.69,292.0,8.762,64.500,1069.350,2.448
19358,03/12/26 10:10:53 PM,7.01,9.35,310.3,8.762,64.152,1069.350,2.372
19359,03/12/26 10:20:53 PM,6.35,9.02,304.7,8.668,64.425,1069.350,2.343
19360,03/12/26 10:30:53 PM,7.01,10.02,292.0,9.140,61.042,1069.350,2.034
19361,03/12/26 10:40:53 PM,6.68,10.02,287.8,9.185,60.244,1069.350,1.892
19362,03/12/26 10:50:53 PM,8.35,12.02,292.0,9.145,60.868,1069.350,1.999
19363,03/12/26 11:00:53 PM,8.35,13.36,290.6,9.070,60.931,1069.350,1.942
19364,03/12/26 11:10:53 PM,7.68,12.02,289.2,8.931,61.506,1069.350,1.942
19365,03/12/26 11:20:53 PM,7.01,10.69,289.2,8.877,61.111,1069.350,1.801
19366,03/12/26 11:30:53 PM,7.68,12.02,289.2,9.073,59.500,1069.350,1.613
19367,03/12/26 11:40:53 PM,7.01,12.36,286.4,9.145,58.824,1069.350,1.522
19368,03/12/26 11:50:53 PM,6.68,11.35,283.6,9.191,58.602,1069.350,1.512
19369,03/13/26 12:00:53 AM,7.35,11.69,283.6,9.255,57.908,1069.350,1.406
19370,03/13/26 12:10:53 AM,7.68,11.69,286.4,9.164,58.521,1069.350,1.467
19371,03/13/26 12:20:53 AM,7.68,11.69,285.0,9.075,59.478,1069.350,1.610
19372,03/13/26 12:30:53 AM,8.02,11.69,285.0,8.992,59.892,1069.350,1.628
19373,03/13/26 12:40:53 AM,7.68,11.35,287.8,8.770,60.610,1069.350,1.585
19374,03/13/26 12:50:53 AM,6.35,9.35,289.2,8.429,61.688,1069.350,1.509
19375,03/13/26 01:00:53 AM,6.01,8.35,287.8,7.982,63.522,1069.350,1.494
19376,03/13/26 01:10:53 AM,6.35,9.68,287.8,8.027,62.580,1069.350,1.328
19377,03/13/26 01:20:53 AM,5.68,8.35,286.4,7.869,62.588,1069.350,1.180
19378,03/13/26 01:30:53 AM,5.68,9.02,287.8,8.062,62.202,1069.350,1.277
19379,03/13/26 01:40:53 AM,5.34,9.68,286.4,8.169,62.501,1069.350,1.445
19380,03/13/26 01:50:53 AM,4.68,7.35,287.8,8.033,63.359,1069.350,1.506
19381,03/13/26 02:00:53 AM,5.01,8.35,289.2,8.132,63.261,1069.350,1.579
19382,03/13/26 02:10:53 AM,6.01,11.35,293.4,8.384,62.434,1069.350,1.634
19383,03/13/26 02:20:53 AM,6.68,10.69,300.4,8.319,62.805,1069.350,1.655
19384,03/13/26 02:30:53 AM,5.01,8.02,299.0,7.759,65.687,1069.350,1.749
19385,03/13/26 02:40:53 AM,5.34,8.35,301.8,7.279,67.449,1069.350,1.660
19386,03/13/26 02:50:53 AM,5.34,7.35,297.6,6.807,69.151,1069.350,1.556
19387,03/13/26 03:00:53 AM,5.34,7.68,293.4,6.912,67.765,1069.350,1.375
19388,03/13/26 03:10:53 AM,5.01,7.35,289.2,7.054,65.728,1069.350,1.086
19389,03/13/26 03:20:53 AM,5.34,8.02,293.4,7.113,65.336,1069.350,1.059
19390,03/13/26 03:30:53 AM,5.34,7.68,296.2,7.167,64.486,1069.350,0.929
19391,03/13/26 03:40:53 AM,5.68,9.02,300.4,7.000,64.988,1069.350,0.877
19392,03/13/26 03:50:53 AM,5.68,8.02,299.0,6.850,65.481,1069.350,0.839
19393,03/13/26 04:00:53 AM,6.01,8.68,299.0,6.880,65.075,1069.350,0.781
19394,03/13/26 04:10:53 AM,6.01,8.68,294.8,7.078,64.016,1069.350,0.743
19395,03/13/26 04:20:53 AM,5.68,8.68,297.6,7.059,63.946,1069.350,0.709
19396,03/13/26 04:30:53 AM,5.34,8.02,296.2,6.968,63.990,1069.350,0.632
19397,03/13/26 04:40:53 AM,5.68,8.35,293.4,7.065,63.725,1069.350,0.667
19398,03/13/26 04:50:53 AM,5.68,8.02,292.0,7.303,63.119,1069.350,0.761
19399,03/13/26 05:00:53 AM,5.34,8.35,296.2,7.751,61.419,1069.350,0.807
19400,03/13/26 05:10:53 AM,6.01,8.68,300.4,7.923,60.928,1069.350,0.858
19401,03/13/26 05:20:53 AM,6.01,8.35,301.8,7.901,60.865,1069.350,0.823
19402,03/13/26 05:30:53 AM,5.68,8.35,301.8,7.839,60.735,1069.350,0.735
19403,03/13/26 05:40:53 AM,5.68,7.68,300.4,7.775,60.645,1069.350,0.654
19404,03/13/26 05:50:53 AM,5.01,7.01,300.4,7.604,61.277,1069.350,0.636
19405,03/13/26 06:00:53 AM,5.34,7.01,300.4,7.504,61.773,1069.350,0.653
19406,03/13/26 06:10:53 AM,5.68,8.35,301.8,7.523,61.343,1069.350,0.574
19407,03/13/26 06:20:53 AM,5.34,7.35,299.0,7.325,61.633,1069.350,0.452
19408,03/13/26 06:30:53 AM,5.68,7.68,297.6,7.191,61.917,1069.350,0.389
19409,03/13/26 06:40:53 AM,5.34,7.68,299.0,7.102,61.997,1069.350,0.322
19410,03/13/26 06:50:53 AM,5.01,8.02,297.6,6.917,62.570,1069.350,0.274
19411,03/13/26 07:00:53 AM,5.34,7.68,297.6,6.896,62.602,1069.350,0.261
19412,03/13/26 07:10:53 AM,5.01,7.01,296.2,6.915,62.562,1069.350,0.270
19413,03/13/26 07:20:53 AM,5.01,7.68,294.8,6.923,62.489,1069.350,0.262
19414,03/13/26 07:30:53 AM,5.34,8.02,293.4,7.089,62.031,1069.350,0.317
19415,03/13/26 07:40:53 AM,5.68,8.02,297.6,7.148,61.674,1069.350,0.294
19416,03/13/26 07:50:53 AM,5.34,7.35,294.8,7.105,61.514,1069.350,0.217
19417,03/13/26 08:00:53 AM,5.34,7.01,294.8,7.067,61.622,1069.350,0.205
19418,03/13/26 08:10:53 AM,5.34,6.68,290.6,6.992,61.848,1069.350,0.185
19419,03/13/26 08:20:53 AM,5.68,8.02,289.2,7.317,60.327,1069.350,0.149
19420,03/13/26 08:30:53 AM,5.68,7.68,287.8,7.491,59.706,1069.350,0.170
19421,03/13/26 08:40:53 AM,6.35,9.35,289.2,7.888,58.202,1069.350,0.192
19422,03/13/26 08:50:53 AM,6.68,9.68,289.2,8.598,55.271,1069.350,0.145
19423,03/13/26 09:00:53 AM,7.35,10.02,289.2,9.083,52.807,1069.350,-0.031
19424,03/13/26 09:10:53 AM,8.02,11.02,286.4,9.370,51.141,1069.350,-0.206
19425,03/13/26 09:20:53 AM,6.68,10.02,292.0,9.510,50.986,1069.350,-0.118
19426,03/13/26 09:30:53 AM,7.68,11.69,287.8,9.689,49.677,1069.350,-0.310
19427,03/13/26 09:40:53 AM,8.02,12.36,287.8,9.767,48.705,1069.350,-0.509
19428,03/13/26 09:50:53 AM,8.02,12.36,283.6,9.874,48.093,1069.350,-0.584
19429,03/13/26 10:00:53 AM,7.68,10.69,283.6,9.864,47.958,1069.350,-0.632
19430,03/13/26 10:10:53 AM,7.35,11.02,282.2,10.250,47.335,1069.350,-0.456
19431,03/13/26 10:20:53 AM,7.68,12.36,282.2,10.539,46.361,1069.350,-0.477
19432,03/13/26 10:30:53 AM,7.35,11.69,275.2,11.196,45.202,1069.350,-0.224
19433,03/13/26 10:40:53 AM,8.35,13.02,280.8,11.504,43.859,1069.350,-0.358
19434,03/13/26 10:50:53 AM,8.02,11.69,287.8,11.582,44.010,1069.350,-0.240
19435,03/13/26 11:00:53 AM,8.02,12.02,289.2,11.673,43.850,1069.350,-0.207
19436,03/13/26 11:10:53 AM,7.35,11.02,282.2,11.368,43.738,1069.350,-0.520
19437,03/13/26 11:20:53 AM,7.68,11.69,285.0,11.585,43.481,1069.350,-0.403
19438,03/13/26 11:30:53 AM,8.02,12.36,286.4,11.124,43.287,1069.350,-0.883
19439,03/13/26 11:40:53 AM,7.68,11.35,287.8,11.587,43.090,1069.350,-0.525
19440,03/13/26 11:50:53 AM,8.02,11.35,290.6,11.590,43.165,1069.350,-0.499
19441,03/13/26 12:00:53 PM,7.35,11.02,282.2,11.604,43.217,1069.350,-0.470
19442,03/13/26 12:10:53 PM,7.01,10.35,286.4,11.470,43.381,1069.350,-0.539
19443,03/13/26 12:20:53 PM,6.68,9.68,283.6,11.566,43.587,1069.350,-0.387
19444,03/13/26 12:30:53 PM,6.68,10.35,272.4,11.641,43.099,1069.350,-0.474
19445,03/13/26 12:40:53 PM,6.68,10.02,280.8,11.550,42.818,1069.350,-0.646
19446,03/13/26 12:50:53 PM,6.68,10.35,266.7,11.759,42.602,1069.350,-0.526
19447,03/13/26 01:00:53 PM,7.01,11.02,283.6,11.668,42.066,1069.350,-0.781
19448,03/13/26 01:10:53 PM,6.68,9.35,283.6,11.995,42.023,1069.350,-0.500
19449,03/13/26 01:20:53 PM,7.35,11.35,280.8,11.963,41.704,1069.350,-0.633
19450,03/13/26 01:30:53 PM,7.35,10.69,272.4,12.105,40.861,1069.350,-0.784
19451,03/13/26 01:40:53 PM,8.02,12.02,283.6,12.161,39.500,1069.350,-1.196
19452,03/13/26 01:50:53 PM,8.35,13.02,272.4,12.167,38.047,1069.350,-1.701
19453,03/13/26 02:00:53 PM,7.68,10.69,272.4,12.113,38.140,1069.350,-1.716
19454,03/13/26 02:10:53 PM,7.68,11.02,279.4,12.510,38.082,1069.350,-1.382
19455,03/13/26 02:20:53 PM,8.02,11.35,282.2,12.266,37.331,1069.350,-1.870
19456,03/13/26 02:30:53 PM,8.02,12.36,294.8,12.142,37.974,1069.350,-1.749
19457,03/13/26 02:40:53 PM,7.01,10.02,290.6,12.180,38.424,1069.350,-1.555
19458,03/13/26 02:50:53 PM,7.01,10.02,283.6,12.035,37.636,1069.350,-1.966
19459,03/13/26 03:00:53 PM,7.35,10.69,292.0,12.180,36.988,1069.350,-2.071
19460,03/13/26 03:10:53 PM,7.35,11.02,290.6,12.301,36.542,1069.350,-2.128
19461,03/13/26 03:20:53 PM,7.68,11.69,297.6,12.124,36.426,1069.350,-2.328
19462,03/13/26 03:30:53 PM,6.68,10.35,299.0,11.941,37.511,1069.350,-2.095
19463,03/13/26 03:40:53 PM,6.01,10.02,307.5,11.571,38.032,1069.350,-2.238
19464,03/13/26 03:50:53 PM,6.35,9.35,307.5,11.507,37.862,1069.350,-2.356
19465,03/13/26 04:00:53 PM,5.01,8.02,304.7,11.523,38.749,1069.350,-2.029
19466,03/13/26 04:10:53 PM,4.68,7.35,294.8,11.692,37.670,1069.350,-2.260
19467,03/13/26 04:20:53 PM,5.01,8.02,296.2,11.762,37.316,1069.350,-2.325
19468,03/13/26 04:30:53 PM,5.68,8.35,301.8,11.537,37.334,1069.350,-2.519
19469,03/13/26 04:40:53 PM,5.01,8.02,292.0,11.655,37.072,1069.350,-2.508
19470,03/13/26 04:50:53 PM,4.34,6.35,294.8,11.775,37.298,1069.350,-2.319
19471,03/13/26 05:00:53 PM,5.34,7.35,283.6,11.625,37.211,1069.350,-2.485
19472,03/13/26 05:10:53 PM,4.68,7.68,289.2,11.424,38.370,1069.350,-2.250
19473,03/13/26 05:20:53 PM,4.01,6.01,296.2,11.118,39.878,1069.350,-2.004
19474,03/13/26 05:30:53 PM,4.34,6.35,297.6,10.987,39.963,1069.350,-2.093
19475,03/13/26 05:40:53 PM,3.67,6.01,286.4,11.041,40.421,1069.350,-1.890
19476,03/13/26 05:50:53 PM,3.67,6.01,293.4,10.960,40.949,1069.350,-1.787
19477,03/13/26 06:00:53 PM,4.01,6.68,292.0,10.681,41.317,1069.350,-1.917
19478,03/13/26 06:10:53 PM,4.01,5.68,287.8,10.429,42.213,1069.350,-1.854
19479,03/13/26 06:20:53 PM,3.34,5.01,286.4,10.258,42.885,1069.350,-1.795
19480,03/13/26 06:30:53 PM,2.67,5.01,275.2,10.132,43.952,1069.350,-1.576
19481,03/13/26 06:40:53 PM,3.67,6.35,294.8,10.301,43.189,1069.350,-1.660
19482,03/13/26 06:50:53 PM,4.34,6.01,313.1,9.990,43.931,1069.350,-1.712
19483,03/13/26 07:00:53 PM,3.34,4.68,304.7,9.673,45.667,1069.350,-1.474
19484,03/13/26 07:10:53 PM,3.67,6.35,308.9,9.590,45.423,1069.350,-1.623
19485,03/13/26 07:20:53 PM,3.01,4.34,306.1,9.341,46.299,1069.350,-1.591
19486,03/13/26 07:30:53 PM,2.00,3.67,293.4,8.866,48.338,1069.350,-1.441
19487,03/13/26 07:40:53 PM,1.67,2.67,273.8,8.488,49.047,1069.350,-1.591
19488,03/13/26 07:50:53 PM,1.34,2.34,245.7,7.896,50.991,1069.350,-1.610
19489,03/13/26 08:00:53 PM,1.67,2.34,248.5,7.121,52.982,1069.350,-1.809
19490,03/13/26 08:10:53 PM,1.67,2.34,256.9,6.727,55.491,1069.350,-1.549
19491,03/13/26 08:20:53 PM,1.34,2.00,242.9,6.317,56.979,1069.350,-1.573
19492,03/13/26 08:30:53 PM,1.67,3.01,219.0,5.845,59.962,1069.350,-1.323
19493,03/13/26 08:40:53 PM,2.67,3.67,221.8,6.212,58.975,1069.350,-1.203
19494,03/13/26 08:50:53 PM,1.67,2.67,286.4,5.869,59.701,1069.350,-1.360
19495,03/13/26 09:00:53 PM,1.67,2.34,252.7,6.263,57.208,1069.350,-1.569
19496,03/13/26 09:10:53 PM,2.34,3.01,230.2,6.239,56.913,1069.350,-1.662
19497,03/13/26 09:20:53 PM,2.00,2.67,238.7,5.901,57.613,1069.350,-1.813
19498,03/13/26 09:30:53 PM,2.00,3.01,237.3,5.579,58.640,1069.350,-1.877
19499,03/13/26 09:40:53 PM,1.67,2.67,269.6,5.628,58.164,1069.350,-1.941
19500,03/13/26 09:50:53 PM,0.67,1.34,310.3,5.124,59.112,1069.350,-2.197
19501,03/13/26 10:00:53 PM,1.34,2.34,265.3,5.654,56.512,1069.350,-2.306
19502,03/13/26 10:10:53 PM,1.00,2.00,269.6,4.904,60.647,1069.350,-2.058
19503,03/13/26 10:20:53 PM,1.00,2.00,261.1,4.577,61.968,1069.350,-2.076
19504,03/13/26 10:30:53 PM,1.00,2.34,248.5,4.587,63.206,1069.350,-1.798
19505,03/13/26 10:40:53 PM,0.67,2.00,265.3,4.577,63.513,1069.350,-1.742
19506,03/13/26 10:50:53 PM,2.67,4.01,287.8,6.697,54.044,1069.350,-1.935
19507,03/13/26 11:00:53 PM,2.34,3.34,255.5,7.150,52.039,1069.350,-2.025
19508,03/13/26 11:10:53 PM,2.34,3.34,266.7,6.850,53.054,1069.350,-2.043
19509,03/13/26 11:20:53 PM,2.34,3.67,290.6,7.923,49.895,1069.350,-1.880
19510,03/13/26 11:30:53 PM,2.34,4.34,290.6,8.231,49.775,1069.350,-1.628
19511,03/13/26 11:40:53 PM,1.67,2.34,228.8,7.024,53.823,1069.350,-1.686
19512,03/13/26 11:50:53 PM,2.00,3.34,247.1,6.362,56.364,1069.350,-1.678
19513,03/14/26 12:00:53 AM,1.67,3.34,282.2,6.016,58.422,1069.350,-1.516
19514,03/14/26 12:10:53 AM,1.67,2.67,252.7,5.853,59.203,1069.350,-1.489
19515,03/14/26 12:20:53 AM,2.00,3.01,262.5,6.301,57.592,1069.350,-1.443
19516,03/14/26 12:30:53 AM,1.67,2.34,256.9,6.376,57.209,1069.350,-1.463
19517,03/14/26 12:40:53 AM,2.34,3.34,226.0,6.239,58.175,1069.350,-1.364
19518,03/14/26 12:50:53 AM,2.34,3.67,237.3,6.067,58.297,1069.350,-1.497
19519,03/14/26 01:00:53 AM,2.00,2.67,279.4,5.944,59.031,1069.350,-1.443
19520,03/14/26 01:10:53 AM,2.00,3.01,268.1,6.663,55.666,1069.350,-1.566
19521,03/14/26 01:20:53 AM,2.00,3.01,252.7,6.392,56.550,1069.350,-1.605
19522,03/14/26 01:30:53 AM,2.00,2.67,234.5,5.378,61.128,1069.350,-1.502
19523,03/14/26 01:40:53 AM,2.34,3.34,231.6,5.427,60.734,1069.350,-1.544
19524,03/14/26 01:50:53 AM,2.67,3.67,234.5,5.274,60.758,1069.350,-1.683
19525,03/14/26 02:00:53 AM,2.34,3.01,265.3,4.915,62.579,1069.350,-1.622
19526,03/14/26 02:10:53 AM,2.67,3.34,251.3,5.668,59.948,1069.350,-1.493
19527,03/14/26 02:20:53 AM,2.00,2.67,248.5,5.389,62.090,1069.350,-1.280
19528,03/14/26 02:30:53 AM,2.00,2.67,238.7,4.802,64.987,1069.350,-1.216
19529,03/14/26 02:40:53 AM,1.67,2.34,240.1,4.448,66.465,1069.350,-1.247
19530,03/14/26 02:50:53 AM,1.67,2.34,248.5,5.014,63.607,1069.350,-1.307
19531,03/14/26 03:00:53 AM,2.00,3.01,263.9,5.711,60.418,1069.350,-1.347
19532,03/14/26 03:10:53 AM,3.01,5.01,280.8,7.226,54.350,1069.350,-1.365
19533,03/14/26 03:20:53 AM,3.67,5.01,286.4,8.215,50.378,1069.350,-1.479
19534,03/14/26 03:30:53 AM,3.34,4.34,282.2,8.100,50.405,1069.350,-1.578
19535,03/14/26 03:40:53 AM,3.01,4.68,287.8,8.003,50.666,1069.350,-1.598
19536,03/14/26 03:50:53 AM,2.67,4.68,278.0,7.719,51.376,1069.350,-1.672
19537,03/14/26 04:00:53 AM,2.00,3.01,258.3,6.925,54.253,1069.350,-1.670
19538,03/14/26 04:10:53 AM,2.34,3.34,266.7,6.475,55.737,1069.350,-1.724
19539,03/14/26 04:20:53 AM,3.01,4.68,278.0,7.231,52.322,1069.350,-1.877
19540,03/14/26 04:30:53 AM,3.34,5.34,283.6,7.365,51.142,1069.350,-2.061
19541,03/14/26 04:40:53 AM,3.67,5.68,285.0,7.590,49.467,1069.350,-2.303
19542,03/14/26 04:50:53 AM,3.01,4.34,266.7,7.140,50.730,1069.350,-2.379
19543,03/14/26 05:00:53 AM,3.34,5.68,285.0,7.183,49.949,1069.350,-2.548
19544,03/14/26 05:10:53 AM,3.34,5.01,275.2,7.322,49.059,1069.350,-2.662
19545,03/14/26 05:20:53 AM,4.01,7.01,279.4,7.526,47.193,1069.350,-2.996
19546,03/14/26 05:30:53 AM,5.68,8.02,280.8,7.928,45.003,1069.350,-3.265
19547,03/14/26 05:40:53 AM,5.01,8.68,278.0,7.920,46.976,1069.350,-2.696
19548,03/14/26 05:50:53 AM,5.01,8.68,271.0,7.933,48.391,1069.350,-2.284
19549,03/14/26 06:00:53 AM,5.68,11.02,273.8,7.872,48.470,1069.350,-2.318
19550,03/14/26 06:10:53 AM,6.68,10.69,275.2,7.874,47.700,1069.350,-2.532
19551,03/14/26 06:20:53 AM,7.01,11.35,279.4,7.767,49.708,1069.350,-2.074
19552,03/14/26 06:30:53 AM,9.68,13.69,278.0,6.713,66.355,1069.350,0.892
19553,03/14/26 06:40:53 AM,8.02,11.69,273.8,5.595,73.973,1069.350,1.328
19554,03/14/26 06:50:53 AM,6.01,12.02,280.8,5.585,72.749,1069.350,1.087
19555,03/14/26 07:00:53 AM,9.02,14.36,273.8,5.223,76.312,1069.350,1.401
19556,03/14/26 07:10:53 AM,7.35,12.36,279.4,4.885,80.981,1069.350,1.901
19557,03/14/26 07:20:53 AM,7.68,11.02,276.6,4.579,83.676,1069.350,2.059
19558,03/14/26 07:30:53 AM,7.35,12.36,276.6,4.062,86.537,1069.350,2.022
19559,03/14/26 07:40:53 AM,7.68,11.02,276.6,3.268,89.592,1069.350,1.724
19560,03/14/26 07:50:53 AM,6.68,11.02,272.4,2.904,91.450,1069.350,1.650
19561,03/14/26 08:00:53 AM,6.01,10.69,275.2,2.839,91.829,1069.350,1.643
19562,03/14/26 08:10:53 AM,6.01,9.68,279.4,2.775,92.282,1069.350,1.648
19563,03/14/26 08:20:53 AM,6.01,8.68,280.8,2.604,93.060,1069.350,1.596
19564,03/14/26 08:30:53 AM,6.01,11.02,289.2,2.545,93.553,1069.350,1.611
19565,03/14/26 08:40:53 AM,6.35,12.02,282.2,2.719,92.647,1069.350,1.648
19566,03/14/26 08:50:53 AM,6.01,8.68,275.2,2.807,92.399,1069.350,1.698
19567,03/14/26 09:00:53 AM,5.34,7.68,262.5,2.545,93.629,1069.350,1.622
19568,03/14/26 09:10:53 AM,5.34,9.02,272.4,2.239,95.082,1069.350,1.532
19569,03/14/26 09:20:53 AM,5.01,8.02,268.1,1.657,96.364,1069.350,1.139
19570,03/14/26 09:30:53 AM,5.34,9.35,269.6,1.435,97.145,1069.350,1.030
19571,03/14/26 09:40:53 AM,5.34,8.35,266.7,1.397,97.453,1069.350,1.036
19572,03/14/26 09:50:53 AM,4.68,7.01,269.6,1.148,97.942,1069.350,0.856
19573,03/14/26 10:00:53 AM,4.01,6.01,268.1,1.097,98.387,1069.350,0.868
19574,03/14/26 10:10:53 AM,4.01,6.01,269.6,1.282,98.492,1069.350,1.068
19575,03/14/26 10:20:53 AM,4.34,6.68,265.3,1.815,98.145,1069.350,1.552
19576,03/14/26 10:30:53 AM,4.68,7.01,263.9,2.183,97.804,1069.350,1.871
19577,03/14/26 10:40:53 AM,5.34,8.02,268.1,2.885,96.887,1069.350,2.440
19578,03/14/26 10:50:53 AM,5.68,8.35,266.7,3.400,95.975,1069.350,2.820
19579,03/14/26 11:00:53 AM,5.68,8.02,265.3,3.566,95.778,1069.350,2.957
19580,03/14/26 11:10:53 AM,5.01,7.68,263.9,3.850,96.007,1069.350,3.273
19581,03/14/26 11:20:53 AM,6.35,9.35,268.1,3.673,95.190,1069.350,2.976
19582,03/14/26 11:30:53 AM,7.01,10.69,266.7,3.644,95.476,1069.350,2.990
19583,03/14/26 11:40:53 AM,7.68,12.02,263.9,3.730,95.138,1069.350,3.025
19584,03/14/26 11:50:53 AM,7.68,11.69,268.1,3.858,95.723,1069.350,3.239
19585,03/14/26 12:00:53 PM,8.02,11.35,265.3,4.738,94.531,1069.350,3.938
19586,03/14/26 12:10:53 PM,8.68,12.36,269.6,5.703,93.072,1069.350,4.675
19587,03/14/26 12:20:53 PM,8.02,11.69,282.2,6.094,91.432,1069.350,4.809
19588,03/14/26 12:30:53 PM,8.02,13.02,273.8,6.995,88.177,1069.350,5.180
19589,03/14/26 12:40:53 PM,8.68,14.03,265.3,7.705,85.042,1069.350,5.358
19590,03/14/26 12:50:53 PM,9.02,14.69,263.9,7.992,83.079,1069.350,5.304
19591,03/14/26 01:00:53 PM,9.68,14.03,251.3,7.429,82.660,1069.350,4.680
19592,03/14/26 01:10:53 PM,9.35,16.70,259.7,5.982,88.812,1069.350,4.282
19593,03/14/26 01:20:53 PM,8.35,12.69,266.7,7.145,87.663,1069.350,5.243
19594,03/14/26 01:30:53 PM,7.68,12.69,268.1,7.199,85.064,1069.350,4.865
19595,03/14/26 01:40:53 PM,7.68,11.35,262.5,7.408,84.271,1069.350,4.936
19596,03/14/26 01:50:53 PM,11.02,18.70,261.1,8.217,78.535,1069.350,4.716
19597,03/14/26 02:00:53 PM,11.69,16.03,268.1,8.478,75.232,1069.350,4.355
19598,03/14/26 02:10:53 PM,9.35,13.69,285.0,9.038,72.399,1069.350,4.349
19599,03/14/26 02:20:53 PM,9.68,14.36,283.6,9.113,69.628,1069.350,3.865
19600,03/14/26 02:30:53 PM,10.35,16.03,287.8,9.402,64.858,1069.350,3.135
19601,03/14/26 02:40:53 PM,10.35,14.36,283.6,8.746,65.057,1069.350,2.554
19602,03/14/26 02:50:53 PM,10.69,15.70,283.6,7.780,65.878,1069.350,1.810
19603,03/14/26 03:00:53 PM,8.35,14.03,280.8,7.260,68.458,1069.350,1.850
19604,03/14/26 03:10:53 PM,8.68,13.02,271.0,7.089,68.957,1069.350,1.787
19605,03/14/26 03:20:53 PM,9.02,14.03,272.4,8.453,66.020,1069.350,2.481
19606,03/14/26 03:30:53 PM,10.02,14.69,271.0,8.019,65.254,1069.350,1.904
19607,03/14/26 03:40:53 PM,9.35,14.03,272.4,8.630,64.517,1069.350,2.327
19608,03/14/26 03:50:53 PM,10.69,15.36,279.4,7.303,66.497,1069.350,1.485
19609,03/14/26 04:00:53 PM,9.68,13.36,280.8,7.429,63.844,1069.350,1.039
19610,03/14/26 04:10:53 PM,10.69,15.70,287.8,7.968,60.787,1069.350,0.869
19611,03/14/26 04:20:53 PM,9.02,13.69,292.0,7.376,62.895,1069.350,0.781
19612,03/14/26 04:30:53 PM,8.68,14.36,286.4,7.212,62.182,1069.350,0.468
19613,03/14/26 04:40:53 PM,9.02,13.02,292.0,6.657,62.542,1069.350,0.021
19614,03/14/26 04:50:53 PM,9.02,14.69,290.6,6.443,61.314,1069.350,-0.454
19615,03/14/26 05:00:53 PM,10.02,16.03,285.0,6.483,59.023,1069.350,-0.937
19616,03/14/26 05:10:53 PM,10.02,15.36,279.4,6.360,58.085,1069.350,-1.271
19617,03/14/26 05:20:53 PM,8.02,13.02,294.8,6.306,59.278,1069.350,-1.045
19618,03/14/26 05:30:53 PM,9.68,16.36,296.2,5.697,58.235,1069.350,-1.860
19619,03/14/26 05:40:53 PM,8.68,13.36,301.8,5.754,57.035,1069.350,-2.088
19620,03/14/26 05:50:53 PM,9.68,16.70,301.8,5.073,56.963,1069.350,-2.744
19621,03/14/26 06:00:53 PM,10.02,15.36,300.4,4.697,55.001,1069.350,-3.565
19622,03/14/26 06:10:53 PM,10.69,18.03,293.4,4.464,53.173,1069.350,-4.233
19623,03/14/26 06:20:53 PM,8.35,12.36,303.2,4.035,53.477,1069.350,-4.557
19624,03/14/26 06:30:53 PM,9.02,13.36,297.6,3.510,51.821,1069.350,-5.460
19625,03/14/26 06:40:53 PM,7.35,12.02,294.8,2.960,51.614,1069.350,-6.023
19626,03/14/26 06:50:53 PM,8.68,13.02,304.7,2.469,49.937,1069.350,-6.908
19627,03/14/26 07:00:53 PM,7.68,11.02,303.2,2.250,47.872,1069.350,-7.656
19628,03/14/26 07:10:53 PM,8.02,12.36,300.4,2.175,46.070,1069.350,-8.219
19629,03/14/26 07:20:53 PM,8.02,14.03,294.8,1.931,44.311,1069.350,-8.940
19630,03/14/26 07:30:53 PM,9.02,15.70,299.0,1.730,40.557,1069.350,-10.244
19631,03/14/26 07:40:53 PM,9.68,15.36,292.0,1.381,39.477,1069.350,-10.899
19632,03/14/26 07:50:53 PM,8.35,12.36,292.0,0.995,39.309,1069.350,-11.300
19633,03/14/26 08:00:53 PM,8.35,14.36,296.2,0.735,39.036,1069.350,-11.621
19634,03/14/26 08:10:53 PM,8.02,12.69,297.6,0.376,39.829,1069.350,-11.694
19635,03/14/26 08:20:53 PM,7.35,10.69,293.4,0.116,41.678,1069.350,-11.364
19636,03/14/26 08:30:53 PM,6.35,9.35,290.6,-0.212,44.497,1069.350,-10.844
19637,03/14/26 08:40:53 PM,5.68,9.35,283.6,-0.474,46.960,1069.350,-10.408
19638,03/14/26 08:50:53 PM,5.68,7.68,286.4,-0.667,49.041,1069.350,-10.039
19639,03/14/26 09:00:53 PM,6.35,9.02,292.0,-0.780,50.620,1069.350,-9.743
19640,03/14/26 09:10:53 PM,7.01,11.69,293.4,-0.713,50.861,1069.350,-9.621
19641,03/14/26 09:20:53 PM,5.01,7.35,293.4,-1.209,54.499,1069.350,-9.206
19642,03/14/26 09:30:53 PM,7.68,11.02,299.0,-0.960,52.631,1069.350,-9.416
19643,03/14/26 09:40:53 PM,7.01,10.02,296.2,-1.056,52.924,1069.350,-9.435
19644,03/14/26 09:50:53 PM,6.01,9.02,290.6,-1.338,54.447,1069.350,-9.338
19645,03/14/26 10:00:53 PM,5.01,8.02,293.4,-1.686,56.164,1069.350,-9.270
19646,03/14/26 10:10:53 PM,5.34,7.68,292.0,-1.742,55.990,1069.350,-9.362
19647,03/14/26 10:20:53 PM,5.01,7.35,290.6,-1.906,55.343,1069.350,-9.663
19648,03/14/26 10:30:53 PM,4.68,7.68,294.8,-2.051,55.183,1069.350,-9.835
19649,03/14/26 10:40:53 PM,4.68,6.68,293.4,-2.150,54.983,1069.350,-9.974
19650,03/14/26 10:50:53 PM,4.34,6.35,299.0,-2.330,55.019,1069.350,-10.134
19651,03/14/26 11:00:53 PM,4.34,6.35,294.8,-2.388,54.868,1069.350,-10.223
19652,03/14/26 11:10:53 PM,4.34,6.35,294.8,-2.482,55.178,1069.350,-10.240
19653,03/14/26 11:20:53 PM,4.01,6.68,299.0,-2.608,55.351,1069.350,-10.319
19654,03/14/26 11:30:53 PM,4.34,6.01,300.4,-2.767,55.744,1069.350,-10.379
19655,03/14/26 11:40:53 PM,4.01,5.34,293.4,-3.163,58.033,1069.350,-10.244
19656,03/14/26 11:50:53 PM,4.01,5.68,289.2,-3.386,59.541,1069.350,-10.131
19657,03/15/26 12:00:53 AM,4.68,6.68,289.2,-3.351,59.542,1069.350,-10.098
19658,03/15/26 12:10:53 AM,4.68,6.35,286.4,-3.450,60.868,1069.350,-9.913
19659,03/15/26 12:20:53 AM,4.01,6.35,292.0,-3.681,62.022,1069.350,-9.895
19660,03/15/26 12:30:53 AM,4.34,6.01,294.8,-3.726,61.749,1069.350,-9.993
19661,03/15/26 12:40:53 AM,4.68,6.68,299.0,-3.568,60.487,1069.350,-10.104
19662,03/15/26 12:50:53 AM,4.68,7.01,303.2,-3.402,59.138,1069.350,-10.232
19663,03/15/26 01:00:53 AM,4.68,6.68,304.7,-3.330,58.724,1069.350,-10.253
19664,03/15/26 01:10:53 AM,4.34,6.68,303.2,-3.434,59.324,1069.350,-10.223
19665,03/15/26 01:20:53 AM,5.01,7.35,304.7,-3.313,58.335,1069.350,-10.320
19666,03/15/26 01:30:53 AM,5.01,7.68,303.2,-3.394,58.927,1069.350,-10.269
19667,03/15/26 01:40:53 AM,4.01,6.01,294.8,-3.638,60.269,1069.350,-10.216
19668,03/15/26 01:50:53 AM,3.01,5.01,280.8,-3.863,61.660,1069.350,-10.142
19669,03/15/26 02:00:53 AM,2.67,4.01,289.2,-4.056,62.818,1069.350,-10.090
19670,03/15/26 02:10:53 AM,1.34,3.01,308.9,-4.252,62.657,1069.350,-10.309
19671,03/15/26 02:20:53 AM,3.34,6.68,314.5,-3.734,58.070,1069.350,-10.774
19672,03/15/26 02:30:53 AM,3.01,5.01,303.2,-3.423,55.677,1069.350,-11.009
19673,03/15/26 02:40:53 AM,1.34,2.34,262.5,-3.831,57.346,1069.350,-11.023
19674,03/15/26 02:50:53 AM,1.00,2.00,272.4,-4.292,59.173,1069.350,-11.065
19675,03/15/26 03:00:53 AM,1.67,2.67,293.4,-4.834,61.633,1069.350,-11.068
19676,03/15/26 03:10:53 AM,1.67,2.67,272.4,-5.220,64.044,1069.350,-10.955
19677,03/15/26 03:20:53 AM,2.67,4.01,282.2,-5.308,65.394,1069.350,-10.777
19678,03/15/26 03:30:53 AM,3.34,4.34,301.8,-5.048,65.026,1069.350,-10.600
19679,03/15/26 03:40:53 AM,3.67,5.68,306.1,-4.536,62.469,1069.350,-10.616
19680,03/15/26 03:50:53 AM,3.01,4.68,296.2,-4.453,61.906,1069.350,-10.651
19681,03/15/26 04:00:53 AM,2.00,3.34,292.0,-5.233,64.977,1069.350,-10.786
19682,03/15/26 04:10:53 AM,1.67,2.67,313.1,-5.482,66.145,1069.350,-10.801
19683,03/15/26 04:20:53 AM,1.34,2.34,310.3,-5.750,67.791,1069.350,-10.749
19684,03/15/26 04:30:53 AM,1.34,2.00,282.2,-6.394,70.204,1069.350,-10.929
19685,03/15/26 04:40:53 AM,1.00,1.67,268.1,-7.142,74.337,1069.350,-10.935
19686,03/15/26 04:50:53 AM,1.67,2.67,278.0,-6.490,72.280,1069.350,-10.656
19687,03/15/26 05:00:53 AM,2.34,4.01,300.4,-5.691,68.780,1069.350,-10.510
19688,03/15/26 05:10:53 AM,2.34,3.01,313.1,-5.675,67.254,1069.350,-10.777
19689,03/15/26 05:20:53 AM,2.34,3.34,313.1,-6.008,68.334,1069.350,-10.896
19690,03/15/26 05:30:53 AM,2.67,3.34,315.9,-6.260,68.931,1069.350,-11.029
19691,03/15/26 05:40:53 AM,3.34,4.34,314.5,-5.649,66.183,1069.350,-10.953
19692,03/15/26 05:50:53 AM,3.01,4.01,321.5,-5.163,63.590,1069.350,-10.990
19693,03/15/26 06:00:53 AM,2.67,3.34,311.7,-5.630,65.496,1069.350,-11.066
19694,03/15/26 06:10:53 AM,2.67,3.34,311.7,-6.051,67.904,1069.350,-11.017
19695,03/15/26 06:20:53 AM,2.00,2.67,301.8,-6.777,71.571,1069.350,-11.057
19696,03/15/26 06:30:53 AM,2.34,2.67,301.8,-6.992,72.705,1069.350,-11.068
19697,03/15/26 06:40:53 AM,2.00,3.01,317.3,-6.823,71.852,1069.350,-11.052
19698,03/15/26 06:50:53 AM,2.00,2.67,320.1,-6.533,69.918,1069.350,-11.114
19699,03/15/26 07:00:53 AM,2.00,3.01,334.1,-6.448,69.999,1069.350,-11.018
19700,03/15/26 07:10:53 AM,2.00,2.67,328.5,-6.295,69.100,1069.350,-11.032
19701,03/15/26 07:20:53 AM,2.00,2.67,334.1,-6.619,70.425,1069.350,-11.107
19702,03/15/26 07:30:53 AM,2.00,2.67,341.2,-7.032,72.226,1069.350,-11.189
19703,03/15/26 07:40:53 AM,1.00,2.34,341.2,-7.271,73.849,1069.350,-11.143
19704,03/15/26 07:50:53 AM,0.33,1.34,67.4,-8.048,80.679,1069.350,-10.791
19705,03/15/26 08:00:53 AM,0.33,1.00,119.3,-7.799,77.668,1069.350,-11.025
19706,03/15/26 08:10:53 AM,0.33,1.34,355.2,-7.981,79.236,1069.350,-10.952
19707,03/15/26 08:20:53 AM,0.00,0.67,335.5,-7.324,76.304,1069.350,-10.784
19708,03/15/26 08:30:53 AM,0.00,0.67,335.5,-6.279,73.790,1069.350,-10.192
19709,03/15/26 08:40:53 AM,0.67,1.00,308.9,-6.139,75.190,1069.350,-9.819
19710,03/15/26 08:50:53 AM,0.67,1.34,266.7,-5.654,72.700,1069.350,-9.776
19711,03/15/26 09:00:53 AM,0.67,1.34,282.2,-4.860,69.242,1069.350,-9.627
19712,03/15/26 09:10:53 AM,0.33,1.00,293.4,-3.903,63.899,1069.350,-9.729
19713,03/15/26 09:20:53 AM,0.67,1.34,268.1,-2.852,58.512,1069.350,-9.847
19714,03/15/26 09:30:53 AM,0.67,2.00,238.7,-1.986,54.826,1069.350,-9.857
19715,03/15/26 09:40:53 AM,1.34,2.67,249.9,-1.426,50.860,1069.350,-10.283
19716,03/15/26 09:50:53 AM,1.67,3.67,293.4,-1.233,47.926,1069.350,-10.851
19717,03/15/26 10:00:53 AM,2.67,4.68,301.8,-1.150,47.822,1069.350,-10.802
19718,03/15/26 10:10:53 AM,2.67,4.68,307.5,-1.118,47.208,1069.350,-10.934
19719,03/15/26 10:20:53 AM,2.34,4.68,294.8,-0.504,46.369,1069.350,-10.595
19720,03/15/26 10:30:53 AM,2.00,4.01,279.4,-0.268,45.624,1069.350,-10.582
19721,03/15/26 10:40:53 AM,2.67,5.01,306.1,-0.271,44.820,1069.350,-10.808
19722,03/15/26 10:50:53 AM,3.01,5.34,286.4,-0.056,43.514,1069.350,-10.982
19723,03/15/26 11:00:53 AM,3.01,5.34,292.0,0.019,43.059,1069.350,-11.045
19724,03/15/26 11:10:53 AM,2.67,5.01,301.8,0.271,42.290,1069.350,-11.041
19725,03/15/26 11:20:53 AM,3.01,6.35,339.7,0.569,42.226,1069.350,-10.790
19726,03/15/26 11:30:53 AM,2.67,4.01,320.1,0.797,42.721,1069.350,-10.436
19727,03/15/26 11:40:53 AM,1.67,4.34,244.3,1.349,41.051,1069.350,-10.437
19728,03/15/26 11:50:53 AM,1.67,4.01,224.6,1.424,39.078,1069.350,-10.987
19729,03/15/26 12:00:53 PM,2.34,5.01,249.9,1.558,38.927,1069.350,-10.915
19730,03/15/26 12:10:53 PM,2.67,4.34,272.4,1.786,39.329,1069.350,-10.581
19731,03/15/26 12:20:53 PM,1.34,3.67,275.2,2.220,38.448,1069.350,-10.475
19732,03/15/26 12:30:53 PM,2.00,5.68,285.0,1.909,39.825,1069.350,-10.312
19733,03/15/26 12:40:53 PM,2.00,4.68,263.9,2.309,40.369,1069.350,-9.780
19734,03/15/26 12:50:53 PM,2.67,5.01,278.0,2.496,39.879,1069.350,-9.766
19735,03/15/26 01:00:53 PM,3.34,5.01,228.8,2.330,39.776,1069.350,-9.948
19736,03/15/26 01:10:53 PM,2.67,4.68,244.3,2.644,40.053,1069.350,-9.577
19737,03/15/26 01:20:53 PM,3.34,8.35,265.3,3.078,41.445,1069.350,-8.750
19738,03/15/26 01:30:53 PM,3.01,5.01,252.7,3.011,41.238,1069.350,-8.875
19739,03/15/26 01:40:53 PM,3.01,6.01,273.8,3.437,40.351,1069.350,-8.767
19740,03/15/26 01:50:53 PM,2.67,6.35,259.7,3.810,39.828,1069.350,-8.597
19741,03/15/26 02:00:53 PM,3.01,6.35,242.9,3.555,39.471,1069.350,-8.942
19742,03/15/26 02:10:53 PM,3.67,6.35,235.9,3.933,40.342,1069.350,-8.322
19743,03/15/26 02:20:53 PM,3.01,6.01,275.2,4.051,39.899,1069.350,-8.357
19744,03/15/26 02:30:53 PM,4.34,7.68,248.5,3.679,40.549,1069.350,-8.486
19745,03/15/26 02:40:53 PM,3.34,6.35,268.1,3.955,40.697,1069.350,-8.190
19746,03/15/26 02:50:53 PM,4.01,6.35,259.7,3.995,40.606,1069.350,-8.183
19747,03/15/26 03:00:53 PM,4.34,7.01,258.3,4.239,40.163,1069.350,-8.103
19748,03/15/26 03:10:53 PM,4.34,7.01,258.3,4.108,40.633,1069.350,-8.072
19749,03/15/26 03:20:53 PM,4.34,6.68,259.7,4.440,40.714,1069.350,-7.746
19750,03/15/26 03:30:53 PM,4.34,7.68,269.6,4.890,40.433,1069.350,-7.429
19751,03/15/26 03:40:53 PM,4.01,6.68,262.5,4.864,40.639,1069.350,-7.387
19752,03/15/26 03:50:53 PM,4.01,7.01,263.9,4.775,40.305,1069.350,-7.574
19753,03/15/26 04:00:53 PM,4.01,7.35,249.9,4.861,39.997,1069.350,-7.596
19754,03/15/26 04:10:53 PM,3.67,7.01,266.7,4.689,40.769,1069.350,-7.504
19755,03/15/26 04:20:53 PM,4.34,6.35,286.4,4.671,40.922,1069.350,-7.472
19756,03/15/26 04:30:53 PM,4.01,7.68,251.3,4.786,42.238,1069.350,-6.958
19757,03/15/26 04:40:53 PM,4.68,7.35,271.0,5.041,42.135,1069.350,-6.759
19758,03/15/26 04:50:53 PM,4.68,7.01,272.4,4.990,42.792,1069.350,-6.604
19759,03/15/26 05:00:53 PM,4.68,7.35,272.4,4.995,43.635,1069.350,-6.345
19760,03/15/26 05:10:53 PM,4.68,7.01,273.8,4.866,44.637,1069.350,-6.167
19761,03/15/26 05:20:53 PM,4.68,7.68,262.5,4.807,44.819,1069.350,-6.167
19762,03/15/26 05:30:53 PM,4.34,7.01,258.3,4.735,44.517,1069.350,-6.321
19763,03/15/26 05:40:53 PM,5.01,7.68,256.9,4.831,44.422,1069.350,-6.262
19764,03/15/26 05:50:53 PM,4.68,7.01,265.3,4.523,45.264,1069.350,-6.298
19765,03/15/26 06:00:53 PM,5.34,7.68,266.7,4.191,46.137,1069.350,-6.352
19766,03/15/26 06:10:53 PM,5.34,7.68,280.8,4.191,45.399,1069.350,-6.563
19767,03/15/26 06:20:53 PM,5.01,7.01,266.7,3.751,48.089,1069.350,-6.216
19768,03/15/26 06:30:53 PM,5.34,7.68,268.1,3.207,49.818,1069.350,-6.257
19769,03/15/26 06:40:53 PM,5.01,7.01,266.7,2.915,50.877,1069.350,-6.253
19770,03/15/26 06:50:53 PM,4.68,6.68,263.9,2.625,51.695,1069.350,-6.314
19771,03/15/26 07:00:53 PM,4.01,6.35,265.3,2.365,53.382,1069.350,-6.136
19772,03/15/26 07:10:53 PM,4.01,5.68,268.1,2.188,54.685,1069.350,-5.986
19773,03/15/26 07:20:53 PM,4.01,5.68,268.1,2.022,56.059,1069.350,-5.817
19774,03/15/26 07:30:53 PM,4.01,6.01,271.0,1.912,56.240,1069.350,-5.878
19775,03/15/26 07:40:53 PM,4.01,5.68,266.7,1.780,57.072,1069.350,-5.809
19776,03/15/26 07:50:53 PM,3.67,5.34,262.5,1.654,57.777,1069.350,-5.767
19777,03/15/26 08:00:53 PM,3.01,4.34,273.8,1.483,59.005,1069.350,-5.652
19778,03/15/26 08:10:53 PM,2.67,4.01,276.6,1.325,59.724,1069.350,-5.642
19779,03/15/26 08:20:53 PM,3.01,4.01,273.8,1.225,60.493,1069.350,-5.569
19780,03/15/26 08:30:53 PM,3.01,3.67,280.8,1.279,60.061,1069.350,-5.612
19781,03/15/26 08:40:53 PM,3.01,5.01,254.1,1.365,59.719,1069.350,-5.606
19782,03/15/26 08:50:53 PM,3.34,5.01,254.1,1.378,60.386,1069.350,-5.447
19783,03/15/26 09:00:53 PM,4.68,7.35,276.6,1.885,59.257,1069.350,-5.217
19784,03/15/26 09:10:53 PM,6.01,9.68,293.4,2.343,59.402,1069.350,-4.753
19785,03/15/26 09:20:53 PM,8.02,12.36,307.5,2.043,66.207,1069.350,-3.597
19786,03/15/26 09:30:53 PM,7.35,11.02,313.1,1.566,70.820,1069.350,-3.153
19787,03/15/26 09:40:53 PM,6.01,8.68,313.1,1.437,71.728,1069.350,-3.107
19788,03/15/26 09:50:53 PM,5.01,8.35,306.1,1.370,72.273,1069.350,-3.070
19789,03/15/26 10:00:53 PM,4.34,7.01,299.0,1.456,69.995,1069.350,-3.416
19790,03/15/26 10:10:53 PM,3.67,5.68,294.8,1.421,70.312,1069.350,-3.389
19791,03/15/26 10:20:53 PM,3.34,5.01,285.0,1.319,70.121,1069.350,-3.523
19792,03/15/26 10:30:53 PM,3.34,5.34,287.8,1.209,70.463,1069.350,-3.564
19793,03/15/26 10:40:53 PM,3.67,5.01,294.8,1.099,71.716,1069.350,-3.435
19794,03/15/26 10:50:53 PM,3.34,5.34,300.4,1.003,72.445,1069.350,-3.392
19795,03/15/26 11:00:53 PM,3.34,5.34,310.3,0.802,74.153,1069.350,-3.275
19796,03/15/26 11:10:53 PM,2.67,4.01,313.1,0.394,77.986,1069.350,-2.995
19797,03/15/26 11:20:53 PM,2.34,4.01,294.8,0.019,80.378,1069.350,-2.955
19798,03/15/26 11:30:53 PM,1.67,2.34,294.8,-0.557,82.280,1069.350,-3.205
19799,03/15/26 11:40:53 PM,2.00,3.01,286.4,-0.783,83.549,1069.350,-3.221
19800,03/15/26 11:50:53 PM,2.00,3.01,276.6,-0.547,83.441,1069.350,-3.007
19801,03/16/26 12:00:53 AM,2.00,3.34,278.0,-0.276,83.195,1069.350,-2.781
19802,03/16/26 12:10:53 AM,2.34,4.34,266.7,0.019,81.799,1069.350,-2.720
19803,03/16/26 12:20:53 AM,2.34,3.34,255.5,0.097,80.101,1069.350,-2.925
19804,03/16/26 12:30:53 AM,2.34,3.34,242.9,-0.380,81.498,1069.350,-3.160
19805,03/16/26 12:40:53 AM,1.67,3.01,251.3,-0.313,81.581,1069.350,-3.080
19806,03/16/26 12:50:53 AM,1.34,2.67,252.7,-0.485,82.493,1069.350,-3.100
19807,03/16/26 01:00:53 AM,1.67,2.67,242.9,-0.335,81.877,1069.350,-3.053
19808,03/16/26 01:10:53 AM,1.34,2.34,268.1,-0.391,82.309,1069.350,-3.038
19809,03/16/26 01:20:53 AM,1.67,2.34,276.6,-0.244,82.269,1069.350,-2.900
19810,03/16/26 01:30:53 AM,2.00,3.34,293.4,-0.077,82.188,1069.350,-2.750
19811,03/16/26 01:40:53 AM,2.34,3.34,306.1,-0.107,82.287,1069.350,-2.763
19812,03/16/26 01:50:53 AM,2.34,3.34,310.3,-0.228,82.918,1069.350,-2.779
19813,03/16/26 02:00:53 AM,2.34,3.67,301.8,-0.287,83.351,1069.350,-2.767
19814,03/16/26 02:10:53 AM,3.01,4.68,308.9,0.169,81.404,1069.350,-2.638
19815,03/16/26 02:20:53 AM,3.01,4.01,307.5,0.247,80.772,1069.350,-2.667
19816,03/16/26 02:30:53 AM,2.67,4.01,296.2,0.341,80.064,1069.350,-2.693
19817,03/16/26 02:40:53 AM,2.67,4.34,299.0,0.553,78.640,1069.350,-2.728
19818,03/16/26 02:50:53 AM,3.34,4.68,304.7,0.807,76.585,1069.350,-2.837
19819,03/16/26 03:00:53 AM,2.67,4.34,297.6,0.764,77.253,1069.350,-2.762
19820,03/16/26 03:10:53 AM,2.00,3.01,268.1,0.491,79.622,1069.350,-2.621
19821,03/16/26 03:20:53 AM,1.67,2.67,269.6,0.330,80.114,1069.350,-2.696
19822,03/16/26 03:30:53 AM,2.34,3.34,269.6,0.024,80.830,1069.350,-2.875
19823,03/16/26 03:40:53 AM,3.34,4.68,294.8,0.788,75.715,1069.350,-3.009
19824,03/16/26 03:50:53 AM,2.67,3.67,289.2,1.102,73.385,1069.350,-3.124
19825,03/16/26 04:00:53 AM,2.34,3.01,279.4,1.129,73.420,1069.350,-3.091
19826,03/16/26 04:10:53 AM,2.34,4.34,273.8,1.349,72.261,1069.350,-3.092
19827,03/16/26 04:20:53 AM,2.67,4.01,272.4,1.582,72.410,1069.350,-2.840
19828,03/16/26 04:30:53 AM,3.01,5.34,271.0,1.772,71.609,1069.350,-2.806
19829,03/16/26 04:40:53 AM,3.01,4.34,279.4,1.730,71.725,1069.350,-2.825
19830,03/16/26 04:50:53 AM,3.34,5.01,296.2,1.520,72.537,1069.350,-2.876
19831,03/16/26 05:00:53 AM,3.01,4.34,299.0,1.183,73.593,1069.350,-3.008
19832,03/16/26 05:10:53 AM,3.67,5.01,301.8,1.188,74.228,1069.350,-2.887
19833,03/16/26 05:20:53 AM,4.34,6.35,299.0,1.518,73.736,1069.350,-2.658
19834,03/16/26 05:30:53 AM,5.01,6.35,310.3,1.644,73.172,1069.350,-2.639
19835,03/16/26 05:40:53 AM,4.68,6.01,307.5,2.032,72.107,1069.350,-2.462
19836,03/16/26 05:50:53 AM,4.01,5.34,307.5,2.263,71.617,1069.350,-2.331
19837,03/16/26 06:00:53 AM,3.67,4.68,307.5,2.124,72.172,1069.350,-2.361
19838,03/16/26 06:10:53 AM,4.34,6.35,306.1,2.024,73.300,1069.350,-2.248
19839,03/16/26 06:20:53 AM,4.68,6.35,311.7,2.368,72.535,1069.350,-2.058
19840,03/16/26 06:30:53 AM,4.68,6.35,310.3,2.341,72.781,1069.350,-2.038
19841,03/16/26 06:40:53 AM,4.68,6.68,308.9,2.209,73.506,1069.350,-2.032
19842,03/16/26 06:50:53 AM,5.01,6.68,317.3,2.799,72.003,1069.350,-1.742
19843,03/16/26 07:00:53 AM,5.01,7.01,321.5,3.075,71.093,1069.350,-1.649
19844,03/16/26 07:10:53 AM,4.01,5.34,314.5,3.035,71.304,1069.350,-1.647
19845,03/16/26 07:20:53 AM,4.01,5.34,303.2,2.721,72.486,1069.350,-1.727
19846,03/16/26 07:30:53 AM,4.01,5.68,307.5,2.754,72.729,1069.350,-1.649
19847,03/16/26 07:40:53 AM,3.67,5.34,310.3,2.818,72.636,1069.350,-1.605
19848,03/16/26 07:50:53 AM,3.34,4.68,324.3,2.652,73.175,1069.350,-1.665
19849,03/16/26 08:00:53 AM,4.01,5.34,328.5,2.357,73.931,1069.350,-1.811
19850,03/16/26 08:10:53 AM,3.67,5.68,320.1,2.764,72.902,1069.350,-1.607
19851,03/16/26 08:20:53 AM,3.34,5.34,313.1,2.810,73.083,1069.350,-1.529
19852,03/16/26 08:30:53 AM,3.34,5.01,310.3,2.955,72.946,1069.350,-1.415
19853,03/16/26 08:40:53 AM,3.34,5.01,306.1,3.309,72.473,1069.350,-1.162
19854,03/16/26 08:50:53 AM,3.01,4.34,300.4,3.478,72.566,1069.350,-0.981
19855,03/16/26 09:00:53 AM,3.67,4.68,294.8,3.912,71.484,1069.350,-0.768
19856,03/16/26 09:10:53 AM,3.67,5.01,285.0,4.298,70.715,1069.350,-0.545
19857,03/16/26 09:20:53 AM,4.01,5.34,283.6,4.620,70.147,1069.350,-0.346
19858,03/16/26 09:30:53 AM,4.34,6.01,289.2,5.215,69.870,1069.350,0.172
19859,03/16/26 09:40:53 AM,4.01,5.68,287.8,5.542,69.140,1069.350,0.341
19860,03/16/26 09:50:53 AM,4.01,6.35,279.4,6.290,66.874,1069.350,0.596
19861,03/16/26 10:00:53 AM,3.67,5.68,293.4,6.786,66.857,1069.350,1.067
19862,03/16/26 10:10:53 AM,4.01,5.68,294.8,6.971,66.658,1069.350,1.202
19863,03/16/26 10:20:53 AM,3.34,4.68,293.4,7.260,65.972,1069.350,1.334
19864,03/16/26 10:30:53 AM,3.34,5.34,287.8,7.869,65.295,1069.350,1.770
19865,03/16/26 10:40:53 AM,3.34,4.68,311.7,8.459,64.564,1069.350,2.174
19866,03/16/26 10:50:53 AM,3.67,6.01,307.5,9.577,63.906,1069.350,3.093
19867,03/16/26 11:00:53 AM,4.01,8.68,299.0,9.335,66.426,1069.350,3.409
19868,03/16/26 11:10:53 AM,6.01,10.69,285.0,9.797,66.740,1069.350,3.917
19869,03/16/26 11:20:53 AM,7.01,9.68,278.0,10.049,66.654,1069.350,4.139
19870,03/16/26 11:30:53 AM,7.68,10.35,273.8,9.998,66.133,1069.350,3.979
19871,03/16/26 11:40:53 AM,7.01,11.02,282.2,10.349,66.050,1069.350,4.296
19872,03/16/26 11:50:53 AM,7.35,10.35,275.2,10.470,65.579,1069.350,4.309
19873,03/16/26 12:00:53 PM,7.01,10.35,268.1,10.848,64.625,1069.350,4.459
19874,03/16/26 12:10:53 PM,6.68,9.68,271.0,10.890,63.395,1069.350,4.225
19875,03/16/26 12:20:53 PM,7.68,11.02,266.7,10.550,64.067,1069.350,4.052
19876,03/16/26 12:30:53 PM,7.35,11.02,271.0,10.772,64.407,1069.350,4.339
19877,03/16/26 12:40:53 PM,7.35,10.35,275.2,10.904,64.245,1069.350,4.428
19878,03/16/26 12:50:53 PM,7.01,10.35,271.0,11.108,63.740,1069.350,4.509
19879,03/16/26 01:00:53 PM,6.68,10.35,269.6,11.344,63.511,1069.350,4.682
19880,03/16/26 01:10:53 PM,6.35,9.68,282.2,11.622,62.902,1069.350,4.807
19881,03/16/26 01:20:53 PM,6.35,9.35,292.0,12.038,62.037,1069.350,5.002
19882,03/16/26 01:30:53 PM,5.68,8.68,303.2,12.132,61.970,1069.350,5.076
19883,03/16/26 01:40:53 PM,5.01,8.35,287.8,12.821,60.153,1069.350,5.299
19884,03/16/26 01:50:53 PM,5.01,9.02,280.8,13.220,59.083,1069.350,5.416
19885,03/16/26 02:00:53 PM,5.34,10.02,282.2,13.183,58.645,1069.350,5.274
19886,03/16/26 02:10:53 PM,5.01,8.02,310.3,13.529,57.491,1069.350,5.313
19887,03/16/26 02:20:53 PM,5.34,9.68,287.8,13.789,54.003,1069.350,4.657
19888,03/16/26 02:30:53 PM,6.01,9.68,282.2,13.046,54.203,1069.350,4.019
19889,03/16/26 02:40:53 PM,5.01,8.35,276.6,12.882,54.501,1069.350,3.944
19890,03/16/26 02:50:53 PM,5.01,8.35,271.0,12.931,55.438,1069.350,4.233
19891,03/16/26 03:00:53 PM,5.68,9.02,262.5,13.290,56.010,1069.350,4.715
19892,03/16/26 03:10:53 PM,6.01,10.35,294.8,13.797,53.014,1069.350,4.401
19893,03/16/26 03:20:53 PM,5.34,8.35,283.6,13.966,52.332,1069.350,4.373
19894,03/16/26 03:30:53 PM,5.68,8.68,261.1,13.606,53.156,1069.350,4.262
19895,03/16/26 03:40:53 PM,6.35,9.02,263.9,13.220,53.246,1069.350,3.927
19896,03/16/26 03:50:53 PM,5.68,9.02,272.4,12.762,53.834,1069.350,3.658
19897,03/16/26 04:00:53 PM,5.34,8.35,262.5,13.054,53.124,1069.350,3.741
19898,03/16/26 04:10:53 PM,5.68,9.35,265.3,12.405,54.812,1069.350,3.581
19899,03/16/26 04:20:53 PM,6.01,9.35,273.8,12.201,54.937,1069.350,3.423
19900,03/16/26 04:30:53 PM,6.35,9.68,278.0,12.373,53.460,1069.350,3.197
19901,03/16/26 04:40:53 PM,6.01,9.02,276.6,12.826,52.824,1069.350,3.449
19902,03/16/26 04:50:53 PM,6.01,9.68,271.0,12.668,53.198,1069.350,3.402
19903,03/16/26 05:00:53 PM,5.34,9.68,276.6,12.920,53.025,1069.350,3.590
19904,03/16/26 05:10:53 PM,5.34,8.35,275.2,13.714,51.313,1069.350,3.859
19905,03/16/26 05:20:53 PM,5.34,7.68,279.4,13.314,52.338,1069.350,3.770
19906,03/16/26 05:30:53 PM,6.01,8.68,272.4,13.282,52.488,1069.350,3.781
19907,03/16/26 05:40:53 PM,5.34,7.68,273.8,13.432,53.210,1069.350,4.115
19908,03/16/26 05:50:53 PM,6.01,8.35,265.3,13.606,52.729,1069.350,4.147
19909,03/16/26 06:00:53 PM,5.34,10.02,259.7,13.397,53.198,1069.350,4.079
19910,03/16/26 06:10:53 PM,4.68,7.01,266.7,13.437,52.886,1069.350,4.032
19911,03/16/26 06:20:53 PM,5.01,8.02,272.4,13.327,52.329,1069.350,3.780
19912,03/16/26 06:30:53 PM,4.68,7.35,268.1,13.049,51.630,1069.350,3.332
19913,03/16/26 06:40:53 PM,3.67,5.68,265.3,12.668,50.353,1069.350,2.626
19914,03/16/26 06:50:53 PM,4.34,7.01,254.1,12.861,48.243,1069.350,2.203
19915,03/16/26 07:00:53 PM,4.34,7.01,251.3,11.998,50.605,1069.350,2.078
19916,03/16/26 07:10:53 PM,3.67,6.01,248.5,11.140,52.111,1069.350,1.694
19917,03/16/26 07:20:53 PM,3.01,4.68,240.1,10.636,52.950,1069.350,1.449
19918,03/16/26 07:30:53 PM,2.67,4.34,237.3,10.132,54.133,1069.350,1.288
19919,03/16/26 07:40:53 PM,2.67,4.01,237.3,9.411,56.695,1069.350,1.258
19920,03/16/26 07:50:53 PM,2.67,4.01,237.3,8.791,59.159,1069.350,1.268
19921,03/16/26 08:00:53 PM,2.00,3.67,266.7,8.322,60.304,1069.350,1.092
19922,03/16/26 08:10:53 PM,2.00,2.67,269.6,7.183,64.096,1069.350,0.860
19923,03/16/26 08:20:53 PM,1.67,2.34,276.6,6.764,65.318,1069.350,0.723
19924,03/16/26 08:30:53 PM,1.67,3.01,287.8,6.070,66.667,1069.350,0.343
19925,03/16/26 08:40:53 PM,2.00,2.67,283.6,6.287,65.922,1069.350,0.395
19926,03/16/26 08:50:53 PM,1.67,2.67,292.0,6.188,65.801,1069.350,0.275
19927,03/16/26 09:00:53 PM,1.34,2.00,299.0,5.746,66.627,1069.350,0.026
19928,03/16/26 09:10:53 PM,1.34,2.34,304.7,5.746,66.232,1069.350,-0.056
19929,03/16/26 09:20:53 PM,1.34,2.00,315.9,5.649,65.908,1069.350,-0.216
19930,03/16/26 09:30:53 PM,1.34,1.67,286.4,5.357,66.404,1069.350,-0.392
19931,03/16/26 09:40:53 PM,1.34,1.67,289.2,4.598,68.704,1069.350,-0.652
19932,03/16/26 09:50:53 PM,1.34,2.34,300.4,4.461,68.798,1069.350,-0.764
19933,03/16/26 10:00:53 PM,1.34,2.00,299.0,4.161,69.023,1069.350,-1.007
19934,03/16/26 10:10:53 PM,1.34,2.00,289.2,4.059,69.438,1069.350,-1.023
19935,03/16/26 10:20:53 PM,1.67,2.00,256.9,2.799,72.537,1069.350,-1.642
19936,03/16/26 10:30:53 PM,1.00,1.67,289.2,2.365,75.142,1069.350,-1.582
19937,03/16/26 10:40:53 PM,1.34,2.34,283.6,3.461,70.904,1069.350,-1.313
19938,03/16/26 10:50:53 PM,1.00,2.34,262.5,2.697,73.118,1069.350,-1.632
19939,03/16/26 11:00:53 PM,1.00,1.67,278.0,2.818,72.959,1069.350,-1.545
19940,03/16/26 11:10:53 PM,0.67,1.34,293.4,2.244,75.290,1069.350,-1.673
19941,03/16/26 11:20:53 PM,1.00,1.67,293.4,2.317,74.948,1069.350,-1.664
19942,03/16/26 11:30:53 PM,1.67,2.34,283.6,2.657,73.861,1069.350,-1.533
19943,03/16/26 11:40:53 PM,2.00,2.34,283.6,1.939,75.744,1069.350,-1.887
19944,03/16/26 11:50:53 PM,2.00,2.34,279.4,2.008,75.941,1069.350,-1.785
19945,03/17/26 12:00:53 AM,2.00,2.34,283.6,1.944,75.344,1069.350,-1.954
19946,03/17/26 12:10:53 AM,1.67,2.00,304.7,1.440,76.733,1069.350,-2.196
19947,03/17/26 12:20:53 AM,1.67,2.00,314.5,1.448,77.252,1069.350,-2.097
19948,03/17/26 12:30:53 AM,1.34,2.34,322.9,2.287,74.652,1069.350,-1.747
19949,03/17/26 12:40:53 AM,1.34,2.34,290.6,2.156,74.795,1069.350,-1.848
19950,03/17/26 12:50:53 AM,1.34,2.00,280.8,2.258,74.931,1069.350,-1.724
19951,03/17/26 01:00:53 AM,1.67,2.34,290.6,2.180,75.236,1069.350,-1.745
19952,03/17/26 01:10:53 AM,2.00,2.67,286.4,1.987,76.057,1069.350,-1.785
19953,03/17/26 01:20:53 AM,1.67,2.34,280.8,0.545,79.489,1069.350,-2.591
19954,03/17/26 01:30:53 AM,1.67,2.34,290.6,0.271,81.712,1069.350,-2.487
19955,03/17/26 01:40:53 AM,1.34,2.34,307.5,1.502,77.443,1069.350,-2.011
19956,03/17/26 01:50:53 AM,1.67,3.01,299.0,2.654,74.717,1069.350,-1.380
19957,03/17/26 02:00:53 AM,2.34,3.34,280.8,1.839,77.144,1069.350,-1.736
19958,03/17/26 02:10:53 AM,1.67,2.34,292.0,1.727,76.878,1069.350,-1.892
19959,03/17/26 02:20:53 AM,1.67,2.34,290.6,1.716,78.128,1069.350,-1.684
19960,03/17/26 02:30:53 AM,1.34,3.01,307.5,2.443,77.401,1069.350,-1.104
19961,03/17/26 02:40:53 AM,1.00,2.00,263.9,1.858,78.827,1069.350,-1.424
19962,03/17/26 02:50:53 AM,1.67,2.34,290.6,2.140,77.844,1069.350,-1.321
19963,03/17/26 03:00:53 AM,2.00,2.67,294.8,1.960,77.522,1069.350,-1.552
19964,03/17/26 03:10:53 AM,2.34,3.34,285.0,1.995,77.913,1069.350,-1.450
19965,03/17/26 03:20:53 AM,2.34,3.67,282.2,2.716,76.367,1069.350,-1.022
19966,03/17/26 03:30:53 AM,2.00,3.01,271.0,2.185,76.524,1069.350,-1.509
19967,03/17/26 03:40:53 AM,2.00,2.67,286.4,1.874,78.508,1069.350,-1.464
19968,03/17/26 03:50:53 AM,2.00,2.67,278.0,2.193,76.709,1069.350,-1.469
19969,03/17/26 04:00:53 AM,2.00,3.01,271.0,1.129,80.455,1069.350,-1.858
19970,03/17/26 04:10:53 AM,2.00,2.67,282.2,1.681,78.625,1069.350,-1.632
19971,03/17/26 04:20:53 AM,2.34,2.67,289.2,2.282,76.864,1069.350,-1.355
19972,03/17/26 04:30:53 AM,2.00,2.67,290.6,2.319,76.579,1069.350,-1.370
19973,03/17/26 04:40:53 AM,2.34,2.67,293.4,2.346,76.608,1069.350,-1.338
19974,03/17/26 04:50:53 AM,2.34,3.34,275.2,2.802,75.068,1069.350,-1.172
19975,03/17/26 05:00:53 AM,3.34,4.01,259.7,2.271,76.036,1069.350,-1.513
19976,03/17/26 05:10:53 AM,3.67,4.34,258.3,2.657,74.549,1069.350,-1.407
19977,03/17/26 05:20:53 AM,3.67,4.34,256.9,2.520,75.467,1069.350,-1.374
19978,03/17/26 05:30:53 AM,2.67,4.01,265.3,2.011,76.568,1069.350,-1.671
19979,03/17/26 05:40:53 AM,2.00,3.34,266.7,0.802,81.024,1069.350,-2.082
19980,03/17/26 05:50:53 AM,2.67,3.34,265.3,0.518,82.629,1069.350,-2.095
19981,03/17/26 06:00:53 AM,2.34,3.34,272.4,0.512,82.629,1069.350,-2.101
19982,03/17/26 06:10:53 AM,2.34,3.01,261.1,1.821,78.349,1069.350,-1.543
19983,03/17/26 06:20:53 AM,2.34,3.34,247.1,1.196,79.171,1069.350,-2.011
19984,03/17/26 06:30:53 AM,2.00,2.34,285.0,-0.378,85.199,1069.350,-2.561
19985,03/17/26 06:40:53 AM,2.00,3.01,258.3,0.708,82.794,1069.350,-1.882
19986,03/17/26 06:50:53 AM,2.00,2.67,269.6,0.684,82.296,1069.350,-1.987
19987,03/17/26 07:00:53 AM,1.67,3.01,279.4,1.244,80.859,1069.350,-1.678
19988,03/17/26 07:10:53 AM,2.34,3.67,254.1,1.703,79.474,1069.350,-1.464
19989,03/17/26 07:20:53 AM,2.34,3.34,269.6,0.217,84.199,1069.350,-2.136
19990,03/17/26 07:30:53 AM,2.34,3.01,280.8,0.049,84.976,1069.350,-2.177
19991,03/17/26 07:40:53 AM,2.00,3.01,283.6,1.625,80.313,1069.350,-1.398
19992,03/17/26 07:50:53 AM,2.00,3.01,258.3,2.293,77.491,1069.350,-1.234
19993,03/17/26 08:00:53 AM,2.34,3.01,273.8,0.952,81.082,1069.350,-1.926
19994,03/17/26 08:10:53 AM,2.34,3.01,273.8,0.990,82.274,1069.350,-1.691
19995,03/17/26 08:20:53 AM,2.34,3.34,269.6,1.979,79.951,1069.350,-1.114
19996,03/17/26 08:30:53 AM,2.00,2.67,282.2,1.692,81.245,1069.350,-1.175
19997,03/17/26 08:40:53 AM,2.00,2.67,273.8,2.183,80.113,1069.350,-0.887
19998,03/17/26 08:50:53 AM,2.00,2.67,273.8,3.638,75.714,1069.350,-0.245
19999,03/17/26 09:00:53 AM,2.00,3.01,268.1,4.890,72.799,1069.350,0.425
20000,03/17/26 09:10:53 AM,2.00,2.67,258.3,6.732,68.270,1069.350,1.306
20001,03/17/26 09:20:53 AM,1.67,2.67,231.6,8.279,64.514,1069.350,1.992
20002,03/17/26 09:30:53 AM,1.67,2.67,234.5,9.065,63.975,1069.350,2.622
20003,03/17/26 09:40:53 AM,2.00,3.34,262.5,10.561,57.522,1069.350,2.538
20004,03/17/26 09:50:53 AM,1.67,3.01,261.1,10.915,56.120,1069.350,2.523
20005,03/17/26 10:00:53 AM,2.00,3.01,242.9,11.467,55.094,1069.350,2.779
20006,03/17/26 10:10:53 AM,2.00,3.34,244.3,11.896,54.592,1069.350,3.049
20007,03/17/26 10:20:53 AM,2.67,4.68,262.5,12.496,53.201,1069.350,3.243
20008,03/17/26 10:30:53 AM,3.67,5.68,261.1,12.856,50.484,1069.350,2.836
20009,03/17/26 10:40:53 AM,4.34,5.68,259.7,12.628,50.141,1069.350,2.530
20010,03/17/26 10:50:53 AM,4.34,6.35,252.7,13.188,47.814,1069.350,2.377
20011,03/17/26 11:00:53 AM,4.68,6.68,258.3,13.488,46.468,1069.350,2.251
20012,03/17/26 11:10:53 AM,5.01,6.35,265.3,13.649,44.488,1069.350,1.788
20013,03/17/26 11:20:53 AM,4.68,6.68,255.5,14.537,42.229,1069.350,1.865
20014,03/17/26 11:30:53 AM,5.01,7.01,263.9,14.657,39.557,1069.350,1.062
20015,03/17/26 11:40:53 AM,5.34,7.35,261.1,14.925,37.205,1069.350,0.452
20016,03/17/26 11:50:53 AM,5.01,7.35,268.1,14.939,36.869,1069.350,0.339
20017,03/17/26 12:00:53 PM,5.34,8.68,272.4,15.097,35.544,1069.350,-0.025
20018,03/17/26 12:10:53 PM,5.01,8.35,266.7,15.429,34.086,1069.350,-0.307
20019,03/17/26 12:20:53 PM,4.68,7.01,271.0,15.966,32.421,1069.350,-0.523
20020,03/17/26 12:30:53 PM,5.01,8.02,268.1,16.223,31.490,1069.350,-0.697
20021,03/17/26 12:40:53 PM,5.34,9.02,265.3,16.317,30.752,1069.350,-0.939
20022,03/17/26 12:50:53 PM,5.01,8.02,266.7,16.679,28.707,1069.350,-1.563
20023,03/17/26 01:00:53 PM,4.68,7.68,261.1,17.092,29.368,1069.350,-0.896
20024,03/17/26 01:10:53 PM,5.34,8.35,255.5,16.920,28.305,1069.350,-1.547
20025,03/17/26 01:20:53 PM,5.68,9.02,262.5,17.086,27.250,1069.350,-1.919
20026,03/17/26 01:30:53 PM,6.01,10.02,268.1,17.051,27.309,1069.350,-1.920
20027,03/17/26 01:40:53 PM,6.68,9.35,266.7,17.397,26.262,1069.350,-2.153
20028,03/17/26 01:50:53 PM,7.01,10.69,279.4,17.400,25.101,1069.350,-2.760
20029,03/17/26 02:00:53 PM,6.35,9.68,286.4,17.703,25.676,1069.350,-2.197
20030,03/17/26 02:10:53 PM,6.68,9.35,285.0,17.553,25.542,1069.350,-2.395
20031,03/17/26 02:20:53 PM,6.01,9.02,279.4,17.679,25.692,1069.350,-2.209
20032,03/17/26 02:30:53 PM,6.35,8.68,290.6,17.746,26.683,1069.350,-1.639
20033,03/17/26 02:40:53 PM,6.01,9.35,294.8,18.054,25.490,1069.350,-1.996
20034,03/17/26 02:50:53 PM,6.68,9.68,285.0,17.823,25.237,1069.350,-2.327
20035,03/17/26 03:00:53 PM,6.35,10.02,280.8,18.124,25.905,1069.350,-1.718
20036,03/17/26 03:10:53 PM,6.01,8.35,271.0,18.244,26.050,1069.350,-1.540
20037,03/17/26 03:20:53 PM,6.68,9.68,285.0,18.172,26.059,1069.350,-1.597
20038,03/17/26 03:30:53 PM,6.68,11.35,275.2,18.700,25.708,1069.350,-1.331
20039,03/17/26 03:40:53 PM,7.35,11.35,276.6,18.454,24.845,1069.350,-2.003
20040,03/17/26 03:50:53 PM,7.01,10.69,272.4,17.791,25.574,1069.350,-2.176
20041,03/17/26 04:00:53 PM,6.68,9.35,280.8,18.035,25.733,1069.350,-1.884
20042,03/17/26 04:10:53 PM,7.01,10.69,273.8,18.435,25.725,1069.350,-1.548
20043,03/17/26 04:20:53 PM,6.01,9.02,272.4,18.306,25.104,1069.350,-1.989
20044,03/17/26 04:30:53 PM,6.01,10.02,282.2,18.416,25.324,1069.350,-1.777
20045,03/17/26 04:40:53 PM,6.35,10.02,273.8,18.218,25.457,1069.350,-1.874
20046,03/17/26 04:50:53 PM,6.01,8.68,275.2,18.655,25.263,1069.350,-1.607
20047,03/17/26 05:00:53 PM,5.68,9.02,273.8,18.770,25.077,1069.350,-1.609
20048,03/17/26 05:10:53 PM,6.35,9.35,275.2,18.569,24.991,1069.350,-1.827
20049,03/17/26 05:20:53 PM,5.68,8.68,287.8,18.553,24.865,1069.350,-1.909
20050,03/17/26 05:30:53 PM,6.35,8.68,280.8,18.384,24.733,1069.350,-2.124
20051,03/17/26 05:40:53 PM,5.34,8.02,278.0,18.306,25.556,1069.350,-1.747
20052,03/17/26 05:50:53 PM,5.01,8.68,275.2,18.293,25.344,1069.350,-1.871
20053,03/17/26 06:00:53 PM,5.01,8.68,280.8,17.290,26.983,1069.350,-1.878
20054,03/17/26 06:10:53 PM,3.67,5.68,282.2,17.574,27.721,1069.350,-1.268
20055,03/17/26 06:20:53 PM,3.34,5.68,297.6,16.684,29.416,1069.350,-1.227
20056,03/17/26 06:30:53 PM,3.01,4.34,299.0,16.285,30.645,1069.350,-1.015
20057,03/17/26 06:40:53 PM,2.34,4.34,290.6,15.807,31.350,1069.350,-1.121
20058,03/17/26 06:50:53 PM,2.00,3.67,272.4,15.180,32.015,1069.350,-1.382
20059,03/17/26 07:00:53 PM,1.00,1.67,248.5,14.381,34.434,1069.350,-1.092
20060,03/17/26 07:10:53 PM,0.67,1.67,179.7,13.467,37.099,1069.350,-0.885
20061,03/17/26 07:20:53 PM,0.33,1.00,169.9,12.234,40.815,1069.350,-0.684
20062,03/17/26 07:30:53 PM,0.00,0.00,169.9,11.408,43.110,1069.350,-0.681
20063,03/17/26 07:40:53 PM,0.33,1.00,169.9,10.974,44.373,1069.350,-0.680
20064,03/17/26 07:50:53 PM,0.33,1.00,171.3,10.156,46.390,1069.350,-0.819
20065,03/17/26 08:00:53 PM,0.00,0.67,171.3,10.260,46.101,1069.350,-0.809
20066,03/17/26 08:10:53 PM,0.00,0.00,171.3,10.338,45.646,1069.350,-0.873
20067,03/17/26 08:20:53 PM,0.00,0.00,185.3,9.880,46.899,1069.350,-0.922
20068,03/17/26 08:30:53 PM,1.00,1.67,303.2,8.697,49.149,1069.350,-1.370
20069,03/17/26 08:40:53 PM,1.34,1.67,304.7,8.579,48.391,1069.350,-1.690
20070,03/17/26 08:50:53 PM,1.67,2.00,297.6,7.322,50.945,1069.350,-2.153
20071,03/17/26 09:00:53 PM,1.67,2.34,299.0,6.853,52.239,1069.350,-2.249
20072,03/17/26 09:10:53 PM,1.67,2.34,294.8,7.483,49.935,1069.350,-2.275
20073,03/17/26 09:20:53 PM,2.00,2.34,280.8,6.491,53.057,1069.350,-2.376
20074,03/17/26 09:30:53 PM,2.67,3.01,279.4,4.992,58.949,1069.350,-2.358
20075,03/17/26 09:40:53 PM,1.67,2.34,296.2,6.467,52.058,1069.350,-2.654
20076,03/17/26 09:50:53 PM,1.67,2.00,300.4,7.306,48.943,1069.350,-2.709
20077,03/17/26 10:00:53 PM,1.67,2.34,299.0,7.276,48.757,1069.350,-2.787
20078,03/17/26 10:10:53 PM,2.00,2.34,286.4,6.003,52.462,1069.350,-2.981
20079,03/17/26 10:20:53 PM,2.00,2.34,294.8,6.587,50.301,1069.350,-3.005
20080,03/17/26 10:30:53 PM,1.00,2.00,296.2,6.906,49.996,1069.350,-2.791
20081,03/17/26 10:40:53 PM,0.33,1.00,296.2,5.234,57.754,1069.350,-2.407
20082,03/17/26 10:50:53 PM,0.33,1.67,293.4,4.974,57.896,1069.350,-2.618
20083,03/17/26 11:00:53 PM,2.00,2.34,262.5,5.073,57.266,1069.350,-2.672
20084,03/17/26 11:10:53 PM,2.34,2.67,273.8,3.853,62.625,1069.350,-2.620
20085,03/17/26 11:20:53 PM,1.67,2.34,301.8,6.062,53.663,1069.350,-2.622
20086,03/17/26 11:30:53 PM,0.67,1.34,290.6,6.443,52.143,1069.350,-2.655
20087,03/17/26 11:40:53 PM,0.33,1.34,283.6,4.995,57.082,1069.350,-2.789
20088,03/17/26 11:50:53 PM,1.67,2.34,297.6,4.502,59.382,1069.350,-2.721
20089,03/18/26 12:00:53 AM,1.34,1.67,313.1,5.333,54.641,1069.350,-3.059
20090,03/18/26 12:10:53 AM,1.34,2.00,308.9,5.411,54.108,1069.350,-3.118
20091,03/18/26 12:20:53 AM,1.34,2.00,314.5,5.577,54.040,1069.350,-2.980
20092,03/18/26 12:30:53 AM,1.67,2.34,293.4,6.132,52.030,1069.350,-2.972
20093,03/18/26 12:40:53 AM,2.00,2.67,289.2,5.242,54.281,1069.350,-3.233
20094,03/18/26 12:50:53 AM,1.34,2.00,304.7,5.711,52.096,1069.350,-3.346
20095,03/18/26 01:00:53 AM,1.67,2.00,297.6,5.491,52.970,1069.350,-3.328
20096,03/18/26 01:10:53 AM,1.67,2.34,293.4,5.381,52.976,1069.350,-3.429
20097,03/18/26 01:20:53 AM,2.34,3.34,289.2,5.094,54.203,1069.350,-3.390
20098,03/18/26 01:30:53 AM,2.00,2.67,292.0,4.649,56.091,1069.350,-3.348
20099,03/18/26 01:40:53 AM,2.34,3.34,290.6,4.429,56.912,1069.350,-3.360
20100,03/18/26 01:50:53 AM,2.34,3.34,283.6,4.113,57.838,1069.350,-3.441
20101,03/18/26 02:00:53 AM,2.34,3.34,292.0,3.995,58.100,1069.350,-3.491
20102,03/18/26 02:10:53 AM,2.34,3.01,286.4,4.035,58.102,1069.350,-3.453
20103,03/18/26 02:20:53 AM,2.67,3.34,287.8,4.354,57.104,1069.350,-3.385
20104,03/18/26 02:30:53 AM,2.00,3.67,262.5,4.373,56.655,1069.350,-3.473
20105,03/18/26 02:40:53 AM,1.34,2.00,259.7,3.370,60.633,1069.350,-3.510
20106,03/18/26 02:50:53 AM,2.34,3.34,293.4,4.105,57.989,1069.350,-3.413
20107,03/18/26 03:00:53 AM,1.67,2.67,303.2,4.006,58.285,1069.350,-3.439
20108,03/18/26 03:10:53 AM,1.00,1.67,297.6,3.684,59.100,1069.350,-3.556
20109,03/18/26 03:20:53 AM,2.34,4.01,314.5,3.644,59.734,1069.350,-3.451
20110,03/18/26 03:30:53 AM,0.67,3.01,4.2,2.563,62.330,1069.350,-3.906
20111,03/18/26 03:40:53 AM,0.33,2.00,11.2,2.464,63.983,1069.350,-3.652
20112,03/18/26 03:50:53 AM,0.67,1.67,16.8,2.732,62.278,1069.350,-3.757
20113,03/18/26 04:00:53 AM,1.67,3.01,320.1,2.362,64.710,1069.350,-3.598
20114,03/18/26 04:10:53 AM,1.34,2.00,280.8,1.558,67.520,1069.350,-3.799
20115,03/18/26 04:20:53 AM,0.33,1.67,282.2,3.164,62.054,1069.350,-3.396
20116,03/18/26 04:30:53 AM,0.00,0.00,317.3,2.850,63.198,1069.350,-3.449
20117,03/18/26 04:40:53 AM,0.67,1.34,345.4,2.038,64.875,1069.350,-3.873
20118,03/18/26 04:50:53 AM,1.00,1.67,327.1,2.000,64.863,1069.350,-3.911
20119,03/18/26 05:00:53 AM,1.34,1.67,299.0,2.215,65.245,1069.350,-3.628
20120,03/18/26 05:10:53 AM,1.34,1.67,315.9,2.145,65.640,1069.350,-3.614
20121,03/18/26 05:20:53 AM,1.00,1.67,313.1,1.756,67.192,1069.350,-3.674
20122,03/18/26 05:30:53 AM,0.67,1.00,313.1,1.124,68.629,1069.350,-3.997
20123,03/18/26 05:40:53 AM,1.00,1.34,313.1,0.965,68.952,1069.350,-4.088
20124,03/18/26 05:50:53 AM,1.00,1.67,313.1,1.006,68.522,1069.350,-4.131
20125,03/18/26 06:00:53 AM,1.34,2.00,293.4,1.290,68.063,1069.350,-3.949
20126,03/18/26 06:10:53 AM,1.00,1.67,271.0,1.185,68.869,1069.350,-3.892
20127,03/18/26 06:20:53 AM,1.00,1.67,306.1,0.898,69.191,1069.350,-4.106
20128,03/18/26 06:30:53 AM,1.67,2.34,308.9,0.791,69.726,1069.350,-4.106
20129,03/18/26 06:40:53 AM,2.00,3.01,282.2,0.684,70.614,1069.350,-4.041
20130,03/18/26 06:50:53 AM,1.67,3.67,287.8,1.904,67.893,1069.350,-3.394
20131,03/18/26 07:00:53 AM,1.34,3.01,280.8,2.008,67.106,1069.350,-3.450
20132,03/18/26 07:10:53 AM,2.00,3.67,282.2,1.244,69.819,1069.350,-3.653
20133,03/18/26 07:20:53 AM,1.67,3.34,303.2,1.797,67.594,1069.350,-3.555
20134,03/18/26 07:30:53 AM,2.34,3.67,299.0,2.679,65.000,1069.350,-3.236
20135,03/18/26 07:40:53 AM,2.00,4.01,268.1,2.649,64.868,1069.350,-3.292
20136,03/18/26 07:50:53 AM,1.67,2.34,242.9,1.550,67.842,1069.350,-3.743
20137,03/18/26 08:00:53 AM,1.34,2.00,268.1,2.011,66.816,1069.350,-3.505
20138,03/18/26 08:10:53 AM,1.67,2.67,279.4,2.394,66.961,1069.350,-3.110
20139,03/18/26 08:20:53 AM,2.34,3.34,269.6,4.153,62.620,1069.350,-2.336
20140,03/18/26 08:30:53 AM,2.34,3.01,273.8,5.461,58.990,1069.350,-1.907
20141,03/18/26 08:40:53 AM,2.00,3.34,266.7,7.035,54.499,1069.350,-1.506
20142,03/18/26 08:50:53 AM,1.00,2.00,252.7,7.853,53.832,1069.350,-0.911
20143,03/18/26 09:00:53 AM,0.00,1.00,249.9,8.368,56.274,1069.350,0.178
20144,03/18/26 09:10:53 AM,0.00,1.00,265.3,8.523,58.697,1069.350,0.906
20145,03/18/26 09:20:53 AM,0.00,0.67,233.1,9.802,56.539,1069.350,1.586
20146,03/18/26 09:30:53 AM,0.33,1.00,233.1,12.295,46.493,1069.350,1.168
20147,03/18/26 09:40:53 AM,0.33,1.00,233.1,13.971,42.304,1069.350,1.378
20148,03/18/26 09:50:53 AM,1.00,2.00,286.4,14.984,39.748,1069.350,1.422
20149,03/18/26 10:00:53 AM,1.00,2.67,276.6,16.250,35.973,1069.350,1.162
20150,03/18/26 10:10:53 AM,1.67,2.67,269.6,16.949,34.266,1069.350,1.104
20151,03/18/26 10:20:53 AM,2.34,3.01,272.4,17.075,34.168,1069.350,1.175
20152,03/18/26 10:30:53 AM,2.67,4.01,272.4,17.411,33.663,1069.350,1.264
20153,03/18/26 10:40:53 AM,3.01,4.34,271.0,17.928,33.054,1069.350,1.463
20154,03/18/26 10:50:53 AM,3.01,4.68,268.1,18.507,31.673,1069.350,1.375
20155,03/18/26 11:00:53 AM,2.67,4.68,262.5,18.821,31.226,1069.350,1.451
20156,03/18/26 11:10:53 AM,2.67,5.01,294.8,19.108,30.948,1069.350,1.576
20157,03/18/26 11:20:53 AM,3.67,5.68,269.6,19.250,29.647,1069.350,1.101
20158,03/18/26 11:30:53 AM,3.67,7.01,271.0,19.614,29.361,1069.350,1.281
20159,03/18/26 11:40:53 AM,4.68,7.01,279.4,19.295,28.647,1069.350,0.664
20160,03/18/26 11:50:53 AM,4.68,7.35,276.6,19.392,28.278,1069.350,0.568
20161,03/18/26 12:00:53 PM,5.01,7.68,280.8,19.472,28.664,1069.350,0.825
20162,03/18/26 12:10:53 PM,5.01,7.68,278.0,19.671,28.902,1069.350,1.111
20163,03/18/26 12:20:53 PM,6.01,9.35,290.6,19.582,28.814,1069.350,0.992
20164,03/18/26 12:30:53 PM,5.34,8.35,283.6,19.781,28.923,1069.350,1.216
20165,03/18/26 12:40:53 PM,5.01,8.35,278.0,20.164,28.170,1069.350,1.179
20166,03/18/26 12:50:53 PM,6.01,8.68,283.6,19.899,27.785,1069.350,0.760
20167,03/18/26 01:00:53 PM,6.01,8.68,292.0,20.019,27.129,1069.350,0.532
20168,03/18/26 01:10:53 PM,5.68,8.35,289.2,20.314,26.436,1069.350,0.427
20169,03/18/26 01:20:53 PM,6.01,9.35,290.6,20.252,25.634,1069.350,-0.051
20170,03/18/26 01:30:53 PM,5.68,9.02,289.2,20.566,24.771,1069.350,-0.255
20171,03/18/26 01:40:53 PM,5.34,8.35,292.0,20.684,24.601,1069.350,-0.250
20172,03/18/26 01:50:53 PM,6.01,8.35,287.8,20.738,24.562,1069.350,-0.226
20173,03/18/26 02:00:53 PM,5.34,8.35,293.4,20.920,22.840,1069.350,-1.068
20174,03/18/26 02:10:53 PM,5.34,9.35,294.8,20.920,23.906,1069.350,-0.444
20175,03/18/26 02:20:53 PM,5.34,8.68,276.6,21.242,22.838,1069.350,-0.799
20176,03/18/26 02:30:53 PM,5.01,7.35,286.4,21.598,22.466,1069.350,-0.725
20177,03/18/26 02:40:53 PM,5.01,8.35,280.8,21.612,21.137,1069.350,-1.545
20178,03/18/26 02:50:53 PM,5.01,8.68,252.7,21.858,20.855,1069.350,-1.523
20179,03/18/26 03:00:53 PM,5.34,8.35,278.0,21.767,20.424,1069.350,-1.882
20180,03/18/26 03:10:53 PM,5.01,8.02,282.2,21.679,20.496,1069.350,-1.907
20181,03/18/26 03:20:53 PM,4.34,7.68,269.6,22.110,20.620,1069.350,-1.469
20182,03/18/26 03:30:53 PM,4.01,7.35,285.0,22.185,20.861,1069.350,-1.248
20183,03/18/26 03:40:53 PM,5.34,7.35,278.0,22.041,20.847,1069.350,-1.377
20184,03/18/26 03:50:53 PM,4.34,7.68,275.2,22.153,21.273,1069.350,-1.008
20185,03/18/26 04:00:53 PM,5.01,8.68,280.8,22.003,21.001,1069.350,-1.308
20186,03/18/26 04:10:53 PM,4.34,7.68,273.8,22.319,21.044,1069.350,-1.018
20187,03/18/26 04:20:53 PM,4.34,7.01,276.6,22.346,20.868,1069.350,-1.110
20188,03/18/26 04:30:53 PM,4.34,7.01,279.4,22.467,20.868,1069.350,-1.010
20189,03/18/26 04:40:53 PM,4.68,7.35,289.2,22.234,20.787,1069.350,-1.256
20190,03/18/26 04:50:53 PM,4.34,6.35,293.4,22.223,21.155,1069.350,-1.026
20191,03/18/26 05:00:53 PM,4.68,7.68,286.4,22.298,21.444,1069.350,-0.778
20192,03/18/26 05:10:53 PM,4.34,6.68,307.5,22.188,22.335,1069.350,-0.312
20193,03/18/26 05:20:53 PM,4.34,7.01,296.2,22.234,22.701,1069.350,-0.051
20194,03/18/26 05:30:53 PM,4.34,6.68,301.8,22.196,22.890,1069.350,0.032
20195,03/18/26 05:40:53 PM,3.67,6.35,300.4,22.413,22.934,1069.350,0.240
20196,03/18/26 05:50:53 PM,3.34,5.34,294.8,22.266,23.030,1069.350,0.174
20197,03/18/26 06:00:53 PM,4.01,6.01,310.3,21.936,22.695,1069.350,-0.304
20198,03/18/26 06:10:53 PM,3.67,5.34,303.2,21.778,22.841,1069.350,-0.348
20199,03/18/26 06:20:53 PM,4.01,5.34,311.7,21.555,22.443,1069.350,-0.775
20200,03/18/26 06:30:53 PM,3.34,5.01,314.5,21.400,22.518,1069.350,-0.859
20201,03/18/26 06:40:53 PM,3.34,5.01,327.1,21.118,21.900,1069.350,-1.474
20202,03/18/26 06:50:53 PM,3.34,4.68,328.5,20.778,22.347,1069.350,-1.484
20203,03/18/26 07:00:53 PM,3.01,4.68,324.3,20.311,24.298,1069.350,-0.735
20204,03/18/26 07:10:53 PM,2.67,3.67,315.9,19.756,25.548,1069.350,-0.518
20205,03/18/26 07:20:53 PM,2.34,3.34,311.7,18.735,27.868,1069.350,-0.198
20206,03/18/26 07:30:53 PM,2.67,3.34,311.7,17.488,29.603,1069.350,-0.444
20207,03/18/26 07:40:53 PM,2.34,3.67,311.7,16.057,31.171,1069.350,-0.981
20208,03/18/26 07:50:53 PM,1.34,2.00,283.6,13.904,35.200,1069.350,-1.214
20209,03/18/26 08:00:53 PM,1.67,2.67,237.3,12.110,38.978,1069.350,-1.423
20210,03/18/26 08:10:53 PM,1.34,2.34,244.3,11.373,39.686,1069.350,-1.840
20211,03/18/26 08:20:53 PM,1.34,2.00,234.5,10.781,40.508,1069.350,-2.095
20212,03/18/26 08:30:53 PM,1.67,2.34,249.9,11.424,38.405,1069.350,-2.238
20213,03/18/26 08:40:53 PM,1.67,2.67,247.1,11.523,37.974,1069.350,-2.302
20214,03/18/26 08:50:53 PM,2.00,2.67,259.7,10.617,40.053,1069.350,-2.395
20215,03/18/26 09:00:53 PM,2.00,3.01,279.4,10.408,40.388,1069.350,-2.471
20216,03/18/26 09:10:53 PM,2.34,3.01,258.3,10.705,38.944,1069.350,-2.694
20217,03/18/26 09:20:53 PM,2.34,3.34,256.9,9.842,41.154,1069.350,-2.728
20218,03/18/26 09:30:53 PM,2.67,3.34,269.6,9.344,43.310,1069.350,-2.491
20219,03/18/26 09:40:53 PM,2.34,2.67,287.8,8.848,44.379,1069.350,-2.614
20220,03/18/26 09:50:53 PM,1.67,2.00,289.2,9.027,44.005,1069.350,-2.565
20221,03/18/26 10:00:53 PM,1.00,1.67,293.4,8.807,44.788,1069.350,-2.527
20222,03/18/26 10:10:53 PM,0.33,1.34,317.3,9.022,43.285,1069.350,-2.791
20223,03/18/26 10:20:53 PM,1.34,3.01,174.1,7.333,49.409,1069.350,-2.556
20224,03/18/26 10:30:53 PM,1.34,2.34,283.6,6.735,51.327,1069.350,-2.596
20225,03/18/26 10:40:53 PM,2.00,2.67,307.5,6.411,51.238,1069.350,-2.920
20226,03/18/26 10:50:53 PM,2.34,3.01,294.8,7.365,46.918,1069.350,-3.222
20227,03/18/26 11:00:53 PM,2.00,2.67,273.8,8.054,44.868,1069.350,-3.190
20228,03/18/26 11:10:53 PM,2.34,3.01,273.8,5.628,53.469,1069.350,-3.075
20229,03/18/26 11:20:53 PM,2.34,3.34,278.0,6.775,49.102,1069.350,-3.154
20230,03/18/26 11:30:53 PM,1.67,3.67,321.5,7.622,45.623,1069.350,-3.361
20231,03/18/26 11:40:53 PM,1.00,2.34,272.4,7.491,46.511,1069.350,-3.223
20232,03/18/26 11:50:53 PM,0.67,1.34,306.1,5.952,51.321,1069.350,-3.323
20233,03/19/26 12:00:53 AM,0.67,1.67,306.1,6.671,48.231,1069.350,-3.490
20234,03/19/26 12:10:53 AM,2.00,2.67,297.6,7.553,45.492,1069.350,-3.462
20235,03/19/26 12:20:53 AM,2.34,2.67,289.2,7.006,47.228,1069.350,-3.463
20236,03/19/26 12:30:53 AM,1.67,3.01,311.7,7.046,47.333,1069.350,-3.396
20237,03/19/26 12:40:53 AM,1.34,2.34,286.4,6.898,47.727,1069.350,-3.421
20238,03/19/26 12:50:53 AM,3.01,4.34,289.2,6.794,47.944,1069.350,-3.456
20239,03/19/26 01:00:53 AM,2.00,3.67,290.6,6.523,48.409,1069.350,-3.577
20240,03/19/26 01:10:53 AM,2.34,3.34,300.4,6.341,49.390,1069.350,-3.476
20241,03/19/26 01:20:53 AM,2.34,3.34,299.0,5.716,51.383,1069.350,-3.526
20242,03/19/26 01:30:53 AM,2.00,3.34,279.4,5.939,50.402,1069.350,-3.577
20243,03/19/26 01:40:53 AM,1.00,3.01,292.0,6.595,48.067,1069.350,-3.605
20244,03/19/26 01:50:53 AM,1.00,2.67,300.4,6.335,48.870,1069.350,-3.623
20245,03/19/26 02:00:53 AM,1.00,1.34,23.9,5.523,51.524,1069.350,-3.668
20246,03/19/26 02:10:53 AM,1.34,2.34,0.0,4.984,52.750,1069.350,-3.855
20247,03/19/26 02:20:53 AM,2.34,3.34,304.7,4.721,53.736,1069.350,-3.853
20248,03/19/26 02:30:53 AM,2.67,3.67,300.4,4.711,54.813,1069.350,-3.598
20249,03/19/26 02:40:53 AM,2.67,3.67,293.4,4.663,55.196,1069.350,-3.550
20250,03/19/26 02:50:53 AM,1.67,2.34,299.0,4.322,56.440,1069.350,-3.572
20251,03/19/26 03:00:53 AM,1.34,2.00,318.7,4.137,56.153,1069.350,-3.813
20252,03/19/26 03:10:53 AM,1.00,2.00,311.7,4.309,55.813,1069.350,-3.733
20253,03/19/26 03:20:53 AM,1.34,2.34,292.0,4.609,55.169,1069.350,-3.607
20254,03/19/26 03:30:53 AM,1.67,2.34,290.6,4.443,55.904,1069.350,-3.586
20255,03/19/26 03:40:53 AM,1.34,2.00,294.8,3.872,57.566,1069.350,-3.730
20256,03/19/26 03:50:53 AM,1.34,1.67,306.1,3.215,58.904,1069.350,-4.042
20257,03/19/26 04:00:53 AM,1.34,2.00,306.1,3.354,58.517,1069.350,-3.999
20258,03/19/26 04:10:53 AM,2.00,2.67,297.6,3.301,59.239,1069.350,-3.886
20259,03/19/26 04:20:53 AM,1.67,2.34,294.8,3.335,59.438,1069.350,-3.809
20260,03/19/26 04:30:53 AM,1.67,2.34,294.8,3.791,58.036,1069.350,-3.698
20261,03/19/26 04:40:53 AM,1.67,2.34,286.4,3.955,57.031,1069.350,-3.777
20262,03/19/26 04:50:53 AM,1.34,2.34,306.1,4.212,55.816,1069.350,-3.823
20263,03/19/26 05:00:53 AM,0.67,3.01,304.7,4.545,54.755,1069.350,-3.767
20264,03/19/26 05:10:53 AM,1.00,3.34,286.4,4.585,55.387,1069.350,-3.577
20265,03/19/26 05:20:53 AM,1.00,2.34,275.2,4.507,55.245,1069.350,-3.684
20266,03/19/26 05:30:53 AM,1.34,2.67,276.6,3.386,59.074,1069.350,-3.843
20267,03/19/26 05:40:53 AM,1.67,2.34,275.2,3.609,58.703,1069.350,-3.717
20268,03/19/26 05:50:53 AM,1.67,2.34,285.0,3.904,57.626,1069.350,-3.686
20269,03/19/26 06:00:53 AM,1.67,2.67,297.6,4.665,54.284,1069.350,-3.770
20270,03/19/26 06:10:53 AM,2.67,4.01,306.1,5.443,52.410,1069.350,-3.515
20271,03/19/26 06:20:53 AM,2.00,3.34,289.2,6.569,48.896,1069.350,-3.401
20272,03/19/26 06:30:53 AM,1.34,3.34,289.2,6.604,48.743,1069.350,-3.410
20273,03/19/26 06:40:53 AM,1.34,3.01,254.1,7.140,46.777,1069.350,-3.468
20274,03/19/26 06:50:53 AM,0.33,2.00,292.0,6.041,50.187,1069.350,-3.540
20275,03/19/26 07:00:53 AM,0.67,1.67,301.8,5.199,52.081,1069.350,-3.826
20276,03/19/26 07:10:53 AM,1.67,2.00,276.6,3.949,56.518,1069.350,-3.903
20277,03/19/26 07:20:53 AM,1.67,2.34,283.6,2.947,59.770,1069.350,-4.101
20278,03/19/26 07:30:53 AM,2.00,2.67,275.2,3.397,57.948,1069.350,-4.089
20279,03/19/26 07:40:53 AM,2.00,3.67,254.1,3.890,56.484,1069.350,-3.966
20280,03/19/26 07:50:53 AM,2.34,3.67,251.3,3.982,56.620,1069.350,-3.848
20281,03/19/26 08:00:53 AM,2.00,3.01,249.9,3.724,57.707,1069.350,-3.837
20282,03/19/26 08:10:53 AM,2.00,4.01,251.3,5.000,54.434,1069.350,-3.421
20283,03/19/26 08:20:53 AM,2.34,4.01,259.7,7.153,48.959,1069.350,-2.845
20284,03/19/26 08:30:53 AM,2.00,4.34,241.5,8.065,46.725,1069.350,-2.635
20285,03/19/26 08:40:53 AM,1.00,3.01,262.5,9.317,44.045,1069.350,-2.289
20286,03/19/26 08:50:53 AM,1.34,3.01,242.9,10.011,43.363,1069.350,-1.869
20287,03/19/26 09:00:53 AM,1.34,2.67,266.7,11.183,41.340,1069.350,-1.457
20288,03/19/26 09:10:53 AM,1.34,3.67,262.5,11.998,41.077,1069.350,-0.809
20289,03/19/26 09:20:53 AM,1.67,4.01,271.0,12.671,40.565,1069.350,-0.374
20290,03/19/26 09:30:53 AM,3.34,5.68,313.1,13.370,39.812,1069.350,-0.004
20291,03/19/26 09:40:53 AM,4.01,6.01,314.5,14.145,38.724,1069.350,0.309
20292,03/19/26 09:50:53 AM,3.01,4.68,307.5,15.537,37.043,1069.350,0.936
20293,03/19/26 10:00:53 AM,3.01,4.68,301.8,16.381,35.984,1069.350,1.283
20294,03/19/26 10:10:53 AM,3.34,4.68,300.4,16.899,33.634,1069.350,0.802
20295,03/19/26 10:20:53 AM,3.01,4.34,279.4,17.319,33.509,1069.350,1.119
20296,03/19/26 10:30:53 AM,2.67,4.01,282.2,17.947,34.058,1069.350,1.898
20297,03/19/26 10:40:53 AM,3.01,4.01,271.0,18.454,32.702,1069.350,1.775
20298,03/19/26 10:50:53 AM,2.67,4.01,266.7,19.000,31.435,1069.350,1.700
20299,03/19/26 11:00:53 AM,3.01,5.01,255.5,19.858,29.183,1069.350,1.407
20300,03/19/26 11:10:53 AM,3.34,5.68,271.0,20.218,27.289,1069.350,0.784
20301,03/19/26 11:20:53 AM,3.01,5.01,258.3,20.628,27.379,1069.350,1.181
20302,03/19/26 11:30:53 AM,3.34,6.35,247.1,20.856,26.345,1069.350,0.841
20303,03/19/26 11:40:53 AM,3.67,6.35,268.1,21.113,25.234,1069.350,0.464
20304,03/19/26 11:50:53 AM,3.67,5.68,252.7,21.403,24.317,1069.350,0.198
20305,03/19/26 12:00:53 PM,4.01,6.35,255.5,21.328,24.283,1069.350,0.115
20306,03/19/26 12:10:53 PM,4.01,6.68,255.5,21.539,24.526,1069.350,0.431
20307,03/19/26 12:20:53 PM,4.01,7.01,259.7,21.588,25.161,1069.350,0.826
20308,03/19/26 12:30:53 PM,4.34,7.35,266.7,21.550,25.824,1069.350,1.155
20309,03/19/26 12:40:53 PM,5.01,7.35,279.4,21.311,26.352,1069.350,1.233
20310,03/19/26 12:50:53 PM,5.68,8.68,286.4,21.167,26.896,1069.350,1.394
20311,03/19/26 01:00:53 PM,5.34,8.35,272.4,21.177,26.741,1069.350,1.322
20312,03/19/26 01:10:53 PM,5.01,8.68,259.7,21.617,26.484,1069.350,1.563
20313,03/19/26 01:20:53 PM,4.68,8.35,259.7,21.880,26.337,1069.350,1.710
20314,03/19/26 01:30:53 PM,5.34,8.68,271.0,21.754,26.654,1069.350,1.769
20315,03/19/26 01:40:53 PM,5.68,8.35,278.0,21.647,26.284,1069.350,1.483
20316,03/19/26 01:50:53 PM,5.68,8.68,294.8,21.639,26.221,1069.350,1.443
20317,03/19/26 02:00:53 PM,5.01,7.68,278.0,21.805,26.270,1069.350,1.610
20318,03/19/26 02:10:53 PM,5.34,8.35,258.3,22.126,26.525,1069.350,2.019
20319,03/19/26 02:20:53 PM,5.34,8.68,252.7,22.067,26.851,1069.350,2.139
20320,03/19/26 02:30:53 PM,5.01,8.35,263.9,22.228,26.787,1069.350,2.243
20321,03/19/26 02:40:53 PM,5.34,8.02,262.5,21.952,27.498,1069.350,2.375
20322,03/19/26 02:50:53 PM,5.01,8.02,261.1,22.228,26.987,1069.350,2.348
20323,03/19/26 03:00:53 PM,5.01,8.68,259.7,22.378,26.740,1069.350,2.347
20324,03/19/26 03:10:53 PM,5.01,7.68,275.2,22.003,26.653,1069.350,1.981
20325,03/19/26 03:20:53 PM,4.68,8.35,263.9,22.336,26.488,1069.350,2.178
20326,03/19/26 03:30:53 PM,5.01,8.68,275.2,22.456,26.384,1069.350,2.225
20327,03/19/26 03:40:53 PM,4.34,8.35,278.0,22.451,26.546,1069.350,2.307
20328,03/19/26 03:50:53 PM,4.68,8.35,261.1,22.687,26.461,1069.350,2.463
20329,03/19/26 04:00:53 PM,4.68,7.68,269.6,22.295,26.392,1069.350,2.092
20330,03/19/26 04:10:53 PM,5.01,8.68,276.6,22.411,26.458,1069.350,2.226
20331,03/19/26 04:20:53 PM,5.34,9.02,273.8,22.175,26.145,1069.350,1.859
20332,03/19/26 04:30:53 PM,4.68,8.68,258.3,22.496,26.636,1069.350,2.393
20333,03/19/26 04:40:53 PM,5.68,8.68,265.3,22.183,24.855,1069.350,1.160
20334,03/19/26 04:50:53 PM,5.34,8.35,261.1,22.373,24.997,1069.350,1.400
20335,03/19/26 05:00:53 PM,4.68,7.68,271.0,22.368,25.286,1069.350,1.556
20336,03/19/26 05:10:53 PM,4.68,7.01,273.8,22.193,25.904,1069.350,1.744
20337,03/19/26 05:20:53 PM,4.01,7.01,272.4,22.357,25.956,1069.350,1.912
20338,03/19/26 05:30:53 PM,4.01,6.01,258.3,22.373,25.573,1069.350,1.718
20339,03/19/26 05:40:53 PM,4.01,6.35,258.3,22.239,26.329,1069.350,2.011
20340,03/19/26 05:50:53 PM,3.67,6.35,271.0,22.204,26.706,1069.350,2.180
20341,03/19/26 06:00:53 PM,3.67,6.01,265.3,22.172,25.971,1069.350,1.763
20342,03/19/26 06:10:53 PM,3.67,5.68,286.4,21.864,26.925,1069.350,2.005
20343,03/19/26 06:20:53 PM,4.01,5.68,282.2,21.684,26.908,1069.350,1.842
20344,03/19/26 06:30:53 PM,3.34,4.68,268.1,21.529,27.222,1069.350,1.872
20345,03/19/26 06:40:53 PM,2.67,3.67,285.0,21.413,28.038,1069.350,2.186
20346,03/19/26 06:50:53 PM,2.67,3.67,306.1,21.008,28.713,1069.350,2.171
20347,03/19/26 07:00:53 PM,2.34,4.01,301.8,20.513,29.784,1069.350,2.258
20348,03/19/26 07:10:53 PM,2.00,2.67,303.2,19.765,32.015,1069.350,2.623
20349,03/19/26 07:20:53 PM,2.00,3.01,310.3,18.697,33.867,1069.350,2.478
20350,03/19/26 07:30:53 PM,2.34,3.67,314.5,17.874,34.003,1069.350,1.811
20351,03/19/26 07:40:53 PM,2.34,3.01,315.9,16.545,36.397,1069.350,1.587
20352,03/19/26 07:50:53 PM,2.67,3.01,322.9,15.108,38.976,1069.350,1.260
20353,03/19/26 08:00:53 PM,3.01,4.01,327.1,13.952,41.619,1069.350,1.134
20354,03/19/26 08:10:53 PM,3.01,3.67,325.7,13.309,42.748,1069.350,0.925
20355,03/19/26 08:20:53 PM,3.01,3.67,325.7,12.697,43.931,1069.350,0.748
20356,03/19/26 08:30:53 PM,2.00,3.34,317.3,11.998,45.466,1069.350,0.587
20357,03/19/26 08:40:53 PM,1.67,3.01,247.1,10.571,49.023,1069.350,0.320
20358,03/19/26 08:50:53 PM,2.00,2.34,255.5,10.258,49.671,1069.350,0.213
20359,03/19/26 09:00:53 PM,2.00,3.01,289.2,9.842,50.756,1069.350,0.127
20360,03/19/26 09:10:53 PM,1.67,2.67,283.6,10.861,47.083,1069.350,0.030
20361,03/19/26 09:20:53 PM,2.00,2.67,263.9,9.880,50.211,1069.350,0.013
20362,03/19/26 09:30:53 PM,2.00,2.67,279.4,10.480,47.868,1069.350,-0.092
20363,03/19/26 09:40:53 PM,2.00,2.67,269.6,10.925,46.441,1069.350,-0.100
20364,03/19/26 09:50:53 PM,2.00,3.01,268.1,10.411,48.219,1069.350,-0.055
20365,03/19/26 10:00:53 PM,1.00,2.00,282.2,9.209,51.662,1069.350,-0.215
20366,03/19/26 10:10:53 PM,0.67,1.67,318.7,8.250,54.879,1069.350,-0.277
20367,03/19/26 10:20:53 PM,0.67,1.34,47.7,7.142,59.290,1069.350,-0.255
20368,03/19/26 10:30:53 PM,0.33,1.34,103.9,7.043,59.518,1069.350,-0.295
20369,03/19/26 10:40:53 PM,0.00,1.00,75.8,7.499,57.472,1069.350,-0.347
20370,03/19/26 10:50:53 PM,0.33,1.67,304.7,7.617,56.352,1069.350,-0.506
20371,03/19/26 11:00:53 PM,0.67,1.67,245.7,7.226,57.476,1069.350,-0.602
20372,03/19/26 11:10:53 PM,0.33,1.34,308.9,7.397,56.832,1069.350,-0.596
20373,03/19/26 11:20:53 PM,1.67,2.34,276.6,6.499,59.704,1069.350,-0.765
20374,03/19/26 11:30:53 PM,1.67,2.34,303.2,6.789,58.036,1069.350,-0.880
20375,03/19/26 11:40:53 PM,2.67,4.34,307.5,7.735,52.497,1069.350,-1.363
20376,03/19/26 11:50:53 PM,2.34,3.67,275.2,8.215,50.736,1069.350,-1.383
20377,03/20/26 12:00:53 AM,2.34,3.34,276.6,7.167,53.816,1069.350,-1.554
20378,03/20/26 12:10:53 AM,2.00,3.01,263.9,8.049,51.037,1069.350,-1.456
20379,03/20/26 12:20:53 AM,1.00,2.34,227.4,6.153,58.170,1069.350,-1.446
20380,03/20/26 12:30:53 AM,0.67,1.67,310.3,7.008,54.823,1069.350,-1.451
20381,03/20/26 12:40:53 AM,2.34,3.67,301.8,7.226,52.709,1069.350,-1.782
20382,03/20/26 12:50:53 AM,2.67,4.01,315.9,7.322,52.651,1069.350,-1.707
20383,03/20/26 01:00:53 AM,3.01,4.01,299.0,7.322,52.642,1069.350,-1.710
20384,03/20/26 01:10:53 AM,3.34,4.34,299.0,7.400,52.047,1069.350,-1.791
20385,03/20/26 01:20:53 AM,3.01,4.68,287.8,7.472,51.585,1069.350,-1.845
20386,03/20/26 01:30:53 AM,2.34,4.01,272.4,7.239,52.416,1069.350,-1.845
20387,03/20/26 01:40:53 AM,2.34,3.67,282.2,7.373,51.911,1069.350,-1.852
20388,03/20/26 01:50:53 AM,2.34,3.34,278.0,7.566,50.990,1069.350,-1.916
20389,03/20/26 02:00:53 AM,2.00,3.34,301.8,7.756,50.338,1069.350,-1.914
20390,03/20/26 02:10:53 AM,2.00,4.34,286.4,7.577,51.133,1069.350,-1.867
20391,03/20/26 02:20:53 AM,2.34,4.34,311.7,7.555,51.055,1069.350,-1.908
20392,03/20/26 02:30:53 AM,0.67,1.67,292.0,7.606,50.596,1069.350,-1.984
20393,03/20/26 02:40:53 AM,1.34,2.67,293.4,7.499,50.626,1069.350,-2.074
20394,03/20/26 02:50:53 AM,1.00,3.01,290.6,7.944,49.441,1069.350,-1.984
20395,03/20/26 03:00:53 AM,1.34,2.34,297.6,7.260,51.637,1069.350,-2.028
20396,03/20/26 03:10:53 AM,1.34,2.00,268.1,6.941,52.834,1069.350,-2.014
20397,03/20/26 03:20:53 AM,1.34,2.00,278.0,6.673,54.032,1069.350,-1.960
20398,03/20/26 03:30:53 AM,1.34,2.00,272.4,6.078,56.231,1069.350,-1.976
20399,03/20/26 03:40:53 AM,1.00,2.00,258.3,7.003,53.376,1069.350,-1.818
20400,03/20/26 03:50:53 AM,1.00,2.00,282.2,6.429,55.233,1069.350,-1.890
20401,03/20/26 04:00:53 AM,1.34,3.34,287.8,6.957,53.437,1069.350,-1.846
20402,03/20/26 04:10:53 AM,1.67,2.67,272.4,6.392,55.377,1069.350,-1.890
20403,03/20/26 04:20:53 AM,1.67,2.34,271.0,5.834,57.243,1069.350,-1.964
20404,03/20/26 04:30:53 AM,1.00,1.67,269.6,5.906,57.317,1069.350,-1.878
20405,03/20/26 04:40:53 AM,1.00,2.00,308.9,6.507,54.684,1069.350,-1.953
20406,03/20/26 04:50:53 AM,2.00,2.67,338.3,6.089,56.028,1069.350,-2.015
20407,03/20/26 05:00:53 AM,0.67,2.67,280.8,5.167,59.516,1069.350,-2.064
20408,03/20/26 05:10:53 AM,0.33,1.00,256.9,4.979,60.453,1069.350,-2.030
20409,03/20/26 05:20:53 AM,0.00,0.33,256.9,4.534,61.599,1069.350,-2.197
20410,03/20/26 05:30:53 AM,0.33,1.34,263.9,4.475,62.094,1069.350,-2.145
20411,03/20/26 05:40:53 AM,1.34,2.00,297.6,6.145,56.370,1069.350,-1.880
20412,03/20/26 05:50:53 AM,1.67,2.67,289.2,4.059,62.535,1069.350,-2.444
20413,03/20/26 06:00:53 AM,2.00,3.67,294.8,5.204,60.218,1069.350,-1.870
20414,03/20/26 06:10:53 AM,1.67,2.67,280.8,5.263,59.026,1069.350,-2.085
20415,03/20/26 06:20:53 AM,1.67,4.34,296.2,5.998,57.250,1069.350,-1.808
20416,03/20/26 06:30:53 AM,1.00,2.00,255.5,4.303,62.396,1069.350,-2.242
20417,03/20/26 06:40:53 AM,1.67,2.67,272.4,4.633,62.083,1069.350,-1.997
20418,03/20/26 06:50:53 AM,1.67,2.34,278.0,5.212,60.533,1069.350,-1.792
20419,03/20/26 07:00:53 AM,2.00,3.01,292.0,5.510,59.736,1069.350,-1.691
20420,03/20/26 07:10:53 AM,3.01,4.34,283.6,6.561,56.602,1069.350,-1.435
20421,03/20/26 07:20:53 AM,2.67,4.68,285.0,6.126,57.572,1069.350,-1.612
20422,03/20/26 07:30:53 AM,3.34,5.01,290.6,6.357,56.901,1069.350,-1.554
20423,03/20/26 07:40:53 AM,2.67,4.68,278.0,5.845,58.662,1069.350,-1.621
20424,03/20/26 07:50:53 AM,1.67,3.67,269.6,5.915,59.249,1069.350,-1.420
20425,03/20/26 08:00:53 AM,2.00,3.34,271.0,6.456,58.213,1069.350,-1.151
20426,03/20/26 08:10:53 AM,2.34,3.34,285.0,6.732,57.987,1069.350,-0.945
20427,03/20/26 08:20:53 AM,1.34,3.34,317.3,7.258,56.907,1069.350,-0.708
20428,03/20/26 08:30:53 AM,0.33,1.34,300.4,7.797,56.217,1069.350,-0.370
20429,03/20/26 08:40:53 AM,0.33,1.00,287.8,8.274,56.577,1069.350,0.164
20430,03/20/26 08:50:53 AM,0.00,0.67,199.4,9.236,55.161,1069.350,0.714
20431,03/20/26 09:00:53 AM,0.67,2.34,242.9,10.612,50.710,1069.350,0.826
20432,03/20/26 09:10:53 AM,1.00,2.67,278.0,11.984,47.292,1069.350,1.120
20433,03/20/26 09:20:53 AM,0.67,2.67,203.6,12.987,46.320,1069.350,1.749
20434,03/20/26 09:30:53 AM,0.67,1.34,189.5,13.754,44.388,1069.350,1.852
20435,03/20/26 09:40:53 AM,0.67,1.67,203.6,14.588,42.681,1069.350,2.060
20436,03/20/26 09:50:53 AM,0.33,1.00,245.7,15.558,41.221,1069.350,2.447
20437,03/20/26 10:00:53 AM,0.67,1.67,245.7,16.963,40.427,1069.350,3.436
20438,03/20/26 10:10:53 AM,1.00,2.34,227.4,17.569,38.712,1069.350,3.365
20439,03/20/26 10:20:53 AM,1.67,3.01,228.8,18.065,37.116,1069.350,3.211
20440,03/20/26 10:30:53 AM,2.00,3.67,219.0,18.663,36.014,1069.350,3.315
20441,03/20/26 10:40:53 AM,2.00,3.67,205.0,19.523,34.649,1069.350,3.527
20442,03/20/26 10:50:53 AM,1.00,3.34,249.9,20.357,32.276,1069.350,3.254
20443,03/20/26 11:00:53 AM,1.67,3.01,228.8,21.145,28.620,1069.350,2.244
20444,03/20/26 11:10:53 AM,1.67,3.67,259.7,21.113,27.240,1069.350,1.525
20445,03/20/26 11:20:53 AM,2.00,3.67,273.8,21.242,26.558,1069.350,1.282
20446,03/20/26 11:30:53 AM,2.34,4.01,265.3,21.566,26.229,1069.350,1.385
20447,03/20/26 11:40:53 AM,2.34,4.01,272.4,21.429,26.065,1069.350,1.181
20448,03/20/26 11:50:53 AM,2.67,4.68,290.6,21.630,26.403,1069.350,1.532
20449,03/20/26 12:00:53 PM,2.67,5.68,282.2,21.537,26.014,1069.350,1.246
20450,03/20/26 12:10:53 PM,3.01,4.68,286.4,21.601,26.142,1069.350,1.368
20451,03/20/26 12:20:53 PM,3.34,5.34,271.0,22.285,26.058,1069.350,1.906
20452,03/20/26 12:30:53 PM,3.67,6.68,265.3,22.282,25.885,1069.350,1.810
20453,03/20/26 12:40:53 PM,3.67,6.35,275.2,22.282,26.107,1069.350,1.929
20454,03/20/26 12:50:53 PM,4.01,6.68,280.8,22.177,26.606,1069.350,2.105
20455,03/20/26 01:00:53 PM,3.67,6.35,275.2,22.539,26.226,1069.350,2.212
20456,03/20/26 01:10:53 PM,4.01,6.35,263.9,22.832,26.244,1069.350,2.471
20457,03/20/26 01:20:53 PM,3.67,6.01,268.1,22.968,26.719,1069.350,2.839
20458,03/20/26 01:30:53 PM,3.67,6.68,271.0,23.000,26.551,1069.350,2.777
20459,03/20/26 01:40:53 PM,4.01,7.35,266.7,22.789,26.090,1069.350,2.351
20460,03/20/26 01:50:53 PM,4.01,6.68,273.8,22.950,26.256,1069.350,2.577
20461,03/20/26 02:00:53 PM,4.01,6.01,241.5,23.084,26.036,1069.350,2.573
20462,03/20/26 02:10:53 PM,3.01,5.68,269.6,23.175,25.805,1069.350,2.525
20463,03/20/26 02:20:53 PM,3.34,6.35,272.4,23.097,26.011,1069.350,2.571
20464,03/20/26 02:30:53 PM,3.01,6.01,272.4,23.338,25.992,1069.350,2.765
20465,03/20/26 02:40:53 PM,3.67,6.01,255.5,23.580,25.576,1069.350,2.743
20466,03/20/26 02:50:53 PM,3.67,6.68,258.3,23.467,25.452,1069.350,2.579
20467,03/20/26 03:00:53 PM,3.67,6.01,272.4,23.344,25.429,1069.350,2.462
20468,03/20/26 03:10:53 PM,4.34,7.01,283.6,23.151,25.298,1069.350,2.226
20469,03/20/26 03:20:53 PM,3.67,7.35,292.0,23.266,24.858,1069.350,2.078
20470,03/20/26 03:30:53 PM,3.34,7.01,294.8,23.287,24.358,1069.350,1.811
20471,03/20/26 03:40:53 PM,3.34,5.68,294.8,23.719,24.396,1069.350,2.197
20472,03/20/26 03:50:53 PM,3.67,6.35,296.2,23.872,24.871,1069.350,2.597
20473,03/20/26 04:00:53 PM,4.01,7.68,279.4,24.051,24.224,1069.350,2.378
20474,03/20/26 04:10:53 PM,5.01,8.35,292.0,23.647,24.231,1069.350,2.041
20475,03/20/26 04:20:53 PM,4.34,7.01,307.5,23.523,24.314,1069.350,1.985
20476,03/20/26 04:30:53 PM,4.01,7.35,285.0,23.751,24.437,1069.350,2.248
20477,03/20/26 04:40:53 PM,3.67,6.35,279.4,24.009,24.256,1069.350,2.361
20478,03/20/26 04:50:53 PM,3.01,5.68,271.0,24.566,24.149,1069.350,2.768
20479,03/20/26 05:00:53 PM,3.34,6.01,286.4,24.437,24.262,1069.350,2.725
20480,03/20/26 05:10:53 PM,3.34,6.01,293.4,24.022,24.472,1069.350,2.496
20481,03/20/26 05:20:53 PM,3.67,6.01,317.3,23.531,24.816,1069.350,2.278
20482,03/20/26 05:30:53 PM,3.34,5.01,320.1,23.791,24.741,1069.350,2.455
20483,03/20/26 05:40:53 PM,3.34,5.68,318.7,23.446,24.352,1069.350,1.942
20484,03/20/26 05:50:53 PM,3.34,5.01,308.9,23.644,24.491,1069.350,2.188
20485,03/20/26 06:00:53 PM,3.34,5.01,315.9,22.837,24.805,1069.350,1.685
20486,03/20/26 06:10:53 PM,2.67,4.01,318.7,22.228,25.840,1069.350,1.740
20487,03/20/26 06:20:53 PM,2.34,3.67,311.7,22.223,26.188,1069.350,1.922
20488,03/20/26 06:30:53 PM,2.34,3.67,320.1,22.521,26.439,1069.350,2.310
20489,03/20/26 06:40:53 PM,2.34,3.34,329.9,21.622,27.968,1069.350,2.330
20490,03/20/26 06:50:53 PM,2.34,3.34,331.3,21.204,30.843,1069.350,3.349
20491,03/20/26 07:00:53 PM,2.34,3.34,329.9,21.121,30.265,1069.350,3.009
20492,03/20/26 07:10:53 PM,2.67,3.67,329.9,21.046,30.129,1069.350,2.881
20493,03/20/26 07:20:53 PM,2.00,2.67,332.7,20.325,30.767,1069.350,2.551
20494,03/20/26 07:30:53 PM,2.00,2.67,336.9,19.129,33.378,1069.350,2.653
20495,03/20/26 07:40:53 PM,2.34,2.67,344.0,17.148,38.653,1069.350,2.967
20496,03/20/26 07:50:53 PM,2.00,2.34,336.9,16.092,39.466,1069.350,2.316
20497,03/20/26 08:00:53 PM,2.34,3.34,341.2,15.982,40.018,1069.350,2.412
20498,03/20/26 08:10:53 PM,1.34,2.67,335.5,14.939,42.264,1069.350,2.240
20499,03/20/26 08:20:53 PM,1.00,2.34,272.4,14.322,42.712,1069.350,1.829
20500,03/20/26 08:30:53 PM,0.00,0.33,346.8,14.368,42.016,1069.350,1.642
20501,03/20/26 08:40:53 PM,0.67,3.01,307.5,13.797,44.245,1069.350,1.846
20502,03/20/26 08:50:53 PM,0.67,1.67,19.7,11.030,52.569,1069.350,1.714
20503,03/20/26 09:00:53 PM,1.34,2.00,321.5,11.220,49.516,1069.350,1.057
20504,03/20/26 09:10:53 PM,1.67,2.00,308.9,11.293,47.630,1069.350,0.586
20505,03/20/26 09:20:53 PM,1.67,2.00,301.8,11.386,47.041,1069.350,0.499
20506,03/20/26 09:30:53 PM,2.00,2.67,287.8,10.400,50.024,1069.350,0.442
20507,03/20/26 09:40:53 PM,2.00,2.67,285.0,10.542,49.982,1069.350,0.561
20508,03/20/26 09:50:53 PM,2.00,2.67,266.7,9.033,56.190,1069.350,0.780
20509,03/20/26 10:00:53 PM,2.00,3.01,290.6,8.797,56.716,1069.350,0.688
20510,03/20/26 10:10:53 PM,1.34,2.00,266.7,9.845,52.514,1069.350,0.600
20511,03/20/26 10:20:53 PM,0.00,1.67,210.6,9.167,54.206,1069.350,0.408
20512,03/20/26 10:30:53 PM,0.67,1.67,273.8,9.435,53.223,1069.350,0.404
20513,03/20/26 10:40:53 PM,0.67,1.00,287.8,9.220,53.823,1069.350,0.359
20514,03/20/26 10:50:53 PM,0.67,1.67,300.4,9.242,53.874,1069.350,0.393
20515,03/20/26 11:00:53 PM,1.34,2.00,308.9,8.362,56.001,1069.350,0.106
20516,03/20/26 11:10:53 PM,1.34,2.00,279.4,7.488,59.162,1069.350,0.041
20517,03/20/26 11:20:53 PM,1.34,2.00,294.8,7.456,58.901,1069.350,-0.049
20518,03/20/26 11:30:53 PM,0.67,1.34,297.6,8.185,55.233,1069.350,-0.250
20519,03/20/26 11:40:53 PM,0.67,1.00,297.6,7.783,55.572,1069.350,-0.542
20520,03/20/26 11:50:53 PM,1.00,1.34,297.6,7.247,57.295,1069.350,-0.625
20521,03/21/26 12:00:53 AM,1.00,1.34,307.5,7.368,57.275,1069.350,-0.517
20522,03/21/26 12:10:53 AM,1.00,1.34,307.5,7.542,56.738,1069.350,-0.483
20523,03/21/26 12:20:53 AM,0.33,1.34,307.5,7.370,57.174,1069.350,-0.539
20524,03/21/26 12:30:53 AM,0.00,0.67,307.5,6.778,58.970,1069.350,-0.672
20525,03/21/26 12:40:53 AM,0.67,1.34,307.5,7.089,57.841,1069.350,-0.644
20526,03/21/26 12:50:53 AM,1.00,1.34,307.5,6.239,60.085,1069.350,-0.924
20527,03/21/26 01:00:53 AM,0.67,1.34,307.5,6.325,59.704,1069.350,-0.929
20528,03/21/26 01:10:53 AM,0.33,1.00,307.5,7.295,57.458,1069.350,-0.541
20529,03/21/26 01:20:53 AM,0.33,1.34,307.5,5.630,62.159,1069.350,-1.036
20530,03/21/26 01:30:53 AM,1.00,1.67,300.4,3.995,68.879,1069.350,-1.195
20531,03/21/26 01:40:53 AM,1.00,1.34,300.4,5.424,63.584,1069.350,-0.922
20532,03/21/26 01:50:53 AM,1.34,2.34,310.3,5.381,62.358,1069.350,-1.229
20533,03/21/26 02:00:53 AM,0.67,1.67,329.9,5.743,61.656,1069.350,-1.040
20534,03/21/26 02:10:53 AM,0.67,1.34,315.9,5.802,61.799,1069.350,-0.953
20535,03/21/26 02:20:53 AM,0.33,1.00,315.9,4.882,64.651,1069.350,-1.211
20536,03/21/26 02:30:53 AM,0.00,1.00,315.9,3.751,68.777,1069.350,-1.449
20537,03/21/26 02:40:53 AM,1.00,1.34,315.9,3.794,68.528,1069.350,-1.457
20538,03/21/26 02:50:53 AM,1.34,2.34,297.6,3.831,67.761,1069.350,-1.575
20539,03/21/26 03:00:53 AM,1.67,2.34,286.4,3.266,70.037,1069.350,-1.668
20540,03/21/26 03:10:53 AM,2.00,2.67,286.4,4.558,66.297,1069.350,-1.177
20541,03/21/26 03:20:53 AM,1.67,2.34,278.0,5.464,62.847,1069.350,-1.043
20542,03/21/26 03:30:53 AM,2.00,2.34,265.3,4.644,65.283,1069.350,-1.305
20543,03/21/26 03:40:53 AM,1.67,2.34,273.8,4.502,65.997,1069.350,-1.292
20544,03/21/26 03:50:53 AM,1.34,2.34,279.4,5.274,63.418,1069.350,-1.100
20545,03/21/26 04:00:53 AM,1.00,2.00,285.0,5.553,62.019,1069.350,-1.140
20546,03/21/26 04:10:53 AM,1.00,1.67,266.7,5.016,63.569,1069.350,-1.313
20547,03/21/26 04:20:53 AM,1.34,1.67,266.7,4.837,64.428,1069.350,-1.300
20548,03/21/26 04:30:53 AM,0.67,1.67,268.1,4.258,66.113,1069.350,-1.501
20549,03/21/26 04:40:53 AM,1.34,2.00,293.4,4.829,64.169,1069.350,-1.363
20550,03/21/26 04:50:53 AM,1.67,2.34,292.0,4.352,66.041,1069.350,-1.426
20551,03/21/26 05:00:53 AM,1.67,2.67,268.1,4.571,65.231,1069.350,-1.385
20552,03/21/26 05:10:53 AM,1.67,2.00,294.8,3.724,67.953,1069.350,-1.639
20553,03/21/26 05:20:53 AM,1.34,2.34,287.8,4.105,66.578,1069.350,-1.552
20554,03/21/26 05:30:53 AM,1.00,1.34,299.0,3.459,68.482,1069.350,-1.787
20555,03/21/26 05:40:53 AM,0.33,1.00,299.0,3.933,66.673,1069.350,-1.697
20556,03/21/26 05:50:53 AM,0.00,0.00,299.0,4.191,65.580,1069.350,-1.675
20557,03/21/26 06:00:53 AM,0.00,0.00,299.0,3.971,65.678,1069.350,-1.865
20558,03/21/26 06:10:53 AM,1.00,1.34,299.0,3.478,67.222,1069.350,-2.021
20559,03/21/26 06:20:53 AM,1.34,2.00,286.4,3.585,67.515,1069.350,-1.860
20560,03/21/26 06:30:53 AM,2.00,2.67,280.8,3.266,68.927,1069.350,-1.885
20561,03/21/26 06:40:53 AM,2.00,2.67,282.2,4.070,65.971,1069.350,-1.710
20562,03/21/26 06:50:53 AM,2.00,2.67,290.6,4.478,64.417,1069.350,-1.644
20563,03/21/26 07:00:53 AM,1.34,2.34,290.6,4.309,65.534,1069.350,-1.572
20564,03/21/26 07:10:53 AM,1.00,2.00,282.2,3.606,67.613,1069.350,-1.820
20565,03/21/26 07:20:53 AM,1.67,2.67,283.6,3.888,67.584,1069.350,-1.556
20566,03/21/26 07:30:53 AM,1.34,2.67,287.8,4.697,64.848,1069.350,-1.345
20567,03/21/26 07:40:53 AM,1.67,2.00,271.0,2.882,70.249,1069.350,-1.996
20568,03/21/26 07:50:53 AM,1.34,2.00,265.3,2.215,74.195,1069.350,-1.900
20569,03/21/26 08:00:53 AM,1.67,2.67,279.4,2.917,72.462,1069.350,-1.542
20570,03/21/26 08:10:53 AM,2.00,2.67,280.8,3.282,71.553,1069.350,-1.362
20571,03/21/26 08:20:53 AM,2.34,3.01,265.3,4.365,68.606,1069.350,-0.894
20572,03/21/26 08:30:53 AM,2.34,3.67,259.7,6.550,61.129,1069.350,-0.394
20573,03/21/26 08:40:53 AM,2.34,3.01,259.7,7.644,59.640,1069.350,0.299
20574,03/21/26 08:50:53 AM,2.00,5.34,272.4,8.936,56.078,1069.350,0.661
20575,03/21/26 09:00:53 AM,2.67,4.68,256.9,11.065,50.033,1069.350,1.058
20576,03/21/26 09:10:53 AM,2.34,4.68,271.0,11.593,50.912,1069.350,1.788
20577,03/21/26 09:20:53 AM,4.01,6.01,304.7,11.708,50.752,1069.350,1.850
20578,03/21/26 09:30:53 AM,3.67,5.34,299.0,12.890,47.864,1069.350,2.119
20579,03/21/26 09:40:53 AM,4.01,5.68,304.7,13.392,46.213,1069.350,2.086
20580,03/21/26 09:50:53 AM,4.34,6.35,287.8,14.386,43.323,1069.350,2.086
20581,03/21/26 10:00:53 AM,3.67,5.68,293.4,15.153,43.931,1069.350,2.977
20582,03/21/26 10:10:53 AM,3.34,5.01,276.6,16.100,41.169,1069.350,2.917
20583,03/21/26 10:20:53 AM,3.67,5.68,287.8,16.684,40.116,1069.350,3.076
20584,03/21/26 10:30:53 AM,3.67,5.68,278.0,16.748,40.458,1069.350,3.254
20585,03/21/26 10:40:53 AM,4.34,6.35,269.6,16.791,42.254,1069.350,3.908
20586,03/21/26 10:50:53 AM,5.34,8.35,262.5,16.925,43.066,1069.350,4.301
20587,03/21/26 11:00:53 AM,6.01,8.02,269.6,16.121,44.976,1069.350,4.190
20588,03/21/26 11:10:53 AM,5.34,8.02,265.3,15.684,46.249,1069.350,4.190
20589,03/21/26 11:20:53 AM,5.01,7.01,275.2,15.716,46.673,1069.350,4.349
20590,03/21/26 11:30:53 AM,5.68,8.68,268.1,16.290,46.134,1069.350,4.707
20591,03/21/26 11:40:53 AM,6.35,9.35,268.1,17.132,44.891,1069.350,5.082
20592,03/21/26 11:50:53 AM,6.35,9.68,273.8,17.392,44.691,1069.350,5.254
20593,03/21/26 12:00:53 PM,6.35,8.68,271.0,16.764,45.763,1069.350,5.024
20594,03/21/26 12:10:53 PM,6.35,9.02,276.6,17.419,44.654,1069.350,5.267
20595,03/21/26 12:20:53 PM,6.01,10.69,276.6,17.842,44.276,1069.350,5.529
20596,03/21/26 12:30:53 PM,7.35,10.69,271.0,16.877,45.673,1069.350,5.098
20597,03/21/26 12:40:53 PM,7.35,10.02,278.0,17.081,44.967,1069.350,5.060
20598,03/21/26 12:50:53 PM,7.68,11.35,279.4,17.338,44.727,1069.350,5.217
20599,03/21/26 01:00:53 PM,8.02,11.35,280.8,17.566,44.312,1069.350,5.290
20600,03/21/26 01:10:53 PM,8.02,11.02,280.8,17.907,43.720,1069.350,5.406
20601,03/21/26 01:20:53 PM,7.68,12.36,273.8,17.756,43.693,1069.350,5.260
20602,03/21/26 01:30:53 PM,7.35,12.02,263.9,18.092,43.000,1069.350,5.334
20603,03/21/26 01:40:53 PM,7.01,11.35,275.2,18.110,42.974,1069.350,5.342
20604,03/21/26 01:50:53 PM,7.01,10.69,275.2,17.958,43.253,1069.350,5.297
20605,03/21/26 02:00:53 PM,7.01,10.69,278.0,18.196,41.128,1069.350,4.789
20606,03/21/26 02:10:53 PM,7.68,11.69,269.6,18.102,40.137,1069.350,4.356
20607,03/21/26 02:20:53 PM,7.68,11.35,280.8,18.113,39.106,1069.350,3.995
20608,03/21/26 02:30:53 PM,7.35,11.02,276.6,18.070,39.094,1069.350,3.952
20609,03/21/26 02:40:53 PM,7.01,10.35,290.6,18.293,39.989,1069.350,4.474
20610,03/21/26 02:50:53 PM,7.01,11.35,287.8,18.491,39.689,1069.350,4.544
20611,03/21/26 03:00:53 PM,7.01,11.35,272.4,18.534,38.155,1069.350,4.020
20612,03/21/26 03:10:53 PM,7.01,11.02,287.8,17.740,39.126,1069.350,3.668
20613,03/21/26 03:20:53 PM,7.01,11.69,278.0,17.427,39.791,1069.350,3.627
20614,03/21/26 03:30:53 PM,6.35,9.68,286.4,17.234,40.354,1069.350,3.654
20615,03/21/26 03:40:53 PM,6.68,10.35,276.6,17.000,40.415,1069.350,3.465
20616,03/21/26 03:50:53 PM,6.01,10.69,283.6,17.437,40.043,1069.350,3.726
20617,03/21/26 04:00:53 PM,7.01,10.35,279.4,17.239,41.140,1069.350,3.932
20618,03/21/26 04:10:53 PM,7.01,10.02,282.2,17.075,41.286,1069.350,3.835
20619,03/21/26 04:20:53 PM,6.35,10.69,276.6,17.695,40.168,1069.350,4.002
20620,03/21/26 04:30:53 PM,7.01,11.69,280.8,17.687,40.269,1069.350,4.030
20621,03/21/26 04:40:53 PM,7.35,11.02,273.8,17.035,41.608,1069.350,3.909
20622,03/21/26 04:50:53 PM,6.68,11.02,278.0,16.909,42.289,1069.350,4.027
20623,03/21/26 05:00:53 PM,6.68,11.69,279.4,16.448,42.969,1069.350,3.837
20624,03/21/26 05:10:53 PM,6.68,10.69,282.2,16.856,42.843,1069.350,4.164
20625,03/21/26 05:20:53 PM,6.01,8.68,290.6,17.282,42.600,1069.350,4.468
20626,03/21/26 05:30:53 PM,6.35,10.02,296.2,17.529,41.753,1069.350,4.404
20627,03/21/26 05:40:53 PM,6.35,9.35,286.4,17.108,42.307,1069.350,4.212
20628,03/21/26 05:50:53 PM,6.68,10.02,311.7,16.901,43.110,1069.350,4.293
20629,03/21/26 06:00:53 PM,6.68,9.68,300.4,16.740,43.407,1069.350,4.246
20630,03/21/26 06:10:53 PM,6.68,9.68,304.7,16.496,44.462,1069.350,4.367
20631,03/21/26 06:20:53 PM,6.01,9.02,306.1,16.148,45.422,1069.350,4.355
20632,03/21/26 06:30:53 PM,6.35,9.02,313.1,15.987,46.047,1069.350,4.404
20633,03/21/26 06:40:53 PM,6.35,9.02,304.7,15.655,46.345,1069.350,4.193
20634,03/21/26 06:50:53 PM,5.34,8.02,308.9,14.831,48.533,1069.350,4.096
20635,03/21/26 07:00:53 PM,4.34,6.68,304.7,14.228,51.247,1069.350,4.316
20636,03/21/26 07:10:53 PM,3.67,5.34,301.8,13.818,53.326,1069.350,4.504
20637,03/21/26 07:20:53 PM,3.01,4.34,294.8,13.424,54.749,1069.350,4.514
20638,03/21/26 07:30:53 PM,3.34,5.34,292.0,13.327,55.395,1069.350,4.591
20639,03/21/26 07:40:53 PM,2.67,3.67,283.6,12.949,56.574,1069.350,4.539
20640,03/21/26 07:50:53 PM,2.34,3.34,268.1,12.405,58.358,1069.350,4.473
20641,03/21/26 08:00:53 PM,2.34,3.34,268.1,11.966,59.571,1069.350,4.354
20642,03/21/26 08:10:53 PM,2.34,3.01,272.4,11.523,60.624,1069.350,4.186
20643,03/21/26 08:20:53 PM,2.00,2.67,256.9,10.285,63.969,1069.350,3.779
20644,03/21/26 08:30:53 PM,3.34,6.01,286.4,10.617,64.042,1069.350,4.110
20645,03/21/26 08:40:53 PM,3.67,5.34,287.8,11.352,62.148,1069.350,4.379
20646,03/21/26 08:50:53 PM,3.01,4.34,278.0,10.684,63.897,1069.350,4.142
20647,03/21/26 09:00:53 PM,3.34,5.01,275.2,9.979,66.108,1069.350,3.955
20648,03/21/26 09:10:53 PM,3.67,4.68,282.2,10.346,65.013,1069.350,4.067
20649,03/21/26 09:20:53 PM,3.67,5.34,283.6,10.357,65.301,1069.350,4.141
20650,03/21/26 09:30:53 PM,3.34,4.68,276.6,10.228,65.937,1069.350,4.156
20651,03/21/26 09:40:53 PM,3.01,4.01,268.1,9.094,69.538,1069.350,3.828
20652,03/21/26 09:50:53 PM,3.01,3.67,262.5,8.295,72.316,1069.350,3.616
20653,03/21/26 10:00:53 PM,2.34,3.67,255.5,7.837,73.919,1069.350,3.485
20654,03/21/26 10:10:53 PM,2.34,3.34,249.9,7.990,73.724,1069.350,3.595
20655,03/21/26 10:20:53 PM,1.67,3.01,247.1,8.411,71.888,1069.350,3.644
20656,03/21/26 10:30:53 PM,2.00,3.01,245.7,8.169,72.581,1069.350,3.546
20657,03/21/26 10:40:53 PM,2.67,4.68,289.2,9.338,68.908,1069.350,3.933
20658,03/21/26 10:50:53 PM,3.34,6.01,293.4,9.531,67.550,1069.350,3.834
20659,03/21/26 11:00:53 PM,4.34,6.35,289.2,10.083,63.899,1069.350,3.572
20660,03/21/26 11:10:53 PM,4.01,5.34,289.2,10.016,63.153,1069.350,3.342
20661,03/21/26 11:20:53 PM,4.01,5.34,292.0,9.673,63.191,1069.350,3.025
20662,03/21/26 11:30:53 PM,2.67,5.01,292.0,9.113,63.796,1069.350,2.628
20663,03/21/26 11:40:53 PM,2.00,3.01,287.8,7.992,66.687,1069.350,2.183
20664,03/21/26 11:50:53 PM,2.34,3.34,285.0,7.480,67.895,1069.350,1.945
20665,03/22/26 12:00:53 AM,4.01,6.68,294.8,8.204,65.287,1069.350,2.088
20666,03/22/26 12:10:53 AM,5.68,9.02,287.8,9.344,58.334,1069.350,1.592
20667,03/22/26 12:20:53 AM,4.68,8.02,272.4,8.783,59.057,1069.350,1.236
20668,03/22/26 12:30:53 AM,5.01,8.02,275.2,8.604,57.433,1069.350,0.681
20669,03/22/26 12:40:53 AM,5.01,7.35,278.0,8.673,54.752,1069.350,0.085
20670,03/22/26 12:50:53 AM,5.34,8.35,280.8,8.743,52.337,1069.350,-0.469
20671,03/22/26 01:00:53 AM,6.01,8.68,275.2,8.770,50.092,1069.350,-1.044
20672,03/22/26 01:10:53 AM,6.01,9.02,282.2,8.689,47.881,1069.350,-1.733
20673,03/22/26 01:20:53 AM,6.01,9.02,276.6,8.604,46.909,1069.350,-2.088
20674,03/22/26 01:30:53 AM,6.01,10.69,286.4,8.657,45.837,1069.350,-2.352
20675,03/22/26 01:40:53 AM,5.01,8.35,293.4,8.405,45.945,1069.350,-2.551
20676,03/22/26 01:50:53 AM,3.67,5.34,307.5,7.912,46.650,1069.350,-2.797
20677,03/22/26 02:00:53 AM,2.67,4.34,297.6,7.067,48.090,1069.350,-3.165
20678,03/22/26 02:10:53 AM,2.00,3.34,221.8,4.534,57.214,1069.350,-3.191
20679,03/22/26 02:20:53 AM,2.34,3.67,233.1,3.601,60.024,1069.350,-3.427
20680,03/22/26 02:30:53 AM,0.67,1.34,238.7,2.563,62.068,1069.350,-3.962
20681,03/22/26 02:40:53 AM,0.00,1.00,235.9,2.242,62.336,1069.350,-4.210
20682,03/22/26 02:50:53 AM,1.00,3.34,174.1,2.813,59.814,1069.350,-4.218
20683,03/22/26 03:00:53 AM,2.00,3.01,231.6,4.247,53.474,1069.350,-4.360
20684,03/22/26 03:10:53 AM,3.01,3.67,242.9,4.882,49.522,1069.350,-4.788
20685,03/22/26 03:20:53 AM,3.01,4.01,268.1,4.502,48.971,1069.350,-5.286
20686,03/22/26 03:30:53 AM,2.67,3.67,279.4,2.738,53.304,1069.350,-5.808
20687,03/22/26 03:40:53 AM,3.34,4.34,271.0,1.923,56.826,1069.350,-5.732
20688,03/22/26 03:50:53 AM,3.67,4.34,273.8,2.183,55.993,1069.350,-5.681
20689,03/22/26 04:00:53 AM,3.34,4.34,268.1,2.169,55.352,1069.350,-5.845
20690,03/22/26 04:10:53 AM,2.67,4.01,269.6,1.949,55.157,1069.350,-6.097
20691,03/22/26 04:20:53 AM,3.34,4.34,258.3,1.059,57.131,1069.350,-6.473
20692,03/22/26 04:30:53 AM,3.34,4.34,263.9,0.494,58.955,1069.350,-6.596
20693,03/22/26 04:40:53 AM,3.34,4.68,265.3,0.743,58.692,1069.350,-6.419
20694,03/22/26 04:50:53 AM,3.34,4.34,266.7,1.134,57.844,1069.350,-6.241
20695,03/22/26 05:00:53 AM,3.01,4.01,265.3,1.298,57.420,1069.350,-6.183
20696,03/22/26 05:10:53 AM,3.34,4.34,272.4,1.373,58.134,1069.350,-5.951
20697,03/22/26 05:20:53 AM,3.01,4.01,283.6,1.424,59.611,1069.350,-5.574
20698,03/22/26 05:30:53 AM,1.67,3.34,294.8,1.027,61.596,1069.350,-5.519
20699,03/22/26 05:40:53 AM,1.67,3.34,293.4,0.467,63.595,1069.350,-5.631
20700,03/22/26 05:50:53 AM,3.01,4.68,278.0,1.148,63.659,1069.350,-4.971
20701,03/22/26 06:00:53 AM,2.34,4.01,265.3,0.676,65.887,1069.350,-4.966
20702,03/22/26 06:10:53 AM,2.34,3.67,265.3,0.376,67.684,1069.350,-4.898
20703,03/22/26 06:20:53 AM,3.01,3.67,255.5,0.351,68.299,1069.350,-4.803
20704,03/22/26 06:30:53 AM,3.34,4.34,252.7,-0.147,70.129,1069.350,-4.932
20705,03/22/26 06:40:53 AM,3.01,3.67,262.5,-0.965,71.844,1069.350,-5.401
20706,03/22/26 06:50:53 AM,2.34,3.01,280.8,-2.490,75.824,1069.350,-6.170
20707,03/22/26 07:00:53 AM,3.01,3.34,273.8,-2.252,76.561,1069.350,-5.813
20708,03/22/26 07:10:53 AM,3.01,3.34,269.6,-1.761,77.235,1069.350,-5.220
20709,03/22/26 07:20:53 AM,2.34,3.34,262.5,-0.914,76.829,1069.350,-4.466
20710,03/22/26 07:30:53 AM,2.00,2.67,233.1,-1.212,77.879,1069.350,-4.576
20711,03/22/26 07:40:53 AM,1.34,2.67,241.5,-1.823,80.191,1069.350,-4.785
20712,03/22/26 07:50:53 AM,2.00,3.34,227.4,-1.657,79.528,1069.350,-4.733
20713,03/22/26 08:00:53 AM,2.67,4.68,228.8,-0.568,75.148,1069.350,-4.424
20714,03/22/26 08:10:53 AM,3.34,4.68,244.3,0.743,69.866,1069.350,-4.126
20715,03/22/26 08:20:53 AM,2.67,3.67,279.4,0.941,69.079,1069.350,-4.086
20716,03/22/26 08:30:53 AM,2.67,4.01,275.2,1.499,67.187,1069.350,-3.921
20717,03/22/26 08:40:53 AM,3.34,5.01,265.3,2.303,64.462,1069.350,-3.705
20718,03/22/26 08:50:53 AM,3.34,4.34,280.8,2.968,63.023,1069.350,-3.375
20719,03/22/26 09:00:53 AM,2.67,4.01,266.7,3.987,59.397,1069.350,-3.204
20720,03/22/26 09:10:53 AM,2.67,4.34,271.0,4.882,55.743,1069.350,-3.213
20721,03/22/26 09:20:53 AM,3.01,5.34,254.1,5.799,50.208,1069.350,-3.758
20722,03/22/26 09:30:53 AM,3.01,4.01,252.7,5.984,49.604,1069.350,-3.748
20723,03/22/26 09:40:53 AM,3.01,4.34,273.8,6.461,47.193,1069.350,-3.973
20724,03/22/26 09:50:53 AM,3.01,4.34,280.8,7.287,43.307,1069.350,-4.360
20725,03/22/26 10:00:53 AM,2.67,4.01,285.0,7.909,42.033,1069.350,-4.192
20726,03/22/26 10:10:53 AM,2.67,4.34,292.0,8.408,39.998,1069.350,-4.401
20727,03/22/26 10:20:53 AM,2.67,4.34,286.4,9.242,38.705,1069.350,-4.088
20728,03/22/26 10:30:53 AM,2.67,4.68,275.2,9.716,37.885,1069.350,-3.948
20729,03/22/26 10:40:53 AM,2.67,4.34,263.9,10.150,37.226,1069.350,-3.795
20730,03/22/26 10:50:53 AM,3.01,5.01,282.2,10.411,35.247,1069.350,-4.289
20731,03/22/26 11:00:53 AM,2.67,4.34,269.6,11.116,34.522,1069.350,-3.941
20732,03/22/26 11:10:53 AM,3.34,4.68,254.1,11.901,31.157,1069.350,-4.613
20733,03/22/26 11:20:53 AM,3.01,4.34,271.0,11.936,27.694,1069.350,-6.132
20734,03/22/26 11:30:53 AM,2.34,4.01,282.2,12.362,27.756,1069.350,-5.735
20735,03/22/26 11:40:53 AM,2.34,4.34,278.0,12.719,27.001,1069.350,-5.789
20736,03/22/26 11:50:53 AM,2.67,5.01,255.5,13.008,24.570,1069.350,-6.773
20737,03/22/26 12:00:53 PM,3.01,5.01,252.7,13.188,23.488,1069.350,-7.205
20738,03/22/26 12:10:53 PM,3.01,5.01,252.7,12.979,22.554,1069.350,-7.905
20739,03/22/26 12:20:53 PM,2.67,4.68,280.8,13.277,25.792,1069.350,-5.911
20740,03/22/26 12:30:53 PM,2.00,4.68,272.4,13.413,23.368,1069.350,-7.081
20741,03/22/26 12:40:53 PM,2.34,4.68,262.5,13.628,24.071,1069.350,-6.514
20742,03/22/26 12:50:53 PM,2.34,5.34,292.0,13.663,22.998,1069.350,-7.077
20743,03/22/26 01:00:53 PM,2.00,4.34,251.3,14.228,21.990,1069.350,-7.182
20744,03/22/26 01:10:53 PM,1.34,3.34,313.1,14.539,21.334,1069.350,-7.314
20745,03/22/26 01:20:53 PM,1.34,3.34,240.1,14.904,22.492,1069.350,-6.322
20746,03/22/26 01:30:53 PM,2.00,4.68,193.7,14.818,23.587,1069.350,-5.773
20747,03/22/26 01:40:53 PM,4.01,6.68,161.5,14.083,38.692,1069.350,0.242
20748,03/22/26 01:50:53 PM,3.34,5.68,150.2,13.890,37.134,1069.350,-0.495
20749,03/22/26 02:00:53 PM,2.67,4.68,162.9,14.722,35.760,1069.350,-0.274
20750,03/22/26 02:10:53 PM,2.34,5.01,120.7,14.971,33.539,1069.350,-0.932
20751,03/22/26 02:20:53 PM,3.67,7.01,155.8,14.411,38.354,1069.350,0.414
20752,03/22/26 02:30:53 PM,4.34,6.68,155.8,14.212,40.140,1069.350,0.866
20753,03/22/26 02:40:53 PM,3.67,6.35,154.4,14.743,37.922,1069.350,0.554
20754,03/22/26 02:50:53 PM,3.34,6.01,150.2,14.781,35.557,1069.350,-0.300
20755,03/22/26 03:00:53 PM,2.67,6.01,190.9,15.373,31.951,1069.350,-1.241
20756,03/22/26 03:10:53 PM,2.34,4.68,237.3,15.697,27.535,1069.350,-2.971
20757,03/22/26 03:20:53 PM,2.00,5.01,263.9,15.341,27.828,1069.350,-3.135
20758,03/22/26 03:30:53 PM,3.01,5.68,263.9,15.512,27.980,1069.350,-2.915
20759,03/22/26 03:40:53 PM,2.67,5.68,266.7,15.590,27.997,1069.350,-2.840
20760,03/22/26 03:50:53 PM,2.00,5.34,266.7,15.333,27.973,1069.350,-3.073
20761,03/22/26 04:00:53 PM,2.34,4.34,269.6,15.478,28.431,1069.350,-2.730
20762,03/22/26 04:10:53 PM,2.34,5.34,237.3,15.354,28.276,1069.350,-2.910
20763,03/22/26 04:20:53 PM,2.67,5.34,242.9,15.362,28.487,1069.350,-2.803
20764,03/22/26 04:30:53 PM,2.34,4.01,230.2,15.126,27.317,1069.350,-3.568
20765,03/22/26 04:40:53 PM,2.67,4.68,249.9,14.614,27.462,1069.350,-3.938
20766,03/22/26 04:50:53 PM,2.34,5.34,263.9,14.858,27.573,1069.350,-3.674
20767,03/22/26 05:00:53 PM,2.67,4.68,266.7,15.507,26.253,1069.350,-3.772
20768,03/22/26 05:10:53 PM,2.00,4.34,265.3,15.311,26.374,1069.350,-3.878
20769,03/22/26 05:20:53 PM,2.00,4.01,282.2,14.925,26.802,1069.350,-3.994
20770,03/22/26 05:30:53 PM,2.00,4.01,263.9,15.370,25.702,1069.350,-4.171
20771,03/22/26 05:40:53 PM,1.34,3.34,193.7,15.574,25.574,1069.350,-4.064
20772,03/22/26 05:50:53 PM,1.67,3.34,214.8,15.236,25.415,1069.350,-4.434
20773,03/22/26 06:00:53 PM,1.00,3.01,212.0,14.700,26.242,1069.350,-4.467
20774,03/22/26 06:10:53 PM,1.00,3.01,186.7,14.478,25.818,1069.350,-4.872
20775,03/22/26 06:20:53 PM,1.67,3.67,272.4,14.223,27.678,1069.350,-4.170
20776,03/22/26 06:30:53 PM,2.67,4.01,272.4,13.655,29.003,1069.350,-4.038
20777,03/22/26 06:40:53 PM,2.34,3.67,273.8,12.941,30.332,1069.350,-4.062
20778,03/22/26 06:50:53 PM,2.34,3.34,289.2,12.550,30.974,1069.350,-4.124
20779,03/22/26 07:00:53 PM,2.00,3.34,289.2,12.317,33.228,1069.350,-3.392
20780,03/22/26 07:10:53 PM,2.00,3.01,290.6,11.622,33.516,1069.350,-3.888
20781,03/22/26 07:20:53 PM,1.00,2.00,293.4,11.472,34.206,1069.350,-3.749
20782,03/22/26 07:30:53 PM,0.67,1.67,311.7,10.681,35.586,1069.350,-3.922
20783,03/22/26 07:40:53 PM,0.67,1.67,238.7,9.526,38.711,1069.350,-3.831
20784,03/22/26 07:50:53 PM,1.00,1.67,186.7,9.057,40.601,1069.350,-3.617
20785,03/22/26 08:00:53 PM,0.67,1.00,226.0,8.183,43.690,1069.350,-3.429
20786,03/22/26 08:10:53 PM,0.67,1.34,255.5,7.488,45.183,1069.350,-3.613
20787,03/22/26 08:20:53 PM,0.67,1.00,261.1,6.767,44.913,1069.350,-4.351
20788,03/22/26 08:30:53 PM,0.67,1.34,306.1,5.949,46.053,1069.350,-4.766
20789,03/22/26 08:40:53 PM,1.34,2.00,290.6,5.389,46.195,1069.350,-5.239
20790,03/22/26 08:50:53 PM,1.00,1.67,279.4,4.963,48.577,1069.350,-4.967
20791,03/22/26 09:00:53 PM,1.67,2.34,275.2,4.132,53.674,1069.350,-4.418
20792,03/22/26 09:10:53 PM,1.34,2.00,290.6,4.341,51.331,1069.350,-4.814
20793,03/22/26 09:20:53 PM,0.67,1.34,293.4,5.427,45.742,1069.350,-5.333
20794,03/22/26 09:30:53 PM,1.34,2.00,310.3,5.188,45.702,1069.350,-5.564
20795,03/22/26 09:40:53 PM,1.34,2.00,307.5,4.952,47.071,1069.350,-5.392
20796,03/22/26 09:50:53 PM,1.67,2.34,315.9,4.601,46.921,1069.350,-5.756
20797,03/22/26 10:00:53 PM,1.34,2.00,268.1,4.057,48.959,1069.350,-5.699
20798,03/22/26 10:10:53 PM,1.00,2.00,276.6,3.590,51.214,1069.350,-5.541
20799,03/22/26 10:20:53 PM,0.00,0.67,300.4,3.579,51.777,1069.350,-5.407
20800,03/22/26 10:30:53 PM,1.00,1.34,300.4,3.110,53.361,1069.350,-5.447
20801,03/22/26 10:40:53 PM,1.67,4.01,314.5,3.354,50.858,1069.350,-5.851
20802,03/22/26 10:50:53 PM,2.67,4.01,334.1,4.153,48.695,1069.350,-5.682
20803,03/22/26 11:00:53 PM,0.67,2.00,321.5,3.081,52.514,1069.350,-5.684
20804,03/22/26 11:10:53 PM,0.67,2.00,324.3,2.893,52.990,1069.350,-5.741
20805,03/22/26 11:20:53 PM,1.67,2.00,300.4,2.499,55.074,1069.350,-5.603
20806,03/22/26 11:30:53 PM,1.00,1.67,297.6,2.671,53.832,1069.350,-5.741
20807,03/22/26 11:40:53 PM,0.67,1.00,297.6,2.057,55.378,1069.350,-5.944
20808,03/22/26 11:50:53 PM,0.33,1.34,301.8,1.477,56.403,1069.350,-6.248
20809,03/23/26 12:00:53 AM,1.00,1.34,327.1,0.952,58.059,1069.350,-6.364
20810,03/23/26 12:10:53 AM,0.67,1.34,329.9,0.625,58.369,1069.350,-6.602
20811,03/23/26 12:20:53 AM,0.33,1.00,336.9,0.067,62.152,1069.350,-6.312
20812,03/23/26 12:30:53 AM,0.00,0.00,336.9,0.172,61.468,1069.350,-6.356
20813,03/23/26 12:40:53 AM,0.33,1.34,329.9,0.164,61.137,1069.350,-6.434
20814,03/23/26 12:50:53 AM,1.00,1.67,306.1,-0.410,63.516,1069.350,-6.482
20815,03/23/26 01:00:53 AM,1.34,1.67,296.2,-0.281,63.160,1069.350,-6.432
20816,03/23/26 01:10:53 AM,1.00,1.34,287.8,0.145,61.587,1069.350,-6.357
20817,03/23/26 01:20:53 AM,1.00,1.34,287.8,0.309,61.276,1069.350,-6.267
20818,03/23/26 01:30:53 AM,1.67,2.00,283.6,-0.474,65.830,1069.350,-6.076
20819,03/23/26 01:40:53 AM,1.67,2.34,290.6,-0.713,66.601,1069.350,-6.152
20820,03/23/26 01:50:53 AM,1.67,2.34,286.4,-0.708,66.401,1069.350,-6.187
20821,03/23/26 02:00:53 AM,2.00,2.67,293.4,-0.710,67.376,1069.350,-5.998
20822,03/23/26 02:10:53 AM,1.67,2.34,292.0,-0.407,65.780,1069.350,-6.022
20823,03/23/26 02:20:53 AM,1.34,1.67,290.6,-0.327,65.304,1069.350,-6.040
20824,03/23/26 02:30:53 AM,1.67,2.00,266.7,-0.340,66.006,1069.350,-5.913
20825,03/23/26 02:40:53 AM,1.67,2.34,276.6,-0.485,67.893,1069.350,-5.682
20826,03/23/26 02:50:53 AM,1.00,1.67,290.6,0.566,64.732,1069.350,-5.304
20827,03/23/26 03:00:53 AM,1.00,2.00,263.9,0.032,68.003,1069.350,-5.166
20828,03/23/26 03:10:53 AM,0.67,1.34,289.2,0.394,67.956,1069.350,-4.828
20829,03/23/26 03:20:53 AM,0.33,1.00,293.4,1.520,63.905,1069.350,-4.566
20830,03/23/26 03:30:53 AM,0.00,0.67,294.8,1.362,65.103,1069.350,-4.470
20831,03/23/26 03:40:53 AM,1.00,2.34,294.8,1.368,65.101,1069.350,-4.465
20832,03/23/26 03:50:53 AM,1.67,2.34,307.5,1.676,64.144,1069.350,-4.368
20833,03/23/26 04:00:53 AM,0.33,1.00,314.5,1.740,63.548,1069.350,-4.431
20834,03/23/26 04:10:53 AM,0.00,0.00,314.5,1.362,65.942,1069.350,-4.300
20835,03/23/26 04:20:53 AM,0.00,0.00,314.5,1.646,63.786,1069.350,-4.471
20836,03/23/26 04:30:53 AM,0.00,0.00,314.5,1.547,63.033,1069.350,-4.722
20837,03/23/26 04:40:53 AM,0.00,1.00,314.5,1.209,65.209,1069.350,-4.595
20838,03/23/26 04:50:53 AM,0.00,0.00,314.5,0.813,68.499,1069.350,-4.321
20839,03/23/26 05:00:53 AM,0.67,1.00,314.5,0.971,68.603,1069.350,-4.149
20840,03/23/26 05:10:53 AM,0.67,1.34,314.5,1.813,64.433,1069.350,-4.178
20841,03/23/26 05:20:53 AM,0.67,1.34,297.6,2.220,63.990,1069.350,-3.882
20842,03/23/26 05:30:53 AM,0.33,1.34,293.4,2.298,63.705,1069.350,-3.867
20843,03/23/26 05:40:53 AM,0.67,1.00,293.4,2.325,64.294,1069.350,-3.719
20844,03/23/26 05:50:53 AM,0.00,0.67,293.4,2.011,65.840,1069.350,-3.701
20845,03/23/26 06:00:53 AM,0.33,0.67,317.3,1.389,70.474,1069.350,-3.389
20846,03/23/26 06:10:53 AM,0.00,0.33,321.5,1.180,70.823,1069.350,-3.524
20847,03/23/26 06:20:53 AM,0.00,1.00,321.5,1.065,70.513,1069.350,-3.693
20848,03/23/26 06:30:53 AM,0.67,1.34,321.5,1.102,68.249,1069.350,-4.092
20849,03/23/26 06:40:53 AM,0.33,1.34,320.1,0.545,69.836,1069.350,-4.322
20850,03/23/26 06:50:53 AM,1.34,2.00,293.4,0.266,69.668,1069.350,-4.622
20851,03/23/26 07:00:53 AM,1.34,1.67,286.4,0.183,70.288,1069.350,-4.584
20852,03/23/26 07:10:53 AM,1.00,1.67,292.0,0.507,68.832,1069.350,-4.550
20853,03/23/26 07:20:53 AM,1.00,1.67,297.6,0.225,70.550,1069.350,-4.495
20854,03/23/26 07:30:53 AM,1.00,1.34,297.6,-0.171,71.481,1069.350,-4.702
20855,03/23/26 07:40:53 AM,1.34,1.67,303.2,-0.051,71.269,1069.350,-4.626
20856,03/23/26 07:50:53 AM,1.34,1.67,303.2,0.062,70.668,1069.350,-4.629
20857,03/23/26 08:00:53 AM,1.00,2.00,311.7,0.161,70.904,1069.350,-4.490
20858,03/23/26 08:10:53 AM,1.67,2.34,299.0,0.636,69.308,1069.350,-4.335
20859,03/23/26 08:20:53 AM,1.00,2.00,293.4,1.228,67.259,1069.350,-4.166
20860,03/23/26 08:30:53 AM,0.00,0.33,290.6,1.453,67.834,1069.350,-3.837
20861,03/23/26 08:40:53 AM,0.00,0.00,290.6,1.437,70.935,1069.350,-3.256
20862,03/23/26 08:50:53 AM,0.00,0.00,290.6,1.850,71.336,1069.350,-2.782
20863,03/23/26 09:00:53 AM,0.00,0.33,290.6,2.528,67.477,1069.350,-2.879
20864,03/23/26 09:10:53 AM,0.00,0.00,304.7,3.343,65.595,1069.350,-2.481
20865,03/23/26 09:20:53 AM,0.00,0.00,308.9,4.201,63.514,1069.350,-2.099
20866,03/23/26 09:30:53 AM,0.00,0.00,308.9,5.199,62.300,1069.350,-1.414
20867,03/23/26 09:40:53 AM,0.33,1.00,26.7,6.947,57.763,1069.350,-0.796
20868,03/23/26 09:50:53 AM,0.33,1.34,28.1,8.705,52.401,1069.350,-0.488
20869,03/23/26 10:00:53 AM,0.67,1.34,108.1,9.480,51.971,1069.350,0.118
20870,03/23/26 10:10:53 AM,0.67,1.67,127.8,10.089,50.193,1069.350,0.201
20871,03/23/26 10:20:53 AM,1.00,2.34,137.6,10.362,48.103,1069.350,-0.133
20872,03/23/26 10:30:53 AM,1.00,2.67,137.6,10.526,48.403,1069.350,0.104
20873,03/23/26 10:40:53 AM,1.34,2.34,134.8,10.949,46.882,1069.350,0.052
20874,03/23/26 10:50:53 AM,1.00,2.00,109.5,11.279,46.258,1069.350,0.169
20875,03/23/26 11:00:53 AM,0.67,2.00,110.9,12.384,44.443,1069.350,0.624
20876,03/23/26 11:10:53 AM,1.34,2.34,112.3,12.917,42.475,1069.350,0.481
20877,03/23/26 11:20:53 AM,1.00,2.34,105.3,13.504,40.905,1069.350,0.490
20878,03/23/26 11:30:53 AM,1.34,2.67,108.1,13.877,38.302,1069.350,-0.082
20879,03/23/26 11:40:53 AM,1.34,2.34,82.8,14.180,35.914,1069.350,-0.695
20880,03/23/26 11:50:53 AM,1.34,3.01,113.7,14.668,33.622,1069.350,-1.165
20881,03/23/26 12:00:53 PM,0.67,1.67,67.4,14.904,33.458,1069.350,-1.024
20882,03/23/26 12:10:53 PM,1.00,2.67,127.8,15.732,32.432,1069.350,-0.723
20883,03/23/26 12:20:53 PM,1.00,2.00,212.0,15.333,32.618,1069.350,-0.994
20884,03/23/26 12:30:53 PM,0.67,2.00,175.5,15.609,33.368,1069.350,-0.441
20885,03/23/26 12:40:53 PM,0.67,2.34,189.5,15.268,33.469,1069.350,-0.699
20886,03/23/26 12:50:53 PM,1.00,3.01,123.5,15.319,34.006,1069.350,-0.436
20887,03/23/26 01:00:53 PM,1.34,3.67,157.2,15.773,33.342,1069.350,-0.308
20888,03/23/26 01:10:53 PM,1.67,3.01,130.6,15.671,33.462,1069.350,-0.348
20889,03/23/26 01:20:53 PM,1.34,3.67,140.4,15.743,33.072,1069.350,-0.446
20890,03/23/26 01:30:53 PM,1.00,2.34,127.8,16.134,33.030,1069.350,-0.120
20891,03/23/26 01:40:53 PM,2.00,4.34,165.7,16.547,32.509,1069.350,0.023
20892,03/23/26 01:50:53 PM,1.34,3.67,273.8,16.459,32.268,1069.350,-0.156
20893,03/23/26 02:00:53 PM,1.34,3.01,329.9,17.193,32.110,1069.350,0.418
20894,03/23/26 02:10:53 PM,1.67,3.67,136.2,16.764,32.058,1069.350,0.021
20895,03/23/26 02:20:53 PM,2.00,3.34,273.8,16.947,32.061,1069.350,0.182
20896,03/23/26 02:30:53 PM,1.00,3.01,5.6,16.630,31.716,1069.350,-0.244
20897,03/23/26 02:40:53 PM,1.00,3.01,35.1,17.647,31.412,1069.350,0.511
20898,03/23/26 02:50:53 PM,2.00,4.34,315.9,17.263,33.228,1069.350,0.953
20899,03/23/26 03:00:53 PM,2.34,5.01,335.5,17.279,32.999,1069.350,0.871
20900,03/23/26 03:10:53 PM,2.67,5.01,345.4,17.429,33.126,1069.350,1.056
20901,03/23/26 03:20:53 PM,2.67,4.68,342.6,17.346,33.097,1069.350,0.971
20902,03/23/26 03:30:53 PM,2.34,5.01,282.2,17.869,32.348,1069.350,1.111
20903,03/23/26 03:40:53 PM,1.67,4.01,287.8,18.571,31.180,1069.350,1.213
20904,03/23/26 03:50:53 PM,3.01,5.34,245.7,18.641,30.799,1069.350,1.103
20905,03/23/26 04:00:53 PM,3.34,6.01,258.3,17.746,31.101,1069.350,0.459
20906,03/23/26 04:10:53 PM,2.67,5.01,269.6,17.333,31.872,1069.350,0.438
20907,03/23/26 04:20:53 PM,4.01,6.35,263.9,17.389,32.863,1069.350,0.910
20908,03/23/26 04:30:53 PM,3.67,6.01,279.4,17.346,33.846,1069.350,1.282
20909,03/23/26 04:40:53 PM,4.01,6.01,292.0,16.987,35.386,1069.350,1.585
20910,03/23/26 04:50:53 PM,4.01,6.01,286.4,16.823,36.338,1069.350,1.811
20911,03/23/26 05:00:53 PM,3.67,6.35,293.4,16.515,36.777,1069.350,1.705
20912,03/23/26 05:10:53 PM,4.34,6.35,285.0,17.035,37.243,1069.350,2.344
20913,03/23/26 05:20:53 PM,3.67,5.68,282.2,17.167,37.053,1069.350,2.389
20914,03/23/26 05:30:53 PM,3.01,5.01,276.6,17.403,36.368,1069.350,2.337
20915,03/23/26 05:40:53 PM,3.67,5.68,258.3,17.381,35.991,1069.350,2.171
20916,03/23/26 05:50:53 PM,3.01,5.01,276.6,16.279,38.344,1069.350,2.079
20917,03/23/26 06:00:53 PM,3.67,5.34,283.6,16.491,37.330,1069.350,1.892
20918,03/23/26 06:10:53 PM,3.34,5.68,259.7,16.641,37.440,1069.350,2.067
20919,03/23/26 06:20:53 PM,3.34,5.01,283.6,16.931,36.686,1069.350,2.040
20920,03/23/26 06:30:53 PM,3.01,4.68,286.4,16.652,36.841,1069.350,1.851
20921,03/23/26 06:40:53 PM,3.34,5.34,275.2,16.636,36.497,1069.350,1.706
20922,03/23/26 06:50:53 PM,3.01,4.68,272.4,15.534,38.138,1069.350,1.338
20923,03/23/26 07:00:53 PM,2.34,3.67,290.6,15.046,40.655,1069.350,1.793
20924,03/23/26 07:10:53 PM,2.67,4.01,296.2,15.472,40.940,1069.350,2.274
20925,03/23/26 07:20:53 PM,2.67,4.01,304.7,14.979,42.261,1069.350,2.275
20926,03/23/26 07:30:53 PM,2.34,3.67,301.8,14.027,44.503,1069.350,2.137
20927,03/23/26 07:40:53 PM,2.67,3.34,306.1,12.657,47.655,1069.350,1.844
20928,03/23/26 07:50:53 PM,3.01,3.67,308.9,11.872,48.965,1069.350,1.501
20929,03/23/26 08:00:53 PM,2.67,3.67,300.4,11.035,51.429,1069.350,1.413
20930,03/23/26 08:10:53 PM,2.67,3.34,307.5,10.649,52.273,1069.350,1.282
20931,03/23/26 08:20:53 PM,1.67,3.34,310.3,10.282,52.949,1069.350,1.120
20932,03/23/26 08:30:53 PM,1.67,2.67,248.5,9.314,55.958,1069.350,0.985
20933,03/23/26 08:40:53 PM,1.34,2.34,262.5,8.587,58.604,1069.350,0.945
20934,03/23/26 08:50:53 PM,0.67,1.67,265.3,7.772,60.832,1069.350,0.694
20935,03/23/26 09:00:53 PM,1.00,2.00,269.6,7.802,60.139,1069.350,0.563
20936,03/23/26 09:10:53 PM,1.00,1.67,292.0,7.751,59.857,1069.350,0.450
20937,03/23/26 09:20:53 PM,1.34,1.67,297.6,7.979,57.708,1069.350,0.160
20938,03/23/26 09:30:53 PM,1.67,2.00,297.6,7.566,58.386,1069.350,-0.067
20939,03/23/26 09:40:53 PM,1.34,2.00,290.6,7.322,58.883,1069.350,-0.180
20940,03/23/26 09:50:53 PM,1.34,1.67,296.2,7.845,56.982,1069.350,-0.140
20941,03/23/26 10:00:53 PM,1.67,2.34,263.9,7.239,60.021,1069.350,0.005
20942,03/23/26 10:10:53 PM,2.00,2.34,280.8,6.100,65.391,1069.350,0.105
20943,03/23/26 10:20:53 PM,2.00,2.67,283.6,6.110,66.809,1069.350,0.411
20944,03/23/26 10:30:53 PM,1.67,2.34,282.2,7.343,62.069,1069.350,0.566
20945,03/23/26 10:40:53 PM,1.67,2.00,287.8,7.722,59.123,1069.350,0.253
20946,03/23/26 10:50:53 PM,1.34,2.00,299.0,7.496,59.348,1069.350,0.092
20947,03/23/26 11:00:53 PM,1.00,1.67,294.8,7.429,60.005,1069.350,0.181
20948,03/23/26 11:10:53 PM,0.33,1.67,129.2,6.617,62.858,1069.350,0.053
20949,03/23/26 11:20:53 PM,0.67,1.34,54.8,6.764,61.318,1069.350,-0.149
20950,03/23/26 11:30:53 PM,1.00,1.67,341.2,6.936,59.622,1069.350,-0.372
20951,03/23/26 11:40:53 PM,1.67,2.34,313.1,6.282,61.494,1069.350,-0.566
20952,03/23/26 11:50:53 PM,1.67,2.34,282.2,6.960,60.818,1069.350,-0.077
20953,03/24/26 12:00:53 AM,1.67,2.34,282.2,6.896,63.168,1069.350,0.385
20954,03/24/26 12:10:53 AM,1.34,2.34,292.0,7.209,62.216,1069.350,0.472
20955,03/24/26 12:20:53 AM,1.34,1.67,292.0,7.472,61.193,1069.350,0.492
20956,03/24/26 12:30:53 AM,1.00,1.67,287.8,7.711,59.979,1069.350,0.441
20957,03/24/26 12:40:53 AM,0.67,1.67,293.4,7.805,59.062,1069.350,0.317
20958,03/24/26 12:50:53 AM,0.00,0.33,299.0,7.660,59.330,1069.350,0.243
20959,03/24/26 01:00:53 AM,1.34,2.00,289.2,7.735,59.501,1069.350,0.353
20960,03/24/26 01:10:53 AM,1.34,2.00,290.6,7.944,58.732,1069.350,0.370
20961,03/24/26 01:20:53 AM,1.67,2.34,282.2,8.362,58.328,1069.350,0.668
20962,03/24/26 01:30:53 AM,2.00,3.34,275.2,8.000,60.156,1069.350,0.754
20963,03/24/26 01:40:53 AM,2.00,4.01,296.2,8.330,59.004,1069.350,0.797
20964,03/24/26 01:50:53 AM,2.00,2.67,299.0,8.113,59.802,1069.350,0.779
20965,03/24/26 02:00:53 AM,1.67,2.67,297.6,7.432,62.553,1069.350,0.758
20966,03/24/26 02:10:53 AM,1.67,2.34,294.8,7.451,62.255,1069.350,0.710
20967,03/24/26 02:20:53 AM,1.34,2.34,301.8,7.652,61.556,1069.350,0.744
20968,03/24/26 02:30:53 AM,0.33,2.00,355.2,7.764,61.169,1069.350,0.763
20969,03/24/26 02:40:53 AM,1.00,2.34,325.7,7.789,60.650,1069.350,0.668
20970,03/24/26 02:50:53 AM,1.34,2.67,292.0,7.609,60.613,1069.350,0.490
20971,03/24/26 03:00:53 AM,3.01,4.34,324.3,7.502,61.044,1069.350,0.487
20972,03/24/26 03:10:53 AM,1.00,3.01,287.8,7.199,63.012,1069.350,0.639
20973,03/24/26 03:20:53 AM,0.33,1.00,287.8,7.368,62.397,1069.350,0.663
20974,03/24/26 03:30:53 AM,0.00,0.67,220.4,7.167,63.084,1069.350,0.624
20975,03/24/26 03:40:53 AM,0.00,0.00,220.4,7.094,63.330,1069.350,0.609
20976,03/24/26 03:50:53 AM,0.33,2.00,306.1,7.089,63.900,1069.350,0.728
20977,03/24/26 04:00:53 AM,0.67,2.00,341.2,7.724,61.209,1069.350,0.734
20978,03/24/26 04:10:53 AM,0.33,1.67,331.3,7.397,62.332,1069.350,0.676
20979,03/24/26 04:20:53 AM,1.00,1.67,320.1,7.767,61.013,1069.350,0.730
20980,03/24/26 04:30:53 AM,0.33,1.34,297.6,7.555,61.825,1069.350,0.713
20981,03/24/26 04:40:53 AM,1.34,2.34,296.2,8.209,57.987,1069.350,0.443
20982,03/24/26 04:50:53 AM,1.00,2.34,283.6,8.614,56.321,1069.350,0.420
20983,03/24/26 05:00:53 AM,0.67,2.00,299.0,8.346,57.478,1069.350,0.450
20984,03/24/26 05:10:53 AM,1.34,1.67,304.7,8.333,57.371,1069.350,0.412
20985,03/24/26 05:20:53 AM,0.33,1.34,315.9,8.244,57.865,1069.350,0.447
20986,03/24/26 05:30:53 AM,0.33,1.34,322.9,7.711,63.319,1069.350,1.192
20987,03/24/26 05:40:53 AM,0.00,1.00,325.7,7.381,63.537,1069.350,0.926
20988,03/24/26 05:50:53 AM,0.00,0.00,325.7,7.486,62.052,1069.350,0.698
20989,03/24/26 06:00:53 AM,0.00,1.00,318.7,7.963,59.045,1069.350,0.461
20990,03/24/26 06:10:53 AM,0.67,1.67,301.8,7.960,58.717,1069.350,0.382
20991,03/24/26 06:20:53 AM,1.00,2.67,283.6,8.344,56.870,1069.350,0.301
20992,03/24/26 06:30:53 AM,0.33,0.67,300.4,7.598,63.006,1069.350,1.016
20993,03/24/26 06:40:53 AM,0.00,0.00,300.4,7.183,64.326,1069.350,0.909
20994,03/24/26 06:50:53 AM,0.00,0.00,300.4,7.290,62.327,1069.350,0.574
20995,03/24/26 07:00:53 AM,0.00,0.00,300.4,7.365,62.112,1069.350,0.597
20996,03/24/26 07:10:53 AM,0.00,0.00,300.4,7.523,62.211,1069.350,0.769
20997,03/24/26 07:20:53 AM,1.34,2.00,244.3,7.563,61.907,1069.350,0.739
20998,03/24/26 07:30:53 AM,1.00,2.00,262.5,7.419,62.701,1069.350,0.779
20999,03/24/26 07:40:53 AM,0.67,1.67,268.1,8.129,57.436,1069.350,0.236
21000,03/24/26 07:50:53 AM,1.00,2.34,241.5,7.864,60.128,1069.350,0.619
21001,03/24/26 08:00:53 AM,0.33,1.67,224.6,7.089,64.567,1069.350,0.872
21002,03/24/26 08:10:53 AM,0.33,1.34,221.8,7.319,63.218,1069.350,0.798
21003,03/24/26 08:20:53 AM,0.33,1.67,263.9,8.510,56.878,1069.350,0.458
21004,03/24/26 08:30:53 AM,1.00,3.34,231.6,9.279,55.512,1069.350,0.842
21005,03/24/26 08:40:53 AM,0.67,1.34,235.9,8.839,60.349,1069.350,1.590
21006,03/24/26 08:50:53 AM,0.33,1.67,234.5,9.512,59.852,1069.350,2.109
21007,03/24/26 09:00:53 AM,0.33,1.00,220.4,10.078,56.718,1069.350,1.888
21008,03/24/26 09:10:53 AM,1.00,2.34,283.6,10.558,53.173,1069.350,1.435
21009,03/24/26 09:20:53 AM,0.33,1.00,292.0,10.861,53.120,1069.350,1.703
21010,03/24/26 09:30:53 AM,0.67,3.01,268.1,11.255,52.866,1069.350,2.002
21011,03/24/26 09:40:53 AM,3.01,4.68,301.8,11.628,51.130,1069.350,1.880
21012,03/24/26 09:50:53 AM,2.67,4.01,304.7,11.781,53.310,1069.350,2.608
21013,03/24/26 10:00:53 AM,3.34,4.68,287.8,12.142,48.721,1069.350,1.680
21014,03/24/26 10:10:53 AM,3.01,5.01,293.4,12.566,47.262,1069.350,1.645
21015,03/24/26 10:20:53 AM,3.34,5.68,265.3,13.025,45.289,1069.350,1.469
21016,03/24/26 10:30:53 AM,4.34,6.01,262.5,13.357,43.691,1069.350,1.271
21017,03/24/26 10:40:53 AM,4.34,6.01,262.5,13.588,42.400,1069.350,1.063
21018,03/24/26 10:50:53 AM,4.01,6.01,261.1,13.853,41.860,1069.350,1.125
21019,03/24/26 11:00:53 AM,4.68,7.01,271.0,13.947,41.231,1069.350,0.999
21020,03/24/26 11:10:53 AM,4.68,7.01,268.1,14.290,40.156,1069.350,0.941
21021,03/24/26 11:20:53 AM,4.68,7.01,259.7,14.604,39.953,1069.350,1.153
21022,03/24/26 11:30:53 AM,4.68,7.35,265.3,14.590,41.064,1069.350,1.522
21023,03/24/26 11:40:53 AM,5.34,7.35,268.1,14.711,43.075,1069.350,2.300
21024,03/24/26 11:50:53 AM,5.34,8.35,280.8,14.590,41.288,1069.350,1.598
21025,03/24/26 12:00:53 PM,5.01,7.01,279.4,14.724,42.168,1069.350,2.013
21026,03/24/26 12:10:53 PM,5.68,8.35,282.2,14.679,41.227,1069.350,1.657
21027,03/24/26 12:20:53 PM,5.68,8.02,289.2,15.049,41.320,1069.350,2.022
21028,03/24/26 12:30:53 PM,5.68,8.02,287.8,15.223,42.629,1069.350,2.617
21029,03/24/26 12:40:53 PM,5.01,8.02,287.8,15.633,45.092,1069.350,3.783
21030,03/24/26 12:50:53 PM,5.01,8.02,275.2,15.521,45.771,1069.350,3.893
21031,03/24/26 01:00:53 PM,5.01,8.02,263.9,16.065,45.696,1069.350,4.366
21032,03/24/26 01:10:53 PM,4.68,8.02,265.3,17.134,43.616,1069.350,4.671
21033,03/24/26 01:20:53 PM,4.68,7.68,262.5,17.070,43.731,1069.350,4.651
21034,03/24/26 01:30:53 PM,5.01,8.68,273.8,15.966,45.904,1069.350,4.340
21035,03/24/26 01:40:53 PM,4.68,8.02,283.6,15.818,47.005,1069.350,4.544
21036,03/24/26 01:50:53 PM,4.34,8.35,263.9,16.941,45.595,1069.350,5.132
21037,03/24/26 02:00:53 PM,4.34,8.02,278.0,16.901,45.072,1069.350,4.930
21038,03/24/26 02:10:53 PM,4.01,6.68,252.7,17.322,44.526,1069.350,5.138
21039,03/24/26 02:20:53 PM,3.67,6.68,268.1,17.829,44.591,1069.350,5.619
21040,03/24/26 02:30:53 PM,4.01,7.68,290.6,17.679,45.527,1069.350,5.782
21041,03/24/26 02:40:53 PM,4.01,6.68,262.5,18.134,44.920,1069.350,6.002
21042,03/24/26 02:50:53 PM,4.34,9.02,278.0,17.727,45.812,1069.350,5.916
21043,03/24/26 03:00:53 PM,5.34,9.02,273.8,18.250,45.568,1069.350,6.315
21044,03/24/26 03:10:53 PM,5.01,8.02,268.1,18.260,46.157,1069.350,6.511
21045,03/24/26 03:20:53 PM,4.68,7.35,282.2,18.188,46.671,1069.350,6.606
21046,03/24/26 03:30:53 PM,5.01,8.02,282.2,18.593,46.332,1069.350,6.869
21047,03/24/26 03:40:53 PM,5.34,8.68,294.8,18.325,47.279,1069.350,6.920
21048,03/24/26 03:50:53 PM,6.35,9.02,304.7,18.464,47.314,1069.350,7.058
21049,03/24/26 04:00:53 PM,5.34,9.35,308.9,18.571,47.205,1069.350,7.122
21050,03/24/26 04:10:53 PM,4.68,7.01,287.8,18.925,46.615,1069.350,7.261
21051,03/24/26 04:20:53 PM,3.34,6.35,280.8,19.408,45.940,1069.350,7.488
21052,03/24/26 04:30:53 PM,4.34,7.68,290.6,19.156,46.555,1069.350,7.453
21053,03/24/26 04:40:53 PM,5.01,7.68,304.7,19.566,46.043,1069.350,7.665
21054,03/24/26 04:50:53 PM,5.68,8.68,294.8,19.132,46.429,1069.350,7.392
21055,03/24/26 05:00:53 PM,5.01,7.68,293.4,19.512,46.183,1069.350,7.660
21056,03/24/26 05:10:53 PM,5.01,8.68,286.4,19.427,46.096,1069.350,7.555
21057,03/24/26 05:20:53 PM,4.34,7.01,290.6,19.571,45.904,1069.350,7.625
21058,03/24/26 05:30:53 PM,4.68,7.35,300.4,19.566,45.754,1069.350,7.572
21059,03/24/26 05:40:53 PM,5.01,9.02,303.2,19.521,45.667,1069.350,7.504
21060,03/24/26 05:50:53 PM,3.67,6.68,304.7,19.794,45.016,1069.350,7.542
21061,03/24/26 06:00:53 PM,4.01,7.01,307.5,19.590,45.377,1069.350,7.473
21062,03/24/26 06:10:53 PM,3.67,6.68,306.1,19.507,45.426,1069.350,7.413
21063,03/24/26 06:20:53 PM,3.34,5.34,307.5,19.644,44.912,1069.350,7.371
21064,03/24/26 06:30:53 PM,3.34,5.68,304.7,19.451,45.003,1069.350,7.226
21065,03/24/26 06:40:53 PM,2.67,4.01,294.8,19.612,44.619,1069.350,7.247
21066,03/24/26 06:50:53 PM,2.34,4.01,293.4,19.633,44.585,1069.350,7.255
21067,03/24/26 07:00:53 PM,2.00,3.34,310.3,19.478,45.049,1069.350,7.265
21068,03/24/26 07:10:53 PM,1.00,2.00,308.9,19.494,44.866,1069.350,7.220
21069,03/24/26 07:20:53 PM,0.67,1.34,314.5,19.094,46.223,1069.350,7.292
21070,03/24/26 07:30:53 PM,0.67,1.34,318.7,18.140,48.487,1069.350,7.118
21071,03/24/26 07:40:53 PM,0.67,1.34,322.9,16.848,51.856,1069.350,6.909
21072,03/24/26 07:50:53 PM,0.67,1.67,320.1,15.483,55.056,1069.350,6.513
21073,03/24/26 08:00:53 PM,1.34,2.00,263.9,14.185,59.121,1069.350,6.332
21074,03/24/26 08:10:53 PM,1.67,2.00,278.0,13.083,62.203,1069.350,6.029
21075,03/24/26 08:20:53 PM,1.67,2.34,286.4,11.633,65.997,1069.350,5.508
21076,03/24/26 08:30:53 PM,1.67,2.00,282.2,10.944,67.779,1069.350,5.234
21077,03/24/26 08:40:53 PM,1.67,2.00,290.6,10.325,69.218,1069.350,4.943
21078,03/24/26 08:50:53 PM,1.00,1.67,283.6,10.818,67.382,1069.350,5.029
21079,03/24/26 09:00:53 PM,1.34,2.34,258.3,10.199,69.720,1069.350,4.925
21080,03/24/26 09:10:53 PM,1.34,2.00,256.9,9.907,71.107,1069.350,4.928
21081,03/24/26 09:20:53 PM,1.34,2.00,266.7,9.587,72.465,1069.350,4.891
21082,03/24/26 09:30:53 PM,1.34,2.67,278.0,9.885,71.916,1069.350,5.069
21083,03/24/26 09:40:53 PM,1.67,2.34,262.5,10.231,70.449,1069.350,5.105
21084,03/24/26 09:50:53 PM,2.00,3.01,269.6,8.523,75.225,1069.350,4.398
21085,03/24/26 10:00:53 PM,2.00,2.67,280.8,7.848,78.376,1069.350,4.328
21086,03/24/26 10:10:53 PM,1.67,2.34,294.8,8.419,76.663,1069.350,4.567
21087,03/24/26 10:20:53 PM,2.00,2.67,290.6,8.837,73.980,1069.350,4.463
21088,03/24/26 10:30:53 PM,2.00,2.34,290.6,9.027,73.339,1069.350,4.522
21089,03/24/26 10:40:53 PM,2.00,2.34,287.8,8.802,73.668,1069.350,4.369
21090,03/24/26 10:50:53 PM,2.00,3.01,299.0,8.912,73.803,1069.350,4.501
21091,03/24/26 11:00:53 PM,1.67,2.34,279.4,8.534,74.673,1069.350,4.303
21092,03/24/26 11:10:53 PM,1.67,2.00,278.0,7.853,76.967,1069.350,4.074
21093,03/24/26 11:20:53 PM,1.34,2.00,292.0,8.845,73.672,1069.350,4.411
21094,03/24/26 11:30:53 PM,1.00,2.00,301.8,8.494,74.128,1069.350,4.160
21095,03/24/26 11:40:53 PM,1.00,2.34,294.8,8.204,75.804,1069.350,4.198
21096,03/24/26 11:50:53 PM,2.00,3.01,292.0,8.464,74.711,1069.350,4.243
21097,03/25/26 12:00:53 AM,2.00,3.01,293.4,8.019,75.924,1069.350,4.041
21098,03/25/26 12:10:53 AM,1.34,2.67,278.0,7.896,76.219,1069.350,3.977
21099,03/25/26 12:20:53 AM,1.67,4.01,297.6,8.156,75.525,1069.350,4.099
21100,03/25/26 12:30:53 AM,1.34,2.67,293.4,8.019,76.217,1069.350,4.096
21101,03/25/26 12:40:53 AM,1.34,2.67,285.0,7.569,77.389,1069.350,3.876
21102,03/25/26 12:50:53 AM,1.67,3.01,263.9,7.156,79.203,1069.350,3.804
21103,03/25/26 01:00:53 AM,1.67,3.67,245.7,7.609,77.397,1069.350,3.917
21104,03/25/26 01:10:53 AM,2.00,2.67,276.6,6.735,80.214,1069.350,3.573
21105,03/25/26 01:20:53 AM,2.00,2.67,276.6,6.663,80.389,1069.350,3.534
21106,03/25/26 01:30:53 AM,1.67,3.01,290.6,7.033,78.871,1069.350,3.624
21107,03/25/26 01:40:53 AM,1.67,2.34,292.0,6.998,79.213,1069.350,3.652
21108,03/25/26 01:50:53 AM,1.67,2.67,303.2,7.091,79.199,1069.350,3.740
21109,03/25/26 02:00:53 AM,2.34,3.34,317.3,7.687,77.598,1069.350,4.029
21110,03/25/26 02:10:53 AM,2.67,4.01,328.5,7.853,77.055,1069.350,4.091
21111,03/25/26 02:20:53 AM,2.00,3.34,328.5,7.295,78.402,1069.350,3.795
21112,03/25/26 02:30:53 AM,1.34,2.67,258.3,6.518,80.502,1069.350,3.412
21113,03/25/26 02:40:53 AM,1.00,2.00,249.9,6.161,81.604,1069.350,3.256
21114,03/25/26 02:50:53 AM,1.00,1.67,275.2,5.896,82.507,1069.350,3.152
21115,03/25/26 03:00:53 AM,1.67,3.34,299.0,5.569,83.125,1069.350,2.937
21116,03/25/26 03:10:53 AM,2.00,2.67,287.8,5.799,82.322,1069.350,3.026
21117,03/25/26 03:20:53 AM,2.00,2.67,299.0,5.904,82.217,1069.350,3.110
21118,03/25/26 03:30:53 AM,1.67,2.67,280.8,6.059,81.250,1069.350,3.095
21119,03/25/26 03:40:53 AM,2.00,3.01,289.2,6.097,81.500,1069.350,3.175
21120,03/25/26 03:50:53 AM,1.34,2.34,275.2,6.432,80.475,1069.350,3.324
21121,03/25/26 04:00:53 AM,1.67,2.34,255.5,5.778,81.509,1069.350,2.865
21122,03/25/26 04:10:53 AM,1.67,2.00,283.6,4.563,85.798,1069.350,2.395
21123,03/25/26 04:20:53 AM,2.00,2.34,292.0,5.217,84.562,1069.350,2.834
21124,03/25/26 04:30:53 AM,1.67,2.00,304.7,5.770,81.813,1069.350,2.910
21125,03/25/26 04:40:53 AM,1.67,2.00,307.5,5.357,83.311,1069.350,2.761
21126,03/25/26 04:50:53 AM,1.67,2.34,297.6,5.330,83.253,1069.350,2.725
21127,03/25/26 05:00:53 AM,2.00,2.34,287.8,5.276,83.067,1069.350,2.640
21128,03/25/26 05:10:53 AM,2.00,2.34,294.8,5.231,83.536,1069.350,2.675
21129,03/25/26 05:20:53 AM,1.67,2.00,292.0,5.279,82.991,1069.350,2.630
21130,03/25/26 05:30:53 AM,1.67,2.34,283.6,5.389,82.611,1069.350,2.674
21131,03/25/26 05:40:53 AM,1.67,2.34,275.2,5.035,83.149,1069.350,2.418
21132,03/25/26 05:50:53 AM,1.67,2.67,272.4,4.898,83.926,1069.350,2.414
21133,03/25/26 06:00:53 AM,1.34,2.00,268.1,4.515,85.098,1069.350,2.233
21134,03/25/26 06:10:53 AM,1.67,2.67,261.1,4.234,85.360,1069.350,2.000
21135,03/25/26 06:20:53 AM,1.67,2.67,263.9,3.748,87.524,1069.350,1.871
21136,03/25/26 06:30:53 AM,1.67,2.34,275.2,4.384,85.939,1069.350,2.242
21137,03/25/26 06:40:53 AM,1.67,2.34,259.7,4.874,84.874,1069.350,2.549
21138,03/25/26 06:50:53 AM,1.67,2.67,261.1,4.756,84.926,1069.350,2.441
21139,03/25/26 07:00:53 AM,2.00,2.67,266.7,4.547,85.672,1069.350,2.359
21140,03/25/26 07:10:53 AM,1.67,2.34,268.1,4.287,86.131,1069.350,2.178
21141,03/25/26 07:20:53 AM,2.00,2.34,273.8,3.628,87.944,1069.350,1.820
21142,03/25/26 07:30:53 AM,2.00,3.01,280.8,3.697,89.059,1069.350,2.064
21143,03/25/26 07:40:53 AM,1.67,2.67,275.2,5.032,84.738,1069.350,2.681
21144,03/25/26 07:50:53 AM,1.34,2.00,272.4,3.880,86.493,1069.350,1.836
21145,03/25/26 08:00:53 AM,1.67,2.00,285.0,3.394,89.563,1069.350,1.844
21146,03/25/26 08:10:53 AM,2.00,2.67,289.2,4.156,88.966,1069.350,2.503
21147,03/25/26 08:20:53 AM,1.34,2.34,297.6,6.113,84.291,1069.350,3.668
21148,03/25/26 08:30:53 AM,1.67,2.34,301.8,7.984,79.303,1069.350,4.629
21149,03/25/26 08:40:53 AM,1.00,1.67,283.6,9.764,75.610,1069.350,5.673
21150,03/25/26 08:50:53 AM,1.00,1.67,268.1,11.086,71.421,1069.350,6.125
21151,03/25/26 09:00:53 AM,1.34,2.34,227.4,11.998,69.158,1069.350,6.533
21152,03/25/26 09:10:53 AM,1.34,2.34,248.5,13.051,64.277,1069.350,6.475
21153,03/25/26 09:20:53 AM,1.67,2.67,252.7,13.338,61.761,1069.350,6.167
21154,03/25/26 09:30:53 AM,1.67,2.67,254.1,13.810,60.357,1069.350,6.279
21155,03/25/26 09:40:53 AM,1.34,2.67,271.0,14.193,59.988,1069.350,6.551
21156,03/25/26 09:50:53 AM,1.34,3.01,278.0,15.041,56.797,1069.350,6.553
21157,03/25/26 10:00:53 AM,2.34,3.67,261.1,15.617,54.069,1069.350,6.375
21158,03/25/26 10:10:53 AM,2.34,4.34,268.1,15.724,53.162,1069.350,6.229
21159,03/25/26 10:20:53 AM,2.34,6.01,275.2,15.995,51.600,1069.350,6.048
21160,03/25/26 10:30:53 AM,3.01,5.01,290.6,15.925,50.637,1069.350,5.711
21161,03/25/26 10:40:53 AM,3.01,5.68,272.4,15.754,48.916,1069.350,5.056
21162,03/25/26 10:50:53 AM,3.67,6.35,278.0,15.579,49.117,1069.350,4.954
21163,03/25/26 11:00:53 AM,4.01,6.35,283.6,15.697,48.745,1069.350,4.953
21164,03/25/26 11:10:53 AM,3.67,6.35,276.6,15.805,48.449,1069.350,4.965
21165,03/25/26 11:20:53 AM,4.01,7.68,251.3,16.630,46.053,1069.350,4.992
21166,03/25/26 11:30:53 AM,3.67,6.35,261.1,17.486,43.671,1069.350,5.008
21167,03/25/26 11:40:53 AM,5.01,8.02,266.7,17.354,42.611,1069.350,4.537
21168,03/25/26 11:50:53 AM,5.34,8.02,272.4,17.470,42.440,1069.350,4.584
21169,03/25/26 12:00:53 PM,5.01,8.35,271.0,17.510,42.356,1069.350,4.592
21170,03/25/26 12:10:53 PM,4.01,6.35,271.0,17.864,42.358,1069.350,4.912
21171,03/25/26 12:20:53 PM,4.68,10.02,269.6,17.872,42.205,1069.350,4.867
21172,03/25/26 12:30:53 PM,5.68,7.68,279.4,16.880,44.163,1069.350,4.619
21173,03/25/26 12:40:53 PM,5.01,7.68,272.4,16.802,44.642,1069.350,4.703
21174,03/25/26 12:50:53 PM,5.34,7.68,275.2,17.196,43.899,1069.350,4.820
21175,03/25/26 01:00:53 PM,5.01,8.35,273.8,17.534,43.508,1069.350,4.998
21176,03/25/26 01:10:53 PM,6.01,9.02,269.6,17.601,44.204,1069.350,5.287
21177,03/25/26 01:20:53 PM,5.68,8.35,263.9,17.419,44.089,1069.350,5.084
21178,03/25/26 01:30:53 PM,4.68,8.02,271.0,18.008,42.974,1069.350,5.249
21179,03/25/26 01:40:53 PM,4.34,8.02,261.1,17.636,43.671,1069.350,5.144
21180,03/25/26 01:50:53 PM,4.68,8.02,275.2,17.177,44.527,1069.350,5.006
21181,03/25/26 02:00:53 PM,4.68,7.68,271.0,17.939,43.926,1069.350,5.502
21182,03/25/26 02:10:53 PM,4.34,8.02,269.6,18.628,42.560,1069.350,5.670
21183,03/25/26 02:20:53 PM,4.34,8.35,273.8,18.306,42.878,1069.350,5.486
21184,03/25/26 02:30:53 PM,4.34,7.01,275.2,18.598,42.492,1069.350,5.620
21185,03/25/26 02:40:53 PM,3.01,6.01,249.9,18.821,42.118,1069.350,5.693
21186,03/25/26 02:50:53 PM,5.68,11.35,273.8,18.850,41.581,1069.350,5.535
21187,03/25/26 03:00:53 PM,5.01,9.02,265.3,19.872,39.998,1069.350,5.892
21188,03/25/26 03:10:53 PM,4.68,8.02,262.5,19.928,39.298,1069.350,5.687
21189,03/25/26 03:20:53 PM,5.34,8.35,282.2,19.183,40.220,1069.350,5.354
21190,03/25/26 03:30:53 PM,4.68,7.68,251.3,19.791,39.606,1069.350,5.677
21191,03/25/26 03:40:53 PM,5.01,7.35,275.2,19.108,40.829,1069.350,5.503
21192,03/25/26 03:50:53 PM,4.34,7.35,271.0,19.491,40.504,1069.350,5.732
21193,03/25/26 04:00:53 PM,4.68,9.02,261.1,20.515,38.836,1069.350,6.040
21194,03/25/26 04:10:53 PM,4.34,8.02,271.0,20.598,38.817,1069.350,6.107
21195,03/25/26 04:20:53 PM,4.68,7.68,262.5,19.770,39.788,1069.350,5.725
21196,03/25/26 04:30:53 PM,4.01,7.68,263.9,20.424,39.176,1069.350,6.085
21197,03/25/26 04:40:53 PM,3.34,6.01,249.9,19.239,40.571,1069.350,5.530
21198,03/25/26 04:50:53 PM,4.01,8.02,266.7,19.950,40.050,1069.350,5.981
21199,03/25/26 05:00:53 PM,4.01,7.01,266.7,19.512,40.247,1069.350,5.659
21200,03/25/26 05:10:53 PM,4.01,7.01,269.6,19.408,40.676,1069.350,5.719
21201,03/25/26 05:20:53 PM,3.67,6.68,282.2,18.845,41.897,1069.350,5.639
21202,03/25/26 05:30:53 PM,3.01,5.68,297.6,18.874,42.316,1069.350,5.809
21203,03/25/26 05:40:53 PM,3.67,6.01,292.0,18.952,42.423,1069.350,5.916
21204,03/25/26 05:50:53 PM,4.34,6.01,294.8,18.271,43.249,1069.350,5.579
21205,03/25/26 06:00:53 PM,3.67,5.01,303.2,17.917,44.181,1069.350,5.566
21206,03/25/26 06:10:53 PM,4.01,5.68,303.2,17.923,44.430,1069.350,5.652
21207,03/25/26 06:20:53 PM,3.67,5.68,296.2,18.164,44.128,1069.350,5.772
21208,03/25/26 06:30:53 PM,3.67,5.34,292.0,17.515,45.029,1069.350,5.475
21209,03/25/26 06:40:53 PM,3.01,4.34,296.2,17.234,46.262,1069.350,5.608
21210,03/25/26 06:50:53 PM,3.01,4.68,292.0,16.933,47.103,1069.350,5.593
21211,03/25/26 07:00:53 PM,3.01,4.01,297.6,16.614,48.692,1069.350,5.780
21212,03/25/26 07:10:53 PM,3.67,5.68,311.7,16.207,50.108,1069.350,5.819
21213,03/25/26 07:20:53 PM,3.34,5.34,313.1,15.697,51.597,1069.350,5.772
21214,03/25/26 07:30:53 PM,2.67,4.01,307.5,15.145,53.335,1069.350,5.739
21215,03/25/26 07:40:53 PM,3.01,4.01,310.3,14.555,55.257,1069.350,5.701
21216,03/25/26 07:50:53 PM,2.34,3.67,301.8,13.990,56.167,1069.350,5.409
21217,03/25/26 08:00:53 PM,1.67,2.67,263.9,13.370,57.685,1069.350,5.212
21218,03/25/26 08:10:53 PM,1.34,2.00,266.7,12.671,59.509,1069.350,5.003
21219,03/25/26 08:20:53 PM,1.34,2.00,261.1,12.027,61.555,1069.350,4.880
21220,03/25/26 08:30:53 PM,1.00,2.34,248.5,11.164,65.000,1069.350,4.842
21221,03/25/26 08:40:53 PM,1.34,2.34,266.7,11.539,63.816,1069.350,4.935
21222,03/25/26 08:50:53 PM,1.00,1.67,306.1,11.279,64.219,1069.350,4.779
21223,03/25/26 09:00:53 PM,0.33,1.34,308.9,11.346,64.106,1069.350,4.817
21224,03/25/26 09:10:53 PM,1.00,2.34,294.8,11.333,64.019,1069.350,4.785
21225,03/25/26 09:20:53 PM,1.34,2.67,280.8,11.470,63.827,1069.350,4.872
21226,03/25/26 09:30:53 PM,1.34,2.34,289.2,10.333,67.323,1069.350,4.553
21227,03/25/26 09:40:53 PM,1.67,2.34,271.0,9.971,68.656,1069.350,4.487
21228,03/25/26 09:50:53 PM,2.00,2.67,261.1,9.561,70.240,1069.350,4.419
21229,03/25/26 10:00:53 PM,2.00,2.67,268.1,9.327,71.218,1069.350,4.392
21230,03/25/26 10:10:53 PM,1.67,2.34,262.5,9.550,70.202,1069.350,4.401
21231,03/25/26 10:20:53 PM,1.67,2.67,265.3,9.684,69.299,1069.350,4.345
21232,03/25/26 10:30:53 PM,2.00,2.67,266.7,9.502,69.651,1069.350,4.243
21233,03/25/26 10:40:53 PM,2.00,3.01,275.2,9.220,70.365,1069.350,4.117
21234,03/25/26 10:50:53 PM,2.34,3.01,268.1,9.000,70.922,1069.350,4.018
21235,03/25/26 11:00:53 PM,2.34,3.01,266.7,8.925,70.443,1069.350,3.850
21236,03/25/26 11:10:53 PM,2.34,4.01,278.0,9.140,69.041,1069.350,3.770
21237,03/25/26 11:20:53 PM,3.01,4.34,285.0,11.118,62.113,1069.350,4.150
21238,03/25/26 11:30:53 PM,2.67,3.34,273.8,10.440,63.832,1069.350,3.896
21239,03/25/26 11:40:53 PM,3.01,4.01,272.4,10.022,65.005,1069.350,3.757
21240,03/25/26 11:50:53 PM,3.01,4.01,283.6,9.789,64.672,1069.350,3.463
21241,03/26/26 12:00:53 AM,3.34,5.01,297.6,10.403,58.865,1069.350,2.714
21242,03/26/26 12:10:53 AM,3.01,4.34,297.6,10.293,57.835,1069.350,2.363
21243,03/26/26 12:20:53 AM,3.01,4.01,289.2,10.242,58.231,1069.350,2.411
21244,03/26/26 12:30:53 AM,2.34,3.34,279.4,9.435,60.989,1069.350,2.300
21245,03/26/26 12:40:53 AM,2.67,3.67,271.0,8.794,63.012,1069.350,2.151
21246,03/26/26 12:50:53 AM,2.67,3.67,273.8,7.888,65.801,1069.350,1.896
21247,03/26/26 01:00:53 AM,2.67,3.34,276.6,7.687,67.500,1069.350,2.061
21248,03/26/26 01:10:53 AM,3.34,5.01,283.6,9.046,64.733,1069.350,2.769
21249,03/26/26 01:20:53 AM,3.01,4.34,266.7,8.478,66.885,1069.350,2.688
21250,03/26/26 01:30:53 AM,3.01,3.67,268.1,7.451,72.120,1069.350,2.764
21251,03/26/26 01:40:53 AM,3.01,4.34,254.1,8.059,72.358,1069.350,3.397
21252,03/26/26 01:50:53 AM,3.34,4.68,251.3,8.180,72.241,1069.350,3.491
21253,03/26/26 02:00:53 AM,3.67,6.68,252.7,8.212,73.149,1069.350,3.699
21254,03/26/26 02:10:53 AM,4.34,6.68,255.5,8.344,71.453,1069.350,3.493
21255,03/26/26 02:20:53 AM,4.34,6.35,258.3,8.266,69.044,1069.350,2.933
21256,03/26/26 02:30:53 AM,5.01,7.68,272.4,8.373,64.657,1069.350,2.113
21257,03/26/26 02:40:53 AM,4.01,6.68,275.2,8.118,63.192,1069.350,1.550
21258,03/26/26 02:50:53 AM,4.34,7.35,282.2,7.939,60.807,1069.350,0.846
21259,03/26/26 03:00:53 AM,4.68,8.02,283.6,7.657,60.148,1069.350,0.429
21260,03/26/26 03:10:53 AM,4.68,7.35,272.4,7.413,60.571,1069.350,0.295
21261,03/26/26 03:20:53 AM,4.34,6.35,262.5,6.915,62.855,1069.350,0.335
21262,03/26/26 03:30:53 AM,5.01,7.35,259.7,6.665,63.336,1069.350,0.203
21263,03/26/26 03:40:53 AM,5.34,8.02,266.7,6.528,62.576,1069.350,-0.094
21264,03/26/26 03:50:53 AM,5.68,8.02,266.7,6.234,61.166,1069.350,-0.685
21265,03/26/26 04:00:53 AM,5.34,7.35,269.6,5.896,60.217,1069.350,-1.217
21266,03/26/26 04:10:53 AM,5.01,7.35,262.5,5.609,60.127,1069.350,-1.509
21267,03/26/26 04:20:53 AM,5.34,8.02,263.9,5.523,60.214,1069.350,-1.570
21268,03/26/26 04:30:53 AM,5.01,7.68,263.9,5.327,60.392,1069.350,-1.715
21269,03/26/26 04:40:53 AM,4.68,8.35,271.0,5.032,60.923,1069.350,-1.875
21270,03/26/26 04:50:53 AM,5.68,8.68,279.4,5.244,58.685,1069.350,-2.182
21271,03/26/26 05:00:53 AM,5.34,8.02,280.8,5.266,57.662,1069.350,-2.398
21272,03/26/26 05:10:53 AM,5.34,8.02,273.8,5.239,56.335,1069.350,-2.737
21273,03/26/26 05:20:53 AM,5.01,7.01,275.2,4.697,57.069,1069.350,-3.072
21274,03/26/26 05:30:53 AM,4.01,6.01,268.1,4.357,57.528,1069.350,-3.283
21275,03/26/26 05:40:53 AM,3.34,6.68,259.7,3.716,58.927,1069.350,-3.565
21276,03/26/26 05:50:53 AM,3.34,5.01,256.9,3.175,59.707,1069.350,-3.900
21277,03/26/26 06:00:53 AM,3.01,4.68,240.1,2.528,61.353,1069.350,-4.150
21278,03/26/26 06:10:53 AM,2.34,4.01,256.9,2.003,63.423,1069.350,-4.207
21279,03/26/26 06:20:53 AM,2.00,4.01,272.4,1.402,66.485,1069.350,-4.153
21280,03/26/26 06:30:53 AM,3.34,5.01,271.0,2.099,66.897,1069.350,-3.405
21281,03/26/26 06:40:53 AM,2.67,4.01,271.0,1.456,68.991,1069.350,-3.609
21282,03/26/26 06:50:53 AM,2.67,4.34,273.8,0.931,71.948,1069.350,-3.554
21283,03/26/26 07:00:53 AM,3.34,4.34,269.6,0.593,75.363,1069.350,-3.260
21284,03/26/26 07:10:53 AM,3.01,4.34,268.1,0.215,78.361,1069.350,-3.105
21285,03/26/26 07:20:53 AM,3.34,6.01,271.0,0.333,81.067,1069.350,-2.534
21286,03/26/26 07:30:53 AM,3.01,4.34,276.6,-0.099,82.463,1069.350,-2.726
21287,03/26/26 07:40:53 AM,3.34,5.34,278.0,-0.128,82.699,1069.350,-2.716
21288,03/26/26 07:50:53 AM,3.67,5.01,271.0,-0.088,81.155,1069.350,-2.931
21289,03/26/26 08:00:53 AM,4.01,5.34,263.9,-0.064,79.876,1069.350,-3.120
21290,03/26/26 08:10:53 AM,4.68,7.35,268.1,0.700,76.912,1069.350,-2.884
21291,03/26/26 08:20:53 AM,5.01,7.68,263.9,1.402,74.095,1069.350,-2.704
21292,03/26/26 08:30:53 AM,5.34,9.02,263.9,1.705,72.663,1069.350,-2.674
21293,03/26/26 08:40:53 AM,6.01,9.68,261.1,1.791,72.041,1069.350,-2.707
21294,03/26/26 08:50:53 AM,6.68,9.02,262.5,1.896,71.727,1069.350,-2.664
21295,03/26/26 09:00:53 AM,6.35,9.02,262.5,2.097,71.334,1069.350,-2.545
21296,03/26/26 09:10:53 AM,6.35,9.68,262.5,2.268,70.765,1069.350,-2.488
21297,03/26/26 09:20:53 AM,6.35,8.68,259.7,2.786,69.926,1069.350,-2.151
21298,03/26/26 09:30:53 AM,6.35,9.02,271.0,3.188,68.092,1069.350,-2.124
21299,03/26/26 09:40:53 AM,6.01,9.02,263.9,3.845,65.260,1069.350,-2.071
21300,03/26/26 09:50:53 AM,6.35,10.35,266.7,3.928,63.772,1069.350,-2.304
21301,03/26/26 10:00:53 AM,6.35,9.35,262.5,4.108,63.006,1069.350,-2.296
21302,03/26/26 10:10:53 AM,6.35,9.68,258.3,4.456,62.051,1069.350,-2.172
21303,03/26/26 10:20:53 AM,6.68,10.69,263.9,4.630,61.472,1069.350,-2.134
21304,03/26/26 10:30:53 AM,6.68,9.68,265.3,4.974,60.320,1069.350,-2.065
21305,03/26/26 10:40:53 AM,6.68,9.68,265.3,5.274,58.196,1069.350,-2.266
21306,03/26/26 10:50:53 AM,5.68,8.02,268.1,5.783,56.184,1069.350,-2.264
21307,03/26/26 11:00:53 AM,5.68,9.02,271.0,6.290,53.570,1069.350,-2.433
21308,03/26/26 11:10:53 AM,6.35,10.02,275.2,6.537,51.930,1069.350,-2.622
21309,03/26/26 11:20:53 AM,6.01,9.68,269.6,7.051,51.019,1069.350,-2.385
21310,03/26/26 11:30:53 AM,6.35,9.35,278.0,7.051,49.996,1069.350,-2.657
21311,03/26/26 11:40:53 AM,6.35,10.02,271.0,7.370,48.699,1069.350,-2.717
21312,03/26/26 11:50:53 AM,6.68,9.68,272.4,7.585,48.650,1069.350,-2.533
21313,03/26/26 12:00:53 PM,6.68,10.69,268.1,7.772,48.495,1069.350,-2.403
21314,03/26/26 12:10:53 PM,7.01,10.35,272.4,7.931,46.920,1069.350,-2.702
21315,03/26/26 12:20:53 PM,7.68,11.35,271.0,7.668,48.498,1069.350,-2.498
21316,03/26/26 12:30:53 PM,7.35,10.69,278.0,7.888,48.969,1069.350,-2.165
21317,03/26/26 12:40:53 PM,8.02,12.02,269.6,7.563,49.473,1069.350,-2.327
21318,03/26/26 12:50:53 PM,8.02,11.69,273.8,7.888,49.235,1069.350,-2.092
21319,03/26/26 01:00:53 PM,7.68,11.02,276.6,8.242,48.206,1069.350,-2.052
21320,03/26/26 01:10:53 PM,7.35,10.69,266.7,8.212,48.072,1069.350,-2.117
21321,03/26/26 01:20:53 PM,7.35,10.69,266.7,8.402,47.361,1069.350,-2.144
21322,03/26/26 01:30:53 PM,7.01,10.35,259.7,8.539,46.993,1069.350,-2.124
21323,03/26/26 01:40:53 PM,7.01,10.35,262.5,8.553,46.926,1069.350,-2.130
21324,03/26/26 01:50:53 PM,6.68,9.68,262.5,8.920,46.413,1069.350,-1.943
21325,03/26/26 02:00:53 PM,7.01,11.02,261.1,8.917,45.664,1069.350,-2.166
21326,03/26/26 02:10:53 PM,6.01,9.68,256.9,9.488,44.639,1069.350,-1.952
21327,03/26/26 02:20:53 PM,6.01,10.02,251.3,9.880,43.003,1069.350,-2.101
21328,03/26/26 02:30:53 PM,5.68,10.69,255.5,10.057,41.523,1069.350,-2.413
21329,03/26/26 02:40:53 PM,6.01,10.02,251.3,10.142,40.494,1069.350,-2.675
21330,03/26/26 02:50:53 PM,5.68,9.35,254.1,10.164,39.629,1069.350,-2.945
21331,03/26/26 03:00:53 PM,5.68,9.68,266.7,10.781,38.408,1069.350,-2.812
21332,03/26/26 03:10:53 PM,6.01,10.02,259.7,10.341,38.338,1069.350,-3.231
21333,03/26/26 03:20:53 PM,5.68,9.02,256.9,10.649,37.786,1069.350,-3.150
21334,03/26/26 03:30:53 PM,6.01,9.68,249.9,10.255,37.772,1069.350,-3.506
21335,03/26/26 03:40:53 PM,5.68,8.68,255.5,10.628,37.038,1069.350,-3.436
21336,03/26/26 03:50:53 PM,5.68,8.68,254.1,10.874,36.674,1069.350,-3.349
21337,03/26/26 04:00:53 PM,6.01,9.68,252.7,10.759,36.643,1069.350,-3.463
21338,03/26/26 04:10:53 PM,6.01,9.35,261.1,10.636,36.805,1069.350,-3.513
21339,03/26/26 04:20:53 PM,5.68,9.02,262.5,10.810,36.080,1069.350,-3.624
21340,03/26/26 04:30:53 PM,5.68,9.68,254.1,10.850,35.584,1069.350,-3.773
21341,03/26/26 04:40:53 PM,5.68,9.02,259.7,10.963,34.516,1069.350,-4.079
21342,03/26/26 04:50:53 PM,5.68,9.02,259.7,10.705,34.699,1069.350,-4.237
21343,03/26/26 05:00:53 PM,6.35,10.02,261.1,10.432,34.540,1069.350,-4.539
21344,03/26/26 05:10:53 PM,6.01,9.02,265.3,10.456,33.941,1069.350,-4.749
21345,03/26/26 05:20:53 PM,7.01,10.35,265.3,10.105,34.969,1069.350,-4.665
21346,03/26/26 05:30:53 PM,6.68,10.02,265.3,10.011,34.934,1069.350,-4.761
21347,03/26/26 05:40:53 PM,7.01,10.02,266.7,9.781,35.418,1069.350,-4.783
21348,03/26/26 05:50:53 PM,6.35,9.35,272.4,9.786,34.914,1069.350,-4.968
21349,03/26/26 06:00:53 PM,6.35,8.68,275.2,9.660,34.719,1069.350,-5.154
21350,03/26/26 06:10:53 PM,5.68,8.68,272.4,9.550,34.908,1069.350,-5.180
21351,03/26/26 06:20:53 PM,6.01,9.02,273.8,9.445,34.250,1069.350,-5.523
21352,03/26/26 06:30:53 PM,5.34,8.68,272.4,8.888,35.579,1069.350,-5.516
21353,03/26/26 06:40:53 PM,5.68,8.02,269.6,8.654,35.802,1069.350,-5.642
21354,03/26/26 06:50:53 PM,6.35,8.68,263.9,8.247,35.937,1069.350,-5.955
21355,03/26/26 07:00:53 PM,5.01,8.35,268.1,7.976,36.925,1069.350,-5.841
21356,03/26/26 07:10:53 PM,4.34,7.68,266.7,7.703,37.746,1069.350,-5.797
21357,03/26/26 07:20:53 PM,4.01,6.68,258.3,7.456,37.768,1069.350,-6.010
21358,03/26/26 07:30:53 PM,3.01,5.01,254.1,6.904,39.425,1069.350,-5.944
21359,03/26/26 07:40:53 PM,2.67,4.01,252.7,6.247,41.306,1069.350,-5.926
21360,03/26/26 07:50:53 PM,2.34,3.34,261.1,5.432,44.230,1069.350,-5.770
21361,03/26/26 08:00:53 PM,2.67,4.68,275.2,4.577,46.967,1069.350,-5.765
21362,03/26/26 08:10:53 PM,3.01,4.01,272.4,4.049,48.740,1069.350,-5.766
21363,03/26/26 08:20:53 PM,3.01,4.01,269.6,3.469,50.312,1069.350,-5.886
21364,03/26/26 08:30:53 PM,3.01,4.01,269.6,3.118,50.634,1069.350,-6.127
21365,03/26/26 08:40:53 PM,2.67,4.01,265.3,3.491,48.394,1069.350,-6.373
21366,03/26/26 08:50:53 PM,2.34,3.01,255.5,2.990,48.896,1069.350,-6.701
21367,03/26/26 09:00:53 PM,2.00,2.67,252.7,2.443,50.051,1069.350,-6.903
21368,03/26/26 09:10:53 PM,2.34,3.01,261.1,2.054,51.127,1069.350,-6.987
21369,03/26/26 09:20:53 PM,2.67,4.01,268.1,2.746,48.786,1069.350,-6.955
21370,03/26/26 09:30:53 PM,2.00,3.34,247.1,1.574,52.122,1069.350,-7.183
21371,03/26/26 09:40:53 PM,2.00,3.01,256.9,1.931,50.340,1069.350,-7.302
21372,03/26/26 09:50:53 PM,2.00,2.67,258.3,1.496,51.649,1069.350,-7.374
21373,03/26/26 10:00:53 PM,2.00,2.67,283.6,1.571,51.455,1069.350,-7.353
21374,03/26/26 10:10:53 PM,2.34,4.34,286.4,1.625,50.780,1069.350,-7.473
21375,03/26/26 10:20:53 PM,2.67,4.34,279.4,1.767,49.888,1069.350,-7.570
21376,03/26/26 10:30:53 PM,2.67,4.01,283.6,1.172,52.142,1069.350,-7.552
21377,03/26/26 10:40:53 PM,2.67,4.34,290.6,1.089,53.184,1069.350,-7.374
21378,03/26/26 10:50:53 PM,2.00,3.34,241.5,0.920,52.663,1069.350,-7.658
21379,03/26/26 11:00:53 PM,3.01,4.01,233.1,1.354,51.473,1069.350,-7.549
21380,03/26/26 11:10:53 PM,3.34,5.01,233.1,2.212,48.890,1069.350,-7.420
21381,03/26/26 11:20:53 PM,2.67,5.34,238.7,2.518,48.086,1069.350,-7.352
21382,03/26/26 11:30:53 PM,2.67,4.34,238.7,2.402,48.080,1069.350,-7.461
21383,03/26/26 11:40:53 PM,3.34,5.34,247.1,2.086,49.284,1069.350,-7.433
21384,03/26/26 11:50:53 PM,3.34,5.01,258.3,1.960,49.596,1069.350,-7.468
21385,03/27/26 12:00:53 AM,2.34,4.01,276.6,1.330,51.713,1069.350,-7.512
21386,03/27/26 12:10:53 AM,2.67,4.01,282.2,0.813,53.327,1069.350,-7.596
21387,03/27/26 12:20:53 AM,3.01,4.01,287.8,1.823,50.137,1069.350,-7.454
21388,03/27/26 12:30:53 AM,2.34,4.01,294.8,1.019,52.427,1069.350,-7.624
21389,03/27/26 12:40:53 AM,2.34,3.67,269.6,-0.254,56.568,1069.350,-7.834
21390,03/27/26 12:50:53 AM,2.00,3.01,262.5,-0.469,57.264,1069.350,-7.879
21391,03/27/26 01:00:53 AM,1.34,3.01,259.7,-1.244,60.229,1069.350,-7.960
21392,03/27/26 01:10:53 AM,1.67,3.34,248.5,-1.429,60.935,1069.350,-7.985
21393,03/27/26 01:20:53 AM,1.67,3.01,245.7,-2.421,64.628,1069.350,-8.172
21394,03/27/26 01:30:53 AM,1.67,3.01,273.8,-2.222,64.269,1069.350,-8.054
21395,03/27/26 01:40:53 AM,1.67,3.01,304.7,-1.756,62.620,1069.350,-7.945
21396,03/27/26 01:50:53 AM,1.34,2.67,293.4,-1.096,59.734,1069.350,-7.926
21397,03/27/26 02:00:53 AM,1.67,2.34,280.8,-0.670,57.786,1069.350,-7.951
21398,03/27/26 02:10:53 AM,1.34,2.00,272.4,-1.418,59.934,1069.350,-8.188
21399,03/27/26 02:20:53 AM,0.33,1.67,308.9,-1.643,60.571,1069.350,-8.265
21400,03/27/26 02:30:53 AM,0.33,1.34,39.3,-2.190,62.644,1069.350,-8.352
21401,03/27/26 02:40:53 AM,1.00,1.34,16.8,-3.474,68.135,1069.350,-8.502
21402,03/27/26 02:50:53 AM,0.33,1.34,352.4,-3.230,66.297,1069.350,-8.618
21403,03/27/26 03:00:53 AM,0.33,1.67,106.7,-3.520,67.997,1069.350,-8.572
21404,03/27/26 03:10:53 AM,0.00,0.00,132.0,-4.742,75.802,1069.350,-8.360
21405,03/27/26 03:20:53 AM,0.00,0.00,122.1,-4.678,76.527,1069.350,-8.176
21406,03/27/26 03:30:53 AM,0.33,1.34,22.5,-4.043,70.614,1069.350,-8.592
21407,03/27/26 03:40:53 AM,1.00,2.00,2.8,-3.490,67.637,1069.350,-8.611
21408,03/27/26 03:50:53 AM,0.33,1.00,9.8,-3.083,65.139,1069.350,-8.703
21409,03/27/26 04:00:53 AM,0.00,0.00,11.2,-4.410,70.947,1069.350,-8.885
21410,03/27/26 04:10:53 AM,0.00,0.00,11.2,-4.935,73.310,1069.350,-8.974
21411,03/27/26 04:20:53 AM,0.00,1.00,1.4,-4.887,73.309,1069.350,-8.928
21412,03/27/26 04:30:53 AM,0.67,1.34,314.5,-5.037,73.530,1069.350,-9.035
21413,03/27/26 04:40:53 AM,0.00,0.00,314.5,-4.603,71.035,1069.350,-9.055
21414,03/27/26 04:50:53 AM,0.33,1.00,314.5,-4.968,71.356,1069.350,-9.350
21415,03/27/26 05:00:53 AM,0.67,1.34,335.5,-4.716,71.402,1069.350,-9.099
21416,03/27/26 05:10:53 AM,0.67,1.34,342.6,-4.839,71.240,1069.350,-9.246
21417,03/27/26 05:20:53 AM,0.00,0.33,342.6,-4.783,70.523,1069.350,-9.321
21418,03/27/26 05:30:53 AM,0.00,0.67,335.5,-5.933,74.522,1069.350,-9.732
21419,03/27/26 05:40:53 AM,0.00,0.00,327.1,-5.761,74.148,1069.350,-9.629
21420,03/27/26 05:50:53 AM,0.67,1.34,299.0,-6.394,76.121,1069.350,-9.911
21421,03/27/26 06:00:53 AM,0.33,1.00,300.4,-5.836,74.762,1069.350,-9.597
21422,03/27/26 06:10:53 AM,0.67,1.34,300.4,-6.541,75.808,1069.350,-10.106
21423,03/27/26 06:20:53 AM,1.00,1.34,300.4,-7.206,78.805,1069.350,-10.264
21424,03/27/26 06:30:53 AM,0.33,1.00,300.4,-6.994,77.443,1069.350,-10.277
21425,03/27/26 06:40:53 AM,0.67,1.34,317.3,-6.834,76.831,1069.350,-10.222
21426,03/27/26 06:50:53 AM,1.00,1.67,307.5,-6.627,75.818,1069.350,-10.188
21427,03/27/26 07:00:53 AM,1.00,1.67,296.2,-7.233,78.405,1069.350,-10.355
21428,03/27/26 07:10:53 AM,0.67,1.00,310.3,-6.565,77.444,1069.350,-9.859
21429,03/27/26 07:20:53 AM,0.33,1.00,310.3,-6.061,76.374,1069.350,-9.545
21430,03/27/26 07:30:53 AM,0.67,1.34,310.3,-6.024,76.506,1069.350,-9.488
21431,03/27/26 07:40:53 AM,0.67,1.34,311.7,-6.024,77.250,1069.350,-9.365
21432,03/27/26 07:50:53 AM,0.00,1.00,315.9,-5.488,76.422,1069.350,-8.981
21433,03/27/26 08:00:53 AM,0.67,1.00,317.3,-4.893,74.708,1069.350,-8.693
21434,03/27/26 08:10:53 AM,0.67,1.34,313.1,-5.437,78.503,1069.350,-8.588
21435,03/27/26 08:20:53 AM,0.00,0.33,307.5,-3.960,74.604,1069.350,-7.806
21436,03/27/26 08:30:53 AM,0.00,0.00,307.5,-2.276,72.451,1069.350,-6.556
21437,03/27/26 08:40:53 AM,0.00,0.00,307.5,-1.504,72.651,1069.350,-5.775
21438,03/27/26 08:50:53 AM,0.00,0.00,272.4,-1.348,71.232,1069.350,-5.883
21439,03/27/26 09:00:53 AM,0.00,1.34,221.8,-0.343,66.331,1069.350,-5.852
21440,03/27/26 09:10:53 AM,0.67,1.67,148.8,0.928,62.240,1069.350,-5.476
21441,03/27/26 09:20:53 AM,1.00,2.00,123.5,1.038,62.405,1069.350,-5.337
21442,03/27/26 09:30:53 AM,1.34,2.34,129.2,0.872,63.391,1069.350,-5.289
21443,03/27/26 09:40:53 AM,1.34,2.34,115.1,1.518,61.604,1069.350,-5.052
21444,03/27/26 09:50:53 AM,1.34,2.67,129.2,2.019,59.840,1069.350,-4.962
21445,03/27/26 10:00:53 AM,1.34,3.01,115.1,2.949,57.137,1069.350,-4.697
21446,03/27/26 10:10:53 AM,1.34,2.34,126.4,3.756,54.499,1069.350,-4.566
21447,03/27/26 10:20:53 AM,2.00,3.34,94.1,5.113,49.393,1069.350,-4.609
21448,03/27/26 10:30:53 AM,2.00,3.67,92.7,6.290,45.396,1069.350,-4.645
21449,03/27/26 10:40:53 AM,2.67,4.68,85.6,7.150,42.435,1069.350,-4.754
21450,03/27/26 10:50:53 AM,2.67,4.68,84.2,8.290,37.969,1069.350,-5.194
21451,03/27/26 11:00:53 AM,3.01,5.68,78.6,8.499,37.017,1069.350,-5.342
21452,03/27/26 11:10:53 AM,3.01,5.34,75.8,8.684,35.848,1069.350,-5.599
21453,03/27/26 11:20:53 AM,3.34,5.68,95.5,9.236,34.670,1069.350,-5.548
21454,03/27/26 11:30:53 AM,4.01,6.35,92.7,9.767,32.985,1069.350,-5.733
21455,03/27/26 11:40:53 AM,4.68,9.35,80.0,10.384,31.928,1069.350,-5.618
21456,03/27/26 11:50:53 AM,4.68,6.35,84.2,10.915,31.208,1069.350,-5.453
21457,03/27/26 12:00:53 PM,4.68,7.01,77.2,11.598,30.559,1069.350,-5.133
21458,03/27/26 12:10:53 PM,5.34,7.68,67.4,11.459,29.595,1069.350,-5.675
21459,03/27/26 12:20:53 PM,4.68,8.02,73.0,12.349,29.297,1069.350,-5.036
21460,03/27/26 12:30:53 PM,4.68,8.68,75.8,12.708,29.055,1069.350,-4.834
21461,03/27/26 12:40:53 PM,4.34,7.35,75.8,13.236,28.754,1069.350,-4.515
21462,03/27/26 12:50:53 PM,4.68,7.68,73.0,13.488,28.415,1069.350,-4.455
21463,03/27/26 01:00:53 PM,5.01,8.02,71.6,13.823,27.243,1069.350,-4.724
21464,03/27/26 01:10:53 PM,4.68,8.35,63.2,13.858,26.635,1069.350,-4.992
21465,03/27/26 01:20:53 PM,4.68,8.35,71.6,14.403,25.954,1069.350,-4.867
21466,03/27/26 01:30:53 PM,5.01,9.02,67.4,14.555,25.505,1069.350,-4.968
21467,03/27/26 01:40:53 PM,4.34,7.35,92.7,14.861,25.469,1069.350,-4.726
21468,03/27/26 01:50:53 PM,4.34,7.35,85.6,15.424,24.154,1069.350,-4.948
21469,03/27/26 02:00:53 PM,4.68,8.02,95.5,15.151,23.880,1069.350,-5.329
21470,03/27/26 02:10:53 PM,4.01,7.01,78.6,15.630,22.884,1069.350,-5.485
21471,03/27/26 02:20:53 PM,4.68,8.02,70.2,15.633,24.787,1069.350,-4.428
21472,03/27/26 02:30:53 PM,5.01,8.35,81.4,15.909,24.283,1069.350,-4.467
21473,03/27/26 02:40:53 PM,5.34,7.68,70.2,16.051,24.594,1069.350,-4.177
21474,03/27/26 02:50:53 PM,4.68,7.68,80.0,16.314,24.149,1069.350,-4.197
21475,03/27/26 03:00:53 PM,4.01,7.68,68.8,16.491,23.351,1069.350,-4.493
21476,03/27/26 03:10:53 PM,4.68,8.68,82.8,16.641,22.942,1069.350,-4.601
21477,03/27/26 03:20:53 PM,3.67,7.01,92.7,16.676,21.878,1069.350,-5.199
21478,03/27/26 03:30:53 PM,3.67,6.68,94.1,17.016,21.721,1069.350,-5.009
21479,03/27/26 03:40:53 PM,3.67,7.01,77.2,17.252,22.405,1069.350,-4.402
21480,03/27/26 03:50:53 PM,3.34,7.01,78.6,17.555,22.353,1069.350,-4.178
21481,03/27/26 04:00:53 PM,3.34,7.35,78.6,17.507,21.251,1069.350,-4.888
21482,03/27/26 04:10:53 PM,4.01,6.35,74.4,17.413,21.645,1069.350,-4.724
21483,03/27/26 04:20:53 PM,4.01,6.68,68.8,16.802,22.506,1069.350,-4.720
21484,03/27/26 04:30:53 PM,3.01,5.01,87.0,16.234,22.579,1069.350,-5.154
21485,03/27/26 04:40:53 PM,3.34,5.68,74.4,16.437,22.300,1069.350,-5.147
21486,03/27/26 04:50:53 PM,3.34,5.01,81.4,16.395,21.610,1069.350,-5.596
21487,03/27/26 05:00:53 PM,3.67,5.34,74.4,16.518,20.931,1069.350,-5.911
21488,03/27/26 05:10:53 PM,3.34,6.01,78.6,16.915,21.555,1069.350,-5.195
21489,03/27/26 05:20:53 PM,3.67,6.35,70.2,17.124,20.578,1069.350,-5.630
21490,03/27/26 05:30:53 PM,3.34,5.68,68.8,17.188,20.403,1069.350,-5.689
21491,03/27/26 05:40:53 PM,3.01,5.34,77.2,17.188,20.320,1069.350,-5.743
21492,03/27/26 05:50:53 PM,3.34,5.34,77.2,17.033,20.262,1069.350,-5.909
21493,03/27/26 06:00:53 PM,3.34,5.01,84.2,16.818,20.058,1069.350,-6.219
21494,03/27/26 06:10:53 PM,3.34,6.01,92.7,16.577,20.778,1069.350,-5.958
21495,03/27/26 06:20:53 PM,3.34,6.01,81.4,16.464,20.951,1069.350,-5.944
21496,03/27/26 06:30:53 PM,3.34,5.01,82.8,16.177,20.621,1069.350,-6.390
21497,03/27/26 06:40:53 PM,3.01,5.34,87.0,15.802,22.504,1069.350,-5.560
21498,03/27/26 06:50:53 PM,3.01,4.34,87.0,15.242,23.648,1069.350,-5.380
21499,03/27/26 07:00:53 PM,2.34,3.34,95.5,14.571,24.755,1069.350,-5.347
21500,03/27/26 07:10:53 PM,2.00,2.67,82.8,13.850,27.356,1069.350,-4.646
21501,03/27/26 07:20:53 PM,2.00,3.01,78.6,13.260,29.801,1069.350,-4.020
21502,03/27/26 07:30:53 PM,1.67,2.00,64.6,11.920,33.967,1069.350,-3.447
21503,03/27/26 07:40:53 PM,1.67,2.67,46.3,10.684,34.720,1069.350,-4.247
21504,03/27/26 07:50:53 PM,2.00,2.34,40.7,9.984,34.432,1069.350,-4.977
21505,03/27/26 08:00:53 PM,1.34,2.34,40.7,9.370,35.364,1069.350,-5.168
21506,03/27/26 08:10:53 PM,1.34,2.67,33.7,8.620,37.020,1069.350,-5.233
21507,03/27/26 08:20:53 PM,0.67,1.67,37.9,7.936,37.482,1069.350,-5.681
21508,03/27/26 08:30:53 PM,1.00,1.67,32.3,7.566,38.050,1069.350,-5.814
21509,03/27/26 08:40:53 PM,1.00,1.67,33.7,7.654,37.374,1069.350,-5.970
21510,03/27/26 08:50:53 PM,1.67,2.34,15.4,6.663,38.715,1069.350,-6.397
21511,03/27/26 09:00:53 PM,1.00,1.67,36.5,6.730,38.161,1069.350,-6.525
21512,03/27/26 09:10:53 PM,0.33,1.34,36.5,6.732,37.633,1069.350,-6.704
21513,03/27/26 09:20:53 PM,0.33,1.00,9.8,6.132,38.773,1069.350,-6.854
21514,03/27/26 09:30:53 PM,0.00,1.00,306.1,6.057,38.421,1069.350,-7.040
21515,03/27/26 09:40:53 PM,0.00,0.00,306.1,5.789,38.511,1069.350,-7.250
21516,03/27/26 09:50:53 PM,0.33,1.00,306.1,6.008,37.853,1069.350,-7.277
21517,03/27/26 10:00:53 PM,0.33,1.34,307.5,5.528,38.535,1069.350,-7.476
21518,03/27/26 10:10:53 PM,1.34,1.67,303.2,2.515,45.446,1069.350,-8.082
21519,03/27/26 10:20:53 PM,1.34,1.67,296.2,2.480,44.829,1069.350,-8.290
21520,03/27/26 10:30:53 PM,0.67,1.34,329.9,4.008,42.329,1069.350,-7.636
21521,03/27/26 10:40:53 PM,1.00,1.34,331.3,3.295,44.202,1069.350,-7.727
21522,03/27/26 10:50:53 PM,1.00,2.00,310.3,2.727,46.096,1069.350,-7.706
21523,03/27/26 11:00:53 PM,1.00,1.67,300.4,2.319,47.323,1069.350,-7.742
21524,03/27/26 11:10:53 PM,1.00,1.67,307.5,2.547,47.114,1069.350,-7.589
21525,03/27/26 11:20:53 PM,1.00,1.34,317.3,2.810,46.706,1069.350,-7.460
21526,03/27/26 11:30:53 PM,0.67,1.00,317.3,4.201,42.799,1069.350,-7.318
21527,03/27/26 11:40:53 PM,1.00,1.67,303.2,2.400,46.606,1069.350,-7.864
21528,03/27/26 11:50:53 PM,1.34,1.67,303.2,0.931,49.960,1069.350,-8.325
21529,03/28/26 12:00:53 AM,1.00,1.67,307.5,0.898,50.394,1069.350,-8.245
21530,03/28/26 12:10:53 AM,1.00,1.34,306.1,1.102,49.810,1069.350,-8.206
21531,03/28/26 12:20:53 AM,1.00,1.67,317.3,0.805,51.073,1069.350,-8.159
21532,03/28/26 12:30:53 AM,1.34,1.67,307.5,1.043,50.755,1069.350,-8.019
21533,03/28/26 12:40:53 AM,1.34,2.00,296.2,0.459,53.086,1069.350,-7.985
21534,03/28/26 12:50:53 AM,1.67,2.34,299.0,-0.351,56.666,1069.350,-7.903
21535,03/28/26 01:00:53 AM,1.34,2.00,318.7,1.110,51.141,1069.350,-7.859
21536,03/28/26 01:10:53 AM,1.67,2.00,301.8,1.180,51.043,1069.350,-7.819
21537,03/28/26 01:20:53 AM,1.67,2.00,300.4,0.443,54.141,1069.350,-7.746
21538,03/28/26 01:30:53 AM,1.34,2.00,310.3,1.427,51.197,1069.350,-7.551
21539,03/28/26 01:40:53 AM,1.67,2.34,289.2,1.603,51.173,1069.350,-7.394
21540,03/28/26 01:50:53 AM,1.67,2.67,293.4,1.325,52.134,1069.350,-7.412
21541,03/28/26 02:00:53 AM,1.34,2.34,289.2,1.628,51.322,1069.350,-7.333
21542,03/28/26 02:10:53 AM,1.34,2.34,292.0,1.483,52.093,1069.350,-7.275
21543,03/28/26 02:20:53 AM,1.34,2.34,306.1,2.057,50.709,1069.350,-7.091
21544,03/28/26 02:30:53 AM,1.34,2.34,294.8,2.201,49.911,1069.350,-7.163
21545,03/28/26 02:40:53 AM,0.67,1.34,299.0,1.486,52.239,1069.350,-7.236
21546,03/28/26 02:50:53 AM,1.00,1.67,299.0,1.483,52.189,1069.350,-7.251
21547,03/28/26 03:00:53 AM,1.67,3.01,287.8,1.116,52.857,1069.350,-7.428
21548,03/28/26 03:10:53 AM,2.34,3.34,283.6,1.370,51.963,1069.350,-7.412
21549,03/28/26 03:20:53 AM,2.00,3.01,285.0,1.504,51.128,1069.350,-7.497
21550,03/28/26 03:30:53 AM,1.67,3.01,285.0,1.384,51.600,1069.350,-7.490
21551,03/28/26 03:40:53 AM,1.67,2.00,263.9,0.719,54.200,1069.350,-7.474
21552,03/28/26 03:50:53 AM,1.67,3.01,289.2,0.322,55.547,1069.350,-7.529
21553,03/28/26 04:00:53 AM,2.34,3.01,286.4,0.898,53.338,1069.350,-7.514
21554,03/28/26 04:10:53 AM,2.34,3.34,285.0,1.183,52.409,1069.350,-7.476
21555,03/28/26 04:20:53 AM,2.00,3.34,276.6,1.108,52.685,1069.350,-7.478
21556,03/28/26 04:30:53 AM,2.00,4.34,292.0,0.290,55.712,1069.350,-7.521
21557,03/28/26 04:40:53 AM,3.01,4.34,296.2,1.113,52.792,1069.350,-7.447
21558,03/28/26 04:50:53 AM,2.34,3.34,285.0,0.821,53.936,1069.350,-7.442
21559,03/28/26 05:00:53 AM,2.34,3.01,280.8,0.625,54.505,1069.350,-7.490
21560,03/28/26 05:10:53 AM,2.00,3.01,283.6,0.829,53.539,1069.350,-7.530
21561,03/28/26 05:20:53 AM,2.00,3.01,293.4,0.684,53.475,1069.350,-7.681
21562,03/28/26 05:30:53 AM,2.67,3.67,287.8,1.553,50.311,1069.350,-7.659
21563,03/28/26 05:40:53 AM,2.34,3.67,289.2,1.526,50.399,1069.350,-7.662
21564,03/28/26 05:50:53 AM,2.00,3.01,307.5,0.837,53.013,1069.350,-7.650
21565,03/28/26 06:00:53 AM,1.67,3.34,314.5,0.429,53.855,1069.350,-7.828
21566,03/28/26 06:10:53 AM,1.34,2.34,310.3,-0.313,56.970,1069.350,-7.798
21567,03/28/26 06:20:53 AM,0.33,1.34,320.1,-0.190,56.402,1069.350,-7.812
21568,03/28/26 06:30:53 AM,0.00,1.00,320.1,-0.273,56.501,1069.350,-7.867
21569,03/28/26 06:40:53 AM,0.33,1.00,320.1,-0.158,55.790,1069.350,-7.922
21570,03/28/26 06:50:53 AM,0.33,1.00,320.1,-0.035,55.238,1069.350,-7.935
21571,03/28/26 07:00:53 AM,0.33,1.34,318.7,-0.549,56.519,1069.350,-8.122
21572,03/28/26 07:10:53 AM,1.67,2.67,299.0,-0.764,58.418,1069.350,-7.900
21573,03/28/26 07:20:53 AM,1.67,3.01,293.4,-0.292,57.449,1069.350,-7.671
21574,03/28/26 07:30:53 AM,1.67,3.67,268.1,-0.372,57.249,1069.350,-7.791
21575,03/28/26 07:40:53 AM,0.33,1.00,258.3,-0.539,57.485,1069.350,-7.895
21576,03/28/26 07:50:53 AM,1.00,2.34,293.4,-0.512,58.358,1069.350,-7.676
21577,03/28/26 08:00:53 AM,1.67,3.34,301.8,-0.088,58.209,1069.350,-7.309
21578,03/28/26 08:10:53 AM,2.34,3.34,290.6,1.955,53.239,1069.350,-6.553
21579,03/28/26 08:20:53 AM,1.00,2.00,227.4,2.665,52.363,1069.350,-6.109
21580,03/28/26 08:30:53 AM,1.00,1.67,212.0,3.904,50.539,1069.350,-5.424
21581,03/28/26 08:40:53 AM,0.00,0.67,213.4,5.740,46.188,1069.350,-4.919
21582,03/28/26 08:50:53 AM,0.00,0.00,213.4,7.067,42.394,1069.350,-4.842
21583,03/28/26 09:00:53 AM,0.00,0.00,214.8,6.775,42.637,1069.350,-5.031
21584,03/28/26 09:10:53 AM,0.00,0.00,214.8,6.394,45.470,1069.350,-4.528
21585,03/28/26 09:20:53 AM,0.00,0.00,214.8,6.113,48.104,1069.350,-4.038
21586,03/28/26 09:30:53 AM,0.00,0.00,308.9,6.204,49.268,1069.350,-3.636
21587,03/28/26 09:40:53 AM,0.67,1.67,318.7,8.081,45.608,1069.350,-2.946
21588,03/28/26 09:50:53 AM,0.67,1.67,308.9,10.325,38.584,1069.350,-3.159
21589,03/28/26 10:00:53 AM,0.67,1.67,212.0,11.333,34.589,1069.350,-3.724
21590,03/28/26 10:10:53 AM,0.00,1.00,195.1,10.949,36.184,1069.350,-3.462
21591,03/28/26 10:20:53 AM,0.33,1.34,303.2,11.480,34.629,1069.350,-3.578
21592,03/28/26 10:30:53 AM,0.00,0.67,304.7,12.049,31.739,1069.350,-4.238
21593,03/28/26 10:40:53 AM,0.33,1.00,263.9,13.220,30.449,1069.350,-3.768
21594,03/28/26 10:50:53 AM,0.33,1.34,33.7,14.582,28.696,1069.350,-3.379
21595,03/28/26 11:00:53 AM,0.67,1.67,84.2,14.939,28.995,1069.350,-2.931
21596,03/28/26 11:10:53 AM,1.34,2.34,110.9,15.142,29.776,1069.350,-2.398
21597,03/28/26 11:20:53 AM,1.34,2.34,113.7,15.303,28.923,1069.350,-2.650
21598,03/28/26 11:30:53 AM,1.00,2.34,109.5,15.813,27.463,1069.350,-2.907
21599,03/28/26 11:40:53 AM,1.00,2.00,133.4,16.183,26.777,1069.350,-2.929
21600,03/28/26 11:50:53 AM,1.34,2.67,103.9,16.909,26.487,1069.350,-2.454
21601,03/28/26 12:00:53 PM,1.34,2.34,141.8,16.336,28.016,1069.350,-2.188
21602,03/28/26 12:10:53 PM,1.34,3.01,147.4,17.641,26.133,1069.350,-2.011
21603,03/28/26 12:20:53 PM,1.34,3.01,172.7,17.625,25.606,1069.350,-2.300
21604,03/28/26 12:30:53 PM,1.34,3.01,168.5,18.386,25.327,1069.350,-1.801
21605,03/28/26 12:40:53 PM,3.01,5.34,189.5,18.035,25.931,1069.350,-1.780
21606,03/28/26 12:50:53 PM,3.01,6.01,244.3,18.403,24.712,1069.350,-2.119
21607,03/28/26 01:00:53 PM,2.67,4.68,247.1,18.781,25.202,1069.350,-1.533
21608,03/28/26 01:10:53 PM,2.67,6.01,233.1,18.971,25.020,1069.350,-1.470
21609,03/28/26 01:20:53 PM,3.01,5.68,234.5,18.861,25.489,1069.350,-1.311
21610,03/28/26 01:30:53 PM,4.01,7.68,273.8,19.293,25.394,1069.350,-0.994
21611,03/28/26 01:40:53 PM,3.67,7.01,271.0,19.113,26.157,1069.350,-0.743
21612,03/28/26 01:50:53 PM,4.34,7.35,276.6,19.328,26.316,1069.350,-0.477
21613,03/28/26 02:00:53 PM,4.68,8.02,278.0,18.966,27.063,1069.350,-0.402
21614,03/28/26 02:10:53 PM,4.68,7.35,272.4,18.858,26.874,1069.350,-0.591
21615,03/28/26 02:20:53 PM,4.01,7.35,268.1,18.783,26.270,1069.350,-0.966
21616,03/28/26 02:30:53 PM,4.01,7.01,280.8,19.017,25.890,1069.350,-0.965
21617,03/28/26 02:40:53 PM,4.34,7.35,258.3,19.306,25.174,1069.350,-1.102
21618,03/28/26 02:50:53 PM,4.68,7.35,282.2,18.845,25.730,1069.350,-1.196
21619,03/28/26 03:00:53 PM,5.01,7.35,254.1,18.995,24.685,1069.350,-1.633
21620,03/28/26 03:10:53 PM,4.34,6.35,266.7,19.236,24.862,1069.350,-1.331
21621,03/28/26 03:20:53 PM,5.01,8.68,269.6,19.202,24.233,1069.350,-1.708
21622,03/28/26 03:30:53 PM,5.34,9.68,271.0,19.282,23.856,1069.350,-1.853
21623,03/28/26 03:40:53 PM,5.34,8.35,273.8,19.134,23.413,1069.350,-2.232
21624,03/28/26 03:50:53 PM,5.34,9.02,268.1,19.011,23.810,1069.350,-2.108
21625,03/28/26 04:00:53 PM,5.34,9.02,286.4,18.663,24.239,1069.350,-2.160
21626,03/28/26 04:10:53 PM,4.68,8.35,268.1,19.515,24.547,1069.350,-1.269
21627,03/28/26 04:20:53 PM,5.68,10.02,280.8,19.293,24.105,1069.350,-1.703
21628,03/28/26 04:30:53 PM,5.34,9.68,279.4,18.904,24.518,1069.350,-1.802
21629,03/28/26 04:40:53 PM,5.34,9.02,282.2,18.958,25.035,1069.350,-1.473
21630,03/28/26 04:50:53 PM,5.34,8.35,279.4,19.167,24.807,1069.350,-1.420
21631,03/28/26 05:00:53 PM,5.34,7.68,271.0,18.743,25.638,1069.350,-1.332
21632,03/28/26 05:10:53 PM,4.68,7.01,269.6,18.464,26.484,1069.350,-1.127
21633,03/28/26 05:20:53 PM,5.01,7.35,273.8,18.097,27.088,1069.350,-1.134
21634,03/28/26 05:30:53 PM,4.34,6.68,275.2,17.424,28.144,1069.350,-1.190
21635,03/28/26 05:40:53 PM,4.68,7.01,286.4,17.175,28.241,1069.350,-1.358
21636,03/28/26 05:50:53 PM,4.01,6.01,273.8,16.947,29.551,1069.350,-0.937
21637,03/28/26 06:00:53 PM,4.01,6.01,276.6,16.893,29.918,1069.350,-0.815
21638,03/28/26 06:10:53 PM,3.67,5.34,280.8,16.826,30.803,1069.350,-0.474
21639,03/28/26 06:20:53 PM,3.67,5.34,297.6,16.630,31.557,1069.350,-0.313
21640,03/28/26 06:30:53 PM,3.34,5.68,306.1,16.180,32.677,1069.350,-0.227
21641,03/28/26 06:40:53 PM,3.67,6.01,308.9,15.941,32.197,1069.350,-0.639
21642,03/28/26 06:50:53 PM,4.34,6.35,315.9,15.676,31.124,1069.350,-1.333
21643,03/28/26 07:00:53 PM,3.34,5.34,307.5,15.362,32.107,1069.350,-1.184
21644,03/28/26 07:10:53 PM,2.67,4.34,296.2,14.904,33.153,1069.350,-1.149
21645,03/28/26 07:20:53 PM,3.01,4.34,283.6,14.593,33.501,1069.350,-1.280
21646,03/28/26 07:30:53 PM,3.01,4.01,279.4,14.440,33.797,1069.350,-1.295
21647,03/28/26 07:40:53 PM,2.67,3.67,271.0,13.542,35.959,1069.350,-1.244
21648,03/28/26 07:50:53 PM,2.00,2.67,266.7,11.979,40.955,1069.350,-0.866
21649,03/28/26 08:00:53 PM,2.00,2.67,266.7,10.751,44.662,1069.350,-0.795
21650,03/28/26 08:10:53 PM,2.34,3.01,254.1,10.282,44.038,1069.350,-1.413
21651,03/28/26 08:20:53 PM,2.34,3.67,247.1,10.003,44.050,1069.350,-1.663
21652,03/28/26 08:30:53 PM,3.01,4.68,263.9,10.271,42.939,1069.350,-1.766
21653,03/28/26 08:40:53 PM,4.34,6.35,287.8,12.352,36.918,1069.350,-1.944
21654,03/28/26 08:50:53 PM,4.68,6.68,293.4,11.966,37.787,1069.350,-1.973
21655,03/28/26 09:00:53 PM,4.34,6.35,297.6,11.569,38.582,1069.350,-2.046
21656,03/28/26 09:10:53 PM,4.01,5.34,299.0,11.325,39.194,1069.350,-2.052
21657,03/28/26 09:20:53 PM,3.67,5.01,297.6,10.789,40.676,1069.350,-2.032
21658,03/28/26 09:30:53 PM,3.34,4.34,297.6,10.646,40.995,1069.350,-2.055
21659,03/28/26 09:40:53 PM,3.01,4.01,299.0,10.352,41.495,1069.350,-2.156
21660,03/28/26 09:50:53 PM,2.67,4.01,289.2,10.258,41.233,1069.350,-2.327
21661,03/28/26 10:00:53 PM,3.01,4.01,290.6,10.660,40.352,1069.350,-2.256
21662,03/28/26 10:10:53 PM,3.34,5.01,292.0,10.604,40.694,1069.350,-2.192
21663,03/28/26 10:20:53 PM,4.01,6.35,290.6,11.016,39.792,1069.350,-2.124
21664,03/28/26 10:30:53 PM,4.34,5.68,287.8,11.397,38.538,1069.350,-2.216
21665,03/28/26 10:40:53 PM,4.01,6.35,289.2,11.451,38.379,1069.350,-2.223
21666,03/28/26 10:50:53 PM,4.01,6.01,293.4,10.907,40.177,1069.350,-2.092
21667,03/28/26 11:00:53 PM,3.67,5.68,289.2,10.850,40.494,1069.350,-2.037
21668,03/28/26 11:10:53 PM,2.00,3.34,272.4,10.620,41.912,1069.350,-1.779
21669,03/28/26 11:20:53 PM,2.34,3.34,238.7,7.928,50.018,1069.350,-1.842
21670,03/28/26 11:30:53 PM,2.67,4.01,251.3,7.593,51.098,1069.350,-1.862
21671,03/28/26 11:40:53 PM,3.34,4.34,266.7,9.204,45.621,1069.350,-1.916
21672,03/28/26 11:50:53 PM,2.67,4.34,275.2,8.791,46.157,1069.350,-2.136
21673,03/29/26 12:00:53 AM,2.34,4.34,296.2,8.223,47.756,1069.350,-2.196
21674,03/29/26 12:10:53 AM,3.67,5.01,315.9,8.494,46.847,1069.350,-2.207
21675,03/29/26 12:20:53 AM,2.00,4.01,262.5,7.236,49.862,1069.350,-2.523
21676,03/29/26 12:30:53 AM,1.67,3.01,237.3,5.856,53.901,1069.350,-2.755
21677,03/29/26 12:40:53 AM,0.67,1.34,293.4,6.234,52.795,1069.350,-2.682
21678,03/29/26 12:50:53 AM,1.34,2.34,258.3,6.167,53.069,1069.350,-2.674
21679,03/29/26 01:00:53 AM,2.67,4.01,308.9,6.354,52.065,1069.350,-2.757
21680,03/29/26 01:10:53 AM,2.67,3.67,322.9,7.381,48.516,1069.350,-2.757
21681,03/29/26 01:20:53 AM,2.34,3.34,325.7,7.392,48.302,1069.350,-2.807
21682,03/29/26 01:30:53 AM,1.34,2.67,78.6,5.212,55.317,1069.350,-3.007
21683,03/29/26 01:40:53 AM,0.67,1.67,102.5,3.716,60.606,1069.350,-3.189
21684,03/29/26 01:50:53 AM,0.33,1.00,91.3,4.242,58.628,1069.350,-3.138
21685,03/29/26 02:00:53 AM,1.00,2.00,283.6,5.386,54.453,1069.350,-3.056
21686,03/29/26 02:10:53 AM,1.34,2.00,306.1,5.177,54.418,1069.350,-3.260
21687,03/29/26 02:20:53 AM,1.00,2.00,297.6,5.236,54.617,1069.350,-3.156
21688,03/29/26 02:30:53 AM,1.34,3.01,240.1,4.727,56.092,1069.350,-3.275
21689,03/29/26 02:40:53 AM,1.34,2.00,293.4,3.432,60.090,1069.350,-3.572
21690,03/29/26 02:50:53 AM,1.34,1.67,317.3,4.038,58.085,1069.350,-3.454
21691,03/29/26 03:00:53 AM,1.34,1.67,303.2,3.995,57.765,1069.350,-3.569
21692,03/29/26 03:10:53 AM,1.34,1.67,296.2,3.429,59.815,1069.350,-3.636
21693,03/29/26 03:20:53 AM,1.34,2.34,286.4,2.968,61.827,1069.350,-3.631
21694,03/29/26 03:30:53 AM,1.34,2.34,290.6,3.030,61.360,1069.350,-3.673
21695,03/29/26 03:40:53 AM,0.67,2.00,322.9,3.089,60.427,1069.350,-3.821
21696,03/29/26 03:50:53 AM,0.67,1.00,341.2,3.756,57.751,1069.350,-3.796
21697,03/29/26 04:00:53 AM,0.00,0.00,336.9,3.250,58.946,1069.350,-4.000
21698,03/29/26 04:10:53 AM,0.33,1.00,320.1,4.201,56.400,1069.350,-3.694
21699,03/29/26 04:20:53 AM,1.00,1.34,310.3,4.234,55.981,1069.350,-3.763
21700,03/29/26 04:30:53 AM,1.34,1.67,313.1,3.389,58.585,1069.350,-3.951
21701,03/29/26 04:40:53 AM,1.00,1.67,301.8,4.030,57.501,1069.350,-3.597
21702,03/29/26 04:50:53 AM,1.00,1.34,294.8,4.354,56.728,1069.350,-3.474
21703,03/29/26 05:00:53 AM,1.00,1.67,289.2,3.794,58.372,1069.350,-3.618
21704,03/29/26 05:10:53 AM,1.34,1.67,285.0,2.762,62.245,1069.350,-3.736
21705,03/29/26 05:20:53 AM,1.67,2.34,268.1,1.949,65.026,1069.350,-3.926
21706,03/29/26 05:30:53 AM,2.00,2.67,259.7,1.467,67.506,1069.350,-3.888
21707,03/29/26 05:40:53 AM,1.67,2.34,275.2,0.976,68.460,1069.350,-4.172
21708,03/29/26 05:50:53 AM,1.67,2.34,283.6,1.169,68.418,1069.350,-3.995
21709,03/29/26 06:00:53 AM,2.67,3.67,289.2,2.982,61.660,1069.350,-3.653
21710,03/29/26 06:10:53 AM,2.34,3.67,265.3,3.483,59.609,1069.350,-3.631
21711,03/29/26 06:20:53 AM,2.34,3.67,262.5,3.432,59.867,1069.350,-3.622
21712,03/29/26 06:30:53 AM,2.00,4.01,271.0,3.772,58.502,1069.350,-3.609
21713,03/29/26 06:40:53 AM,2.34,3.67,275.2,3.995,57.490,1069.350,-3.632
21714,03/29/26 06:50:53 AM,2.34,3.01,283.6,2.435,62.576,1069.350,-3.975
21715,03/29/26 07:00:53 AM,2.34,3.34,273.8,1.837,64.955,1069.350,-4.048
21716,03/29/26 07:10:53 AM,2.67,3.67,282.2,2.234,63.484,1069.350,-3.975
21717,03/29/26 07:20:53 AM,2.00,2.67,279.4,0.748,68.429,1069.350,-4.397
21718,03/29/26 07:30:53 AM,2.34,2.67,287.8,0.397,70.234,1069.350,-4.389
21719,03/29/26 07:40:53 AM,2.34,3.67,280.8,2.295,63.812,1069.350,-3.848
21720,03/29/26 07:50:53 AM,2.00,3.01,286.4,2.140,64.442,1069.350,-3.865
21721,03/29/26 08:00:53 AM,1.67,2.34,273.8,1.797,66.900,1069.350,-3.693
21722,03/29/26 08:10:53 AM,2.34,4.34,287.8,3.333,63.142,1069.350,-3.003
21723,03/29/26 08:20:53 AM,1.34,2.67,278.0,4.845,59.515,1069.350,-2.368
21724,03/29/26 08:30:53 AM,1.34,2.67,262.5,5.842,57.763,1069.350,-1.834
21725,03/29/26 08:40:53 AM,1.67,3.01,292.0,6.802,56.080,1069.350,-1.335
21726,03/29/26 08:50:53 AM,2.67,3.67,317.3,7.971,52.244,1069.350,-1.210
21727,03/29/26 09:00:53 AM,2.67,4.01,308.9,9.252,49.067,1069.350,-0.882
21728,03/29/26 09:10:53 AM,2.67,3.67,293.4,10.218,45.428,1069.350,-1.048
21729,03/29/26 09:20:53 AM,2.34,3.67,285.0,10.797,44.489,1069.350,-0.806
21730,03/29/26 09:30:53 AM,3.01,5.01,279.4,11.156,43.085,1069.350,-0.918
21731,03/29/26 09:40:53 AM,3.34,5.01,265.3,11.507,42.142,1069.350,-0.902
21732,03/29/26 09:50:53 AM,2.67,5.34,265.3,11.952,41.061,1069.350,-0.855
21733,03/29/26 10:00:53 AM,2.67,5.01,275.2,12.547,40.313,1069.350,-0.571
21734,03/29/26 10:10:53 AM,3.34,5.68,273.8,12.807,38.990,1069.350,-0.795
21735,03/29/26 10:20:53 AM,3.67,5.01,265.3,12.797,38.306,1069.350,-1.045
21736,03/29/26 10:30:53 AM,3.01,5.34,266.7,13.156,37.670,1069.350,-0.953
21737,03/29/26 10:40:53 AM,2.67,4.68,263.9,13.641,36.492,1069.350,-0.955
21738,03/29/26 10:50:53 AM,3.34,5.01,268.1,13.604,37.050,1069.350,-0.781
21739,03/29/26 11:00:53 AM,3.34,5.34,265.3,13.456,38.010,1069.350,-0.563
21740,03/29/26 11:10:53 AM,2.67,5.34,259.7,14.239,37.853,1069.350,0.079
21741,03/29/26 11:20:53 AM,4.34,7.01,275.2,13.944,40.056,1069.350,0.596
21742,03/29/26 11:30:53 AM,5.01,8.35,287.8,13.853,41.767,1069.350,1.094
21743,03/29/26 11:40:53 AM,4.68,7.01,279.4,14.108,42.658,1069.350,1.618
21744,03/29/26 11:50:53 AM,4.68,7.68,275.2,14.226,43.757,1069.350,2.081
21745,03/29/26 12:00:53 PM,4.68,8.02,269.6,14.515,43.529,1069.350,2.269
21746,03/29/26 12:10:53 PM,4.34,6.35,279.4,14.738,43.333,1069.350,2.408
21747,03/29/26 12:20:53 PM,4.68,8.35,272.4,15.086,42.878,1069.350,2.575
21748,03/29/26 12:30:53 PM,5.01,8.35,280.8,14.888,43.268,1069.350,2.523
21749,03/29/26 12:40:53 PM,4.34,7.68,282.2,15.008,43.362,1069.350,2.662
21750,03/29/26 12:50:53 PM,3.67,6.01,283.6,15.467,43.183,1069.350,3.020
21751,03/29/26 01:00:53 PM,5.01,7.35,289.2,15.301,43.047,1069.350,2.825
21752,03/29/26 01:10:53 PM,3.34,6.01,266.7,15.708,42.438,1069.350,2.992
21753,03/29/26 01:20:53 PM,4.01,9.68,268.1,15.813,42.551,1069.350,3.124
21754,03/29/26 01:30:53 PM,4.68,8.35,265.3,16.113,41.817,1069.350,3.149
21755,03/29/26 01:40:53 PM,5.34,8.35,269.6,15.799,41.549,1069.350,2.776
21756,03/29/26 01:50:53 PM,5.01,8.02,266.7,16.094,40.241,1069.350,2.591
21757,03/29/26 02:00:53 PM,5.34,8.35,271.0,15.968,39.908,1069.350,2.361
21758,03/29/26 02:10:53 PM,5.34,8.68,278.0,16.094,40.067,1069.350,2.530
21759,03/29/26 02:20:53 PM,4.68,7.68,261.1,16.526,39.788,1069.350,2.819
21760,03/29/26 02:30:53 PM,4.68,8.02,278.0,16.395,39.736,1069.350,2.683
21761,03/29/26 02:40:53 PM,5.34,8.68,273.8,16.730,38.352,1069.350,2.484
21762,03/29/26 02:50:53 PM,5.34,8.02,273.8,16.566,38.585,1069.350,2.423
21763,03/29/26 03:00:53 PM,5.01,8.68,283.6,16.550,39.322,1069.350,2.674
21764,03/29/26 03:10:53 PM,3.34,5.68,271.0,16.740,39.258,1069.350,2.822
21765,03/29/26 03:20:53 PM,5.34,9.02,280.8,16.628,39.054,1069.350,2.648
21766,03/29/26 03:30:53 PM,5.01,7.35,276.6,16.523,38.854,1069.350,2.482
21767,03/29/26 03:40:53 PM,5.34,9.02,272.4,16.301,38.657,1069.350,2.212
21768,03/29/26 03:50:53 PM,4.68,7.35,282.2,16.062,39.174,1069.350,2.185
21769,03/29/26 04:00:53 PM,4.68,6.68,262.5,15.987,39.187,1069.350,2.122
21770,03/29/26 04:10:53 PM,4.01,6.68,279.4,16.301,39.322,1069.350,2.452
21771,03/29/26 04:20:53 PM,4.34,6.68,266.7,16.049,38.970,1069.350,2.100
21772,03/29/26 04:30:53 PM,4.34,7.01,259.7,16.008,39.197,1069.350,2.145
21773,03/29/26 04:40:53 PM,4.01,6.68,278.0,15.807,39.289,1069.350,1.997
21774,03/29/26 04:50:53 PM,4.34,7.35,287.8,15.689,39.567,1069.350,1.990
21775,03/29/26 05:00:53 PM,4.01,6.35,286.4,16.397,38.585,1069.350,2.272
21776,03/29/26 05:10:53 PM,3.67,7.35,297.6,16.097,38.569,1069.350,1.998
21777,03/29/26 05:20:53 PM,3.67,5.68,299.0,15.966,39.170,1069.350,2.097
21778,03/29/26 05:30:53 PM,4.34,7.01,313.1,16.255,38.512,1069.350,2.118
21779,03/29/26 05:40:53 PM,4.34,6.01,299.0,16.488,37.751,1069.350,2.047
21780,03/29/26 05:50:53 PM,4.01,5.68,294.8,17.070,36.870,1069.350,2.233
21781,03/29/26 06:00:53 PM,3.67,6.35,297.6,17.295,36.306,1069.350,2.217
21782,03/29/26 06:10:53 PM,4.01,6.68,321.5,17.062,36.986,1069.350,2.270
21783,03/29/26 06:20:53 PM,3.67,6.35,318.7,17.067,37.356,1069.350,2.415
21784,03/29/26 06:30:53 PM,3.67,5.01,313.1,16.995,37.275,1069.350,2.320
21785,03/29/26 06:40:53 PM,3.34,5.34,308.9,16.797,37.533,1069.350,2.241
21786,03/29/26 06:50:53 PM,3.01,5.01,307.5,16.735,37.749,1069.350,2.266
21787,03/29/26 07:00:53 PM,3.01,4.68,296.2,16.590,38.120,1069.350,2.274
21788,03/29/26 07:10:53 PM,2.67,4.01,304.7,16.290,38.639,1069.350,2.196
21789,03/29/26 07:20:53 PM,2.67,3.34,313.1,15.735,40.113,1069.350,2.224
21790,03/29/26 07:30:53 PM,2.34,3.34,311.7,14.901,42.301,1069.350,2.217
21791,03/29/26 07:40:53 PM,2.34,3.01,317.3,13.885,44.829,1069.350,2.110
21792,03/29/26 07:50:53 PM,2.34,3.01,325.7,12.663,47.480,1069.350,1.798
21793,03/29/26 08:00:53 PM,1.67,2.34,336.9,10.920,51.531,1069.350,1.334
21794,03/29/26 08:10:53 PM,1.34,2.00,332.7,9.389,55.445,1069.350,0.928
21795,03/29/26 08:20:53 PM,1.00,1.67,301.8,8.590,57.580,1069.350,0.703
21796,03/29/26 08:30:53 PM,1.34,2.00,263.9,9.118,55.946,1069.350,0.799
21797,03/29/26 08:40:53 PM,1.00,2.67,266.7,9.338,54.633,1069.350,0.676
21798,03/29/26 08:50:53 PM,1.00,1.67,287.8,8.526,56.770,1069.350,0.447
21799,03/29/26 09:00:53 PM,0.67,1.00,289.2,8.531,56.410,1069.350,0.364
21800,03/29/26 09:10:53 PM,0.67,1.34,289.2,8.091,57.671,1069.350,0.257
21801,03/29/26 09:20:53 PM,1.67,2.00,297.6,7.102,60.209,1069.350,-0.081
21802,03/29/26 09:30:53 PM,1.34,1.67,310.3,7.121,59.860,1069.350,-0.143
21803,03/29/26 09:40:53 PM,1.00,1.34,311.7,7.137,59.918,1069.350,-0.115
21804,03/29/26 09:50:53 PM,1.67,2.34,294.8,7.212,59.770,1069.350,-0.078
21805,03/29/26 10:00:53 PM,1.00,2.00,296.2,7.389,59.878,1069.350,0.114
21806,03/29/26 10:10:53 PM,1.34,4.01,300.4,5.976,65.293,1069.350,-0.033
21807,03/29/26 10:20:53 PM,2.00,4.34,283.6,7.279,62.304,1069.350,0.558
21808,03/29/26 10:30:53 PM,1.00,1.67,251.3,6.475,64.382,1069.350,0.248
21809,03/29/26 10:40:53 PM,1.34,2.00,241.5,6.228,65.574,1069.350,0.266
21810,03/29/26 10:50:53 PM,1.00,1.67,244.3,6.105,65.936,1069.350,0.225
21811,03/29/26 11:00:53 PM,1.34,1.67,303.2,6.032,66.331,1069.350,0.237
21812,03/29/26 11:10:53 PM,0.67,1.34,304.7,6.451,64.453,1069.350,0.240
21813,03/29/26 11:20:53 PM,1.34,2.34,301.8,5.628,66.299,1069.350,-0.155
21814,03/29/26 11:30:53 PM,1.67,2.00,290.6,5.939,65.272,1069.350,-0.073
21815,03/29/26 11:40:53 PM,1.67,2.00,299.0,6.362,63.627,1069.350,-0.022
21816,03/29/26 11:50:53 PM,2.00,3.34,311.7,5.949,65.748,1069.350,0.036
21817,03/30/26 12:00:53 AM,1.34,2.34,310.3,6.089,65.989,1069.350,0.220
21818,03/30/26 12:10:53 AM,2.00,3.01,280.8,6.212,65.554,1069.350,0.246
21819,03/30/26 12:20:53 AM,1.67,2.67,287.8,6.271,65.512,1069.350,0.294
21820,03/30/26 12:30:53 AM,2.00,3.67,294.8,6.547,64.947,1069.350,0.437
21821,03/30/26 12:40:53 AM,2.34,3.67,304.7,6.679,64.764,1069.350,0.524
21822,03/30/26 12:50:53 AM,2.34,3.34,293.4,6.325,66.078,1069.350,0.464
21823,03/30/26 01:00:53 AM,2.67,4.01,307.5,6.555,65.115,1069.350,0.480
21824,03/30/26 01:10:53 AM,3.01,5.34,292.0,6.531,65.196,1069.350,0.475
21825,03/30/26 01:20:53 AM,2.00,3.34,261.1,6.622,64.912,1069.350,0.501
21826,03/30/26 01:30:53 AM,1.67,3.34,269.6,6.303,66.192,1069.350,0.467
21827,03/30/26 01:40:53 AM,1.67,2.67,254.1,6.389,65.975,1069.350,0.504
21828,03/30/26 01:50:53 AM,1.67,3.01,255.5,6.839,64.237,1069.350,0.563
21829,03/30/26 02:00:53 AM,1.67,4.34,256.9,7.239,62.765,1069.350,0.622
21830,03/30/26 02:10:53 AM,2.00,3.67,266.7,7.226,62.535,1069.350,0.559
21831,03/30/26 02:20:53 AM,2.00,3.01,248.5,6.772,64.675,1069.350,0.593
21832,03/30/26 02:30:53 AM,2.34,3.01,261.1,5.858,68.808,1069.350,0.577
21833,03/30/26 02:40:53 AM,1.67,2.34,279.4,5.443,70.265,1069.350,0.468
21834,03/30/26 02:50:53 AM,1.67,3.01,251.3,6.767,64.529,1069.350,0.557
21835,03/30/26 03:00:53 AM,1.67,3.01,248.5,7.057,63.500,1069.350,0.611
21836,03/30/26 03:10:53 AM,1.34,2.00,263.9,5.381,69.673,1069.350,0.292
21837,03/30/26 03:20:53 AM,1.34,2.00,268.1,4.416,73.678,1069.350,0.133
21838,03/30/26 03:30:53 AM,1.34,2.00,289.2,4.234,74.754,1069.350,0.157
21839,03/30/26 03:40:53 AM,1.67,2.34,282.2,4.641,73.022,1069.350,0.227
21840,03/30/26 03:50:53 AM,1.67,3.67,254.1,5.504,68.785,1069.350,0.233
21841,03/30/26 04:00:53 AM,1.67,2.67,251.3,4.598,72.093,1069.350,0.009
21842,03/30/26 04:10:53 AM,2.00,3.01,245.7,4.818,70.761,1069.350,-0.035
21843,03/30/26 04:20:53 AM,1.67,3.01,272.4,4.223,72.309,1069.350,-0.311
21844,03/30/26 04:30:53 AM,1.34,2.67,271.0,4.239,72.105,1069.350,-0.334
21845,03/30/26 04:40:53 AM,2.00,3.34,240.1,5.164,68.519,1069.350,-0.146
21846,03/30/26 04:50:53 AM,1.00,2.34,273.8,4.839,69.612,1069.350,-0.240
21847,03/30/26 05:00:53 AM,1.34,2.34,244.3,4.767,70.007,1069.350,-0.232
21848,03/30/26 05:10:53 AM,1.00,1.67,280.8,4.512,70.904,1069.350,-0.302
21849,03/30/26 05:20:53 AM,1.00,1.67,278.0,5.220,68.180,1069.350,-0.161
21850,03/30/26 05:30:53 AM,1.00,2.00,235.9,5.252,67.820,1069.350,-0.203
21851,03/30/26 05:40:53 AM,1.00,1.34,255.5,5.102,68.003,1069.350,-0.309
21852,03/30/26 05:50:53 AM,1.00,2.00,292.0,5.242,67.359,1069.350,-0.306
21853,03/30/26 06:00:53 AM,1.67,2.00,287.8,5.153,67.308,1069.350,-0.401
21854,03/30/26 06:10:53 AM,2.00,2.67,289.2,5.220,67.109,1069.350,-0.378
21855,03/30/26 06:20:53 AM,2.00,3.01,265.3,5.523,65.635,1069.350,-0.393
21856,03/30/26 06:30:53 AM,2.00,2.67,242.9,4.030,70.039,1069.350,-0.934
21857,03/30/26 06:40:53 AM,2.34,2.67,234.5,3.207,73.205,1069.350,-1.123
21858,03/30/26 06:50:53 AM,2.34,2.67,249.9,3.711,71.246,1069.350,-1.007
21859,03/30/26 07:00:53 AM,2.34,3.34,261.1,3.912,70.024,1069.350,-1.050
21860,03/30/26 07:10:53 AM,2.00,2.67,275.2,3.461,71.586,1069.350,-1.183
21861,03/30/26 07:20:53 AM,2.67,3.67,268.1,4.979,67.948,1069.350,-0.438
21862,03/30/26 07:30:53 AM,3.01,4.01,266.7,5.990,64.480,1069.350,-0.192
21863,03/30/26 07:40:53 AM,3.01,3.67,269.6,5.869,64.935,1069.350,-0.211
21864,03/30/26 07:50:53 AM,2.67,4.01,283.6,5.866,65.652,1069.350,-0.063
21865,03/30/26 08:00:53 AM,3.01,4.34,307.5,6.212,64.472,1069.350,0.017
21866,03/30/26 08:10:53 AM,3.01,4.34,300.4,6.451,64.352,1069.350,0.219
21867,03/30/26 08:20:53 AM,2.67,3.67,293.4,7.470,62.034,1069.350,0.679
21868,03/30/26 08:30:53 AM,2.00,3.01,279.4,8.335,60.171,1069.350,1.074
21869,03/30/26 08:40:53 AM,2.00,3.34,259.7,8.762,59.464,1069.350,1.312
21870,03/30/26 08:50:53 AM,1.67,2.67,266.7,9.057,59.472,1069.350,1.591
21871,03/30/26 09:00:53 AM,2.00,3.01,261.1,9.660,57.234,1069.350,1.623
21872,03/30/26 09:10:53 AM,1.67,3.01,262.5,10.274,55.097,1069.350,1.666
21873,03/30/26 09:20:53 AM,2.00,3.01,258.3,10.697,53.582,1069.350,1.671
21874,03/30/26 09:30:53 AM,2.67,3.67,251.3,10.797,53.111,1069.350,1.641
21875,03/30/26 09:40:53 AM,2.67,4.01,259.7,11.008,52.581,1069.350,1.697
21876,03/30/26 09:50:53 AM,2.67,4.34,272.4,11.129,51.785,1069.350,1.596
21877,03/30/26 10:00:53 AM,3.34,5.01,258.3,11.322,51.046,1069.350,1.574
21878,03/30/26 10:10:53 AM,3.01,4.68,271.0,11.204,51.385,1069.350,1.557
21879,03/30/26 10:20:53 AM,3.34,5.68,255.5,11.360,50.835,1069.350,1.552
21880,03/30/26 10:30:53 AM,3.34,5.34,261.1,11.397,50.448,1069.350,1.479
21881,03/30/26 10:40:53 AM,2.67,4.68,261.1,11.566,50.259,1069.350,1.583
21882,03/30/26 10:50:53 AM,3.01,5.01,283.6,11.579,49.584,1069.350,1.406
21883,03/30/26 11:00:53 AM,3.01,5.01,289.2,11.907,48.835,1069.350,1.496
21884,03/30/26 11:10:53 AM,3.01,6.35,266.7,12.579,47.530,1069.350,1.735
21885,03/30/26 11:20:53 AM,3.01,5.68,262.5,13.177,45.875,1069.350,1.787
21886,03/30/26 11:30:53 AM,3.34,6.35,278.0,13.756,45.583,1069.350,2.226
21887,03/30/26 11:40:53 AM,4.01,6.68,272.4,13.719,45.145,1069.350,2.057
21888,03/30/26 11:50:53 AM,4.68,7.68,269.6,13.842,44.602,1069.350,2.000
21889,03/30/26 12:00:53 PM,4.68,7.68,280.8,13.802,45.267,1069.350,2.170
21890,03/30/26 12:10:53 PM,4.34,6.68,289.2,13.078,46.638,1069.350,1.928
21891,03/30/26 12:20:53 PM,3.01,6.01,273.8,13.000,46.845,1069.350,1.918
21892,03/30/26 12:30:53 PM,4.01,7.01,258.3,13.161,45.814,1069.350,1.754
21893,03/30/26 12:40:53 PM,4.01,6.68,259.7,13.209,45.492,1069.350,1.699
21894,03/30/26 12:50:53 PM,4.68,7.68,262.5,13.083,45.978,1069.350,1.733
21895,03/30/26 01:00:53 PM,5.01,7.68,255.5,13.073,45.785,1069.350,1.665
21896,03/30/26 01:10:53 PM,4.68,7.01,279.4,12.960,46.552,1069.350,1.794
21897,03/30/26 01:20:53 PM,4.68,7.01,273.8,13.081,46.232,1069.350,1.808
21898,03/30/26 01:30:53 PM,5.34,8.02,272.4,13.534,45.539,1069.350,2.010
21899,03/30/26 01:40:53 PM,5.01,8.35,268.1,13.193,46.419,1069.350,1.967
21900,03/30/26 01:50:53 PM,4.34,7.35,263.9,13.030,47.292,1069.350,2.078
21901,03/30/26 02:00:53 PM,4.68,7.35,262.5,13.360,46.767,1069.350,2.224
21902,03/30/26 02:10:53 PM,6.01,10.35,271.0,13.389,45.246,1069.350,1.788
21903,03/30/26 02:20:53 PM,7.01,11.02,272.4,13.258,44.814,1069.350,1.535
21904,03/30/26 02:30:53 PM,7.01,10.69,268.1,13.199,45.017,1069.350,1.544
21905,03/30/26 02:40:53 PM,7.01,10.35,278.0,12.982,45.849,1069.350,1.601
21906,03/30/26 02:50:53 PM,7.68,10.69,278.0,12.890,46.322,1069.350,1.661
21907,03/30/26 03:00:53 PM,6.68,9.68,271.0,12.837,46.627,1069.350,1.704
21908,03/30/26 03:10:53 PM,7.01,10.35,261.1,13.078,46.107,1069.350,1.767
21909,03/30/26 03:20:53 PM,7.01,10.35,272.4,13.030,46.311,1069.350,1.785
21910,03/30/26 03:30:53 PM,6.35,9.35,269.6,12.810,47.024,1069.350,1.798
21911,03/30/26 03:40:53 PM,6.01,9.02,266.7,12.319,48.276,1069.350,1.714
21912,03/30/26 03:50:53 PM,6.01,8.68,268.1,11.751,49.465,1069.350,1.531
21913,03/30/26 04:00:53 PM,5.01,10.02,259.7,11.333,51.736,1069.350,1.772
21914,03/30/26 04:10:53 PM,5.01,8.35,285.0,11.655,51.208,1069.350,1.926
21915,03/30/26 04:20:53 PM,6.35,10.02,311.7,11.193,53.001,1069.350,1.980
21916,03/30/26 04:30:53 PM,6.68,9.68,332.7,10.700,55.766,1069.350,2.233
21917,03/30/26 04:40:53 PM,5.68,8.68,315.9,10.700,56.249,1069.350,2.354
21918,03/30/26 04:50:53 PM,4.68,7.35,297.6,10.856,55.065,1069.350,2.201
21919,03/30/26 05:00:53 PM,4.34,7.01,282.2,10.861,54.060,1069.350,1.948
21920,03/30/26 05:10:53 PM,4.68,6.68,294.8,10.641,54.353,1069.350,1.819
21921,03/30/26 05:20:53 PM,4.34,7.01,292.0,10.598,54.571,1069.350,1.834
21922,03/30/26 05:30:53 PM,4.68,6.68,303.2,10.397,55.468,1069.350,1.875
21923,03/30/26 05:40:53 PM,5.01,7.01,296.2,10.314,55.735,1069.350,1.864
21924,03/30/26 05:50:53 PM,4.01,6.35,308.9,10.360,56.410,1069.350,2.076
21925,03/30/26 06:00:53 PM,4.68,7.01,307.5,10.333,55.798,1069.350,1.898
21926,03/30/26 06:10:53 PM,2.67,4.68,314.5,10.193,56.918,1069.350,2.045
21927,03/30/26 06:20:53 PM,2.34,4.01,294.8,10.255,57.441,1069.350,2.231
21928,03/30/26 06:30:53 PM,2.34,4.34,290.6,10.268,57.473,1069.350,2.251
21929,03/30/26 06:40:53 PM,2.67,4.34,283.6,10.121,57.906,1069.350,2.219
21930,03/30/26 06:50:53 PM,3.01,6.35,278.0,10.164,57.501,1069.350,2.161
21931,03/30/26 07:00:53 PM,3.01,4.68,285.0,9.982,57.969,1069.350,2.103
21932,03/30/26 07:10:53 PM,3.01,4.68,292.0,9.786,59.199,1069.350,2.213
21933,03/30/26 07:20:53 PM,2.34,4.34,290.6,9.617,59.962,1069.350,2.234
21934,03/30/26 07:30:53 PM,2.00,3.01,272.4,9.451,60.334,1069.350,2.164
21935,03/30/26 07:40:53 PM,1.67,2.67,242.9,9.049,62.428,1069.350,2.262
21936,03/30/26 07:50:53 PM,2.00,3.67,283.6,8.684,63.925,1069.350,2.249
21937,03/30/26 08:00:53 PM,3.67,7.68,292.0,9.126,61.660,1069.350,2.162
21938,03/30/26 08:10:53 PM,4.68,7.68,285.0,9.349,60.793,1069.350,2.174
21939,03/30/26 08:20:53 PM,4.34,8.02,282.2,9.314,61.158,1069.350,2.225
21940,03/30/26 08:30:53 PM,3.34,5.68,259.7,9.148,61.953,1069.350,2.249
21941,03/30/26 08:40:53 PM,2.67,4.01,252.7,8.866,63.160,1069.350,2.253
21942,03/30/26 08:50:53 PM,3.01,4.01,247.1,8.684,64.027,1069.350,2.271
21943,03/30/26 09:00:53 PM,2.67,4.01,231.6,8.553,64.817,1069.350,2.318
21944,03/30/26 09:10:53 PM,2.34,3.67,237.3,8.614,64.578,1069.350,2.325
21945,03/30/26 09:20:53 PM,1.00,2.34,247.1,8.464,65.885,1069.350,2.463
21946,03/30/26 09:30:53 PM,1.34,2.34,240.1,8.094,68.450,1069.350,2.647
21947,03/30/26 09:40:53 PM,2.34,5.68,258.3,7.837,72.508,1069.350,3.212
21948,03/30/26 09:50:53 PM,3.34,6.01,308.9,7.247,78.293,1069.350,3.728
21949,03/30/26 10:00:53 PM,5.01,8.35,313.1,7.408,76.733,1069.350,3.599
21950,03/30/26 10:10:53 PM,2.67,6.01,272.4,7.365,76.333,1069.350,3.483
21951,03/30/26 10:20:53 PM,2.67,4.68,273.8,7.266,76.967,1069.350,3.504
21952,03/30/26 10:30:53 PM,2.67,4.68,258.3,7.094,78.239,1069.350,3.570
21953,03/30/26 10:40:53 PM,3.01,4.34,268.1,7.376,75.801,1069.350,3.395
21954,03/30/26 10:50:53 PM,3.34,6.01,300.4,6.842,80.667,1069.350,3.758
21955,03/30/26 11:00:53 PM,4.68,8.68,287.8,7.357,77.522,1069.350,3.695
21956,03/30/26 11:10:53 PM,4.68,6.68,292.0,7.091,79.350,1069.350,3.767
21957,03/30/26 11:20:53 PM,4.34,6.01,296.2,6.762,81.776,1069.350,3.874
21958,03/30/26 11:30:53 PM,5.01,7.68,297.6,6.711,82.490,1069.350,3.947
21959,03/30/26 11:40:53 PM,3.67,5.68,297.6,6.322,86.085,1069.350,4.173
21960,03/30/26 11:50:53 PM,4.01,5.68,304.7,6.156,87.939,1069.350,4.313
21961,03/31/26 12:00:53 AM,2.67,3.67,290.6,5.960,90.292,1069.350,4.496
21962,03/31/26 12:10:53 AM,1.67,3.01,262.5,5.767,92.238,1069.350,4.610
21963,03/31/26 12:20:53 AM,1.67,2.67,255.5,5.531,94.037,1069.350,4.652
21964,03/31/26 12:30:53 AM,1.34,2.34,283.6,5.483,95.074,1069.350,4.761
21965,03/31/26 12:40:53 AM,1.67,2.34,300.4,5.480,94.940,1069.350,4.738
21966,03/31/26 12:50:53 AM,1.67,2.67,307.5,5.419,95.599,1069.350,4.776
21967,03/31/26 01:00:53 AM,2.34,3.67,315.9,5.488,95.235,1069.350,4.790
21968,03/31/26 01:10:53 AM,2.34,3.34,307.5,5.539,94.252,1069.350,4.693
21969,03/31/26 01:20:53 AM,2.00,3.34,307.5,5.424,94.862,1069.350,4.671
21970,03/31/26 01:30:53 AM,2.00,4.01,318.7,5.362,95.023,1069.350,4.633
21971,03/31/26 01:40:53 AM,1.00,2.67,286.4,5.252,96.025,1069.350,4.674
21972,03/31/26 01:50:53 AM,2.00,4.01,320.1,5.255,95.526,1069.350,4.602
21973,03/31/26 02:00:53 AM,2.67,4.01,324.3,5.376,93.846,1069.350,4.469
21974,03/31/26 02:10:53 AM,3.34,4.68,318.7,5.413,93.240,1069.350,4.413
21975,03/31/26 02:20:53 AM,3.01,4.01,320.1,5.389,93.266,1069.350,4.393
21976,03/31/26 02:30:53 AM,2.00,3.67,306.1,5.250,94.485,1069.350,4.440
21977,03/31/26 02:40:53 AM,2.00,3.34,303.2,5.134,95.517,1069.350,4.480
21978,03/31/26 02:50:53 AM,3.01,4.34,314.5,5.325,94.113,1069.350,4.459
21979,03/31/26 03:00:53 AM,2.67,4.34,310.3,5.317,94.400,1069.350,4.494
21980,03/31/26 03:10:53 AM,2.34,3.34,310.3,5.193,95.740,1069.350,4.572
21981,03/31/26 03:20:53 AM,2.67,3.34,314.5,5.150,96.020,1069.350,4.571
21982,03/31/26 03:30:53 AM,2.34,3.34,313.1,5.231,95.123,1069.350,4.518
21983,03/31/26 03:40:53 AM,1.34,2.67,268.1,5.000,96.547,1069.350,4.500
21984,03/31/26 03:50:53 AM,2.00,3.01,209.2,4.738,98.125,1069.350,4.470
21985,03/31/26 04:00:53 AM,1.34,2.67,238.7,4.751,97.862,1069.350,4.445
21986,03/31/26 04:10:53 AM,1.34,2.00,263.9,4.751,97.797,1069.350,4.435
21987,03/31/26 04:20:53 AM,1.00,1.67,273.8,4.620,98.215,1069.350,4.365
21988,03/31/26 04:30:53 AM,1.00,1.67,269.6,4.475,98.134,1069.350,4.208
21989,03/31/26 04:40:53 AM,0.00,0.00,266.7,4.220,98.048,1069.350,3.941
21990,03/31/26 04:50:53 AM,0.33,1.34,262.5,4.183,97.839,1069.350,3.874
21991,03/31/26 05:00:53 AM,1.00,1.34,269.6,4.073,97.821,1069.350,3.761
21992,03/31/26 05:10:53 AM,0.33,1.34,268.1,3.826,97.934,1069.350,3.531
21993,03/31/26 05:20:53 AM,0.67,1.34,241.5,3.440,98.994,1069.350,3.297
21994,03/31/26 05:30:53 AM,0.33,0.67,227.4,3.357,99.181,1069.350,3.241
21995,03/31/26 05:40:53 AM,0.67,1.67,273.8,3.303,99.677,1069.350,3.258
21996,03/31/26 05:50:53 AM,1.34,1.67,283.6,3.617,99.658,1069.350,3.569
21997,03/31/26 06:00:53 AM,1.00,1.34,275.2,3.625,98.923,1069.350,3.472
21998,03/31/26 06:10:53 AM,0.67,0.67,275.2,3.440,99.521,1069.350,3.373
21999,03/31/26 06:20:53 AM,1.00,1.34,275.2,3.515,99.413,1069.350,3.432
22000,03/31/26 06:30:53 AM,0.67,1.34,287.8,2.957,99.590,1069.350,2.899
22001,03/31/26 06:40:53 AM,0.00,0.67,294.8,3.311,99.904,1069.350,3.298
22002,03/31/26 06:50:53 AM,0.33,1.34,285.0,2.984,99.274,1069.350,2.881
22003,03/31/26 07:00:53 AM,1.34,1.67,300.4,2.271,99.728,1069.350,2.231
22004,03/31/26 07:10:53 AM,1.00,1.34,325.7,2.453,99.599,1069.350,2.396
22005,03/31/26 07:20:53 AM,0.33,1.00,327.1,2.684,98.470,1069.350,2.466
22006,03/31/26 07:30:53 AM,0.67,1.34,314.5,2.504,98.489,1069.350,2.289
22007,03/31/26 07:40:53 AM,0.00,1.00,314.5,2.679,98.575,1069.350,2.476
22008,03/31/26 07:50:53 AM,0.67,1.67,332.7,2.585,98.532,1069.350,2.376
22009,03/31/26 08:00:53 AM,0.67,1.34,327.1,2.864,98.408,1069.350,2.638
22010,03/31/26 08:10:53 AM,0.33,1.34,292.0,3.046,98.804,1069.350,2.876
22011,03/31/26 08:20:53 AM,0.67,1.34,254.1,3.032,99.191,1069.350,2.917
22012,03/31/26 08:30:53 AM,0.33,1.34,249.9,3.097,99.225,1069.350,2.987
22013,03/31/26 08:40:53 AM,0.00,0.00,249.9,3.220,99.385,1069.350,3.133
22014,03/31/26 08:50:53 AM,0.00,0.00,249.9,3.947,99.612,1069.350,3.893
22015,03/31/26 09:00:53 AM,0.00,0.00,249.9,5.191,97.867,1069.350,4.885
22016,03/31/26 09:10:53 AM,0.00,0.00,249.9,5.853,93.950,1069.350,4.959
22017,03/31/26 09:20:53 AM,0.00,0.00,207.8,6.057,94.400,1069.350,5.230
22018,03/31/26 09:30:53 AM,0.33,1.67,112.3,6.094,93.431,1069.350,5.119
22019,03/31/26 09:40:53 AM,1.34,2.00,53.3,6.209,91.563,1069.350,4.943
22020,03/31/26 09:50:53 AM,1.67,2.34,74.4,6.496,92.532,1069.350,5.379
22021,03/31/26 10:00:53 AM,2.00,3.01,81.4,6.915,90.628,1069.350,5.495
22022,03/31/26 10:10:53 AM,1.67,2.67,101.1,6.874,91.745,1069.350,5.631
22023,03/31/26 10:20:53 AM,1.67,3.01,108.1,7.207,90.503,1069.350,5.764
22024,03/31/26 10:30:53 AM,2.00,3.01,94.1,7.496,88.589,1069.350,5.741
22025,03/31/26 10:40:53 AM,1.67,3.01,108.1,7.904,89.201,1069.350,6.244
22026,03/31/26 10:50:53 AM,1.67,3.34,82.8,8.362,87.831,1069.350,6.471
22027,03/31/26 11:00:53 AM,2.00,3.34,77.2,8.528,86.612,1069.350,6.432
22028,03/31/26 11:10:53 AM,2.34,3.67,73.0,8.896,84.135,1069.350,6.372
22029,03/31/26 11:20:53 AM,2.00,4.01,82.8,9.818,79.315,1069.350,6.418
22030,03/31/26 11:30:53 AM,2.34,4.34,77.2,10.684,74.899,1069.350,6.427
22031,03/31/26 11:40:53 AM,2.00,3.67,66.0,10.633,74.488,1069.350,6.297
22032,03/31/26 11:50:53 AM,1.34,3.01,91.3,10.786,73.277,1069.350,6.208
22033,03/31/26 12:00:53 PM,1.00,3.01,74.4,10.400,74.044,1069.350,5.986
22034,03/31/26 12:10:53 PM,1.34,2.67,78.6,10.673,72.819,1069.350,6.008
22035,03/31/26 12:20:53 PM,1.67,3.01,92.7,10.735,73.048,1069.350,6.113
22036,03/31/26 12:30:53 PM,2.00,3.67,71.6,10.772,72.615,1069.350,6.063
22037,03/31/26 12:40:53 PM,2.34,4.34,70.2,10.882,71.206,1069.350,5.885
22038,03/31/26 12:50:53 PM,1.00,2.34,115.1,11.384,70.603,1069.350,6.245
22039,03/31/26 01:00:53 PM,2.00,4.34,193.7,11.413,64.067,1069.350,4.872
22040,03/31/26 01:10:53 PM,2.67,4.01,198.0,11.051,62.759,1069.350,4.234
22041,03/31/26 01:20:53 PM,2.67,4.01,217.6,10.797,63.308,1069.350,4.117
22042,03/31/26 01:30:53 PM,2.34,4.01,231.6,10.783,62.727,1069.350,3.973
22043,03/31/26 01:40:53 PM,2.67,4.01,259.7,10.794,60.713,1069.350,3.519
22044,03/31/26 01:50:53 PM,4.68,7.01,189.5,10.252,65.364,1069.350,4.054
22045,03/31/26 02:00:53 PM,4.68,7.68,203.6,9.295,70.103,1069.350,4.136
22046,03/31/26 02:10:53 PM,5.34,10.02,186.7,8.874,76.585,1069.350,4.994
22047,03/31/26 02:20:53 PM,6.35,9.68,189.5,8.633,76.251,1069.350,4.698
22048,03/31/26 02:30:53 PM,5.34,8.02,203.6,8.974,70.181,1069.350,3.844
22049,03/31/26 02:40:53 PM,4.68,6.35,214.8,9.405,66.847,1069.350,3.566
22050,03/31/26 02:50:53 PM,4.68,8.02,212.0,9.882,66.555,1069.350,3.959
22051,03/31/26 03:00:53 PM,5.34,7.68,212.0,9.909,67.120,1069.350,4.105
22052,03/31/26 03:10:53 PM,5.68,8.68,203.6,9.783,67.526,1069.350,4.070
22053,03/31/26 03:20:53 PM,4.68,6.68,200.8,9.622,68.167,1069.350,4.051
22054,03/31/26 03:30:53 PM,5.34,8.35,183.9,9.724,68.896,1069.350,4.300
22055,03/31/26 03:40:53 PM,4.34,7.35,203.6,10.134,68.159,1069.350,4.539
22056,03/31/26 03:50:53 PM,3.67,6.68,209.2,10.046,68.099,1069.350,4.442
22057,03/31/26 04:00:53 PM,3.67,6.01,213.4,9.896,68.939,1069.350,4.474
22058,03/31/26 04:10:53 PM,4.01,6.35,207.8,9.880,69.773,1069.350,4.630
22059,03/31/26 04:20:53 PM,4.34,6.01,186.7,9.499,70.169,1069.350,4.345
22060,03/31/26 04:30:53 PM,4.01,6.68,182.5,9.400,71.254,1069.350,4.469
22061,03/31/26 04:40:53 PM,4.01,7.01,192.3,9.341,71.472,1069.350,4.456
22062,03/31/26 04:50:53 PM,4.34,6.35,198.0,9.330,71.246,1069.350,4.401
22063,03/31/26 05:00:53 PM,3.67,5.68,193.7,9.145,72.012,1069.350,4.375
22064,03/31/26 05:10:53 PM,3.67,5.68,188.1,8.987,72.413,1069.350,4.302
22065,03/31/26 05:20:53 PM,3.01,4.34,176.9,8.995,72.920,1069.350,4.409
22066,03/31/26 05:30:53 PM,3.67,5.34,169.9,8.995,73.181,1069.350,4.460
22067,03/31/26 05:40:53 PM,3.67,5.34,185.3,9.070,73.091,1069.350,4.515
22068,03/31/26 05:50:53 PM,3.34,5.68,186.7,9.285,72.395,1069.350,4.586
22069,03/31/26 06:00:53 PM,3.67,6.01,172.7,9.172,73.466,1069.350,4.687
22070,03/31/26 06:10:53 PM,3.67,5.68,162.9,8.772,74.817,1069.350,4.561
22071,03/31/26 06:20:53 PM,4.01,6.35,162.9,8.504,74.817,1069.350,4.302
22072,03/31/26 06:30:53 PM,3.34,4.68,168.5,8.448,75.511,1069.350,4.379
22073,03/31/26 06:40:53 PM,2.67,5.01,175.5,8.306,76.936,1069.350,4.508
22074,03/31/26 06:50:53 PM,2.34,4.68,169.9,8.156,77.736,1069.350,4.511
22075,03/31/26 07:00:53 PM,2.67,5.34,168.5,7.912,78.006,1069.350,4.323
22076,03/31/26 07:10:53 PM,1.67,3.01,171.3,7.695,78.950,1069.350,4.283
22077,03/31/26 07:20:53 PM,4.01,6.01,176.9,7.579,80.534,1069.350,4.454
22078,03/31/26 07:30:53 PM,3.01,4.68,179.7,7.311,81.694,1069.350,4.396
22079,03/31/26 07:40:53 PM,1.67,3.34,172.7,7.067,82.376,1069.350,4.276
22080,03/31/26 07:50:53 PM,1.00,3.67,167.1,6.794,83.375,1069.350,4.181
22081,03/31/26 08:00:53 PM,1.34,2.00,144.6,6.622,84.144,1069.350,4.143
22082,03/31/26 08:10:53 PM,1.00,2.00,102.5,6.338,85.081,1069.350,4.021
22083,03/31/26 08:20:53 PM,0.67,1.67,102.5,6.142,85.599,1069.350,3.915
22084,03/31/26 08:30:53 PM,0.33,1.34,68.8,6.078,85.594,1069.350,3.851
22085,03/31/26 08:40:53 PM,0.67,1.34,25.3,5.620,86.957,1069.350,3.625
22086,03/31/26 08:50:53 PM,0.33,1.00,25.3,5.770,86.386,1069.350,3.679
22087,03/31/26 09:00:53 PM,0.00,1.00,355.2,6.057,85.832,1069.350,3.870
22088,03/31/26 09:10:53 PM,0.33,1.00,355.2,6.110,85.588,1069.350,3.882
22089,03/31/26 09:20:53 PM,0.67,2.00,185.3,6.461,85.377,1069.350,4.192
22090,03/31/26 09:30:53 PM,0.67,1.34,172.7,6.175,86.795,1069.350,4.145
22091,03/31/26 09:40:53 PM,0.33,1.00,183.9,6.153,88.640,1069.350,4.423
22092,03/31/26 09:50:53 PM,0.00,0.00,183.9,6.003,90.938,1069.350,4.641
22093,03/31/26 10:00:53 PM,1.00,1.67,167.1,5.687,93.811,1069.350,4.773
22094,03/31/26 10:10:53 PM,1.00,2.00,155.8,5.545,94.928,1069.350,4.801
22095,03/31/26 10:20:53 PM,0.00,0.67,153.0,5.545,94.806,1069.350,4.783
22096,03/31/26 10:30:53 PM,0.00,0.00,153.0,5.523,95.035,1069.350,4.795
22097,03/31/26 10:40:53 PM,0.00,0.00,153.0,5.432,95.245,1069.350,4.736
22098,03/31/26 10:50:53 PM,0.00,0.00,153.0,5.319,95.630,1069.350,4.681
22099,03/31/26 11:00:53 PM,0.00,0.00,153.0,5.408,94.664,1069.350,4.625
22100,03/31/26 11:10:53 PM,0.00,0.00,153.0,5.405,94.833,1069.350,4.647
22101,03/31/26 11:20:53 PM,0.33,1.00,153.0,5.360,95.741,1069.350,4.739
22102,03/31/26 11:30:53 PM,0.33,1.00,153.0,5.309,96.379,1069.350,4.783
22103,03/31/26 11:40:53 PM,0.00,0.00,153.0,5.134,97.023,1069.350,4.704
22104,03/31/26 11:50:53 PM,0.00,0.00,153.0,5.169,96.922,1069.350,4.724
22105,04/01/26 12:00:53 AM,0.00,0.00,153.0,5.172,96.893,1069.350,4.723
22106,04/01/26 12:10:53 AM,0.00,0.00,153.0,5.081,96.989,1069.350,4.646
22107,04/01/26 12:20:53 AM,0.00,0.00,153.0,5.059,97.003,1069.350,4.626
22108,04/01/26 12:30:53 AM,0.00,0.00,153.0,4.917,97.011,1069.350,4.486
22109,04/01/26 12:40:53 AM,0.00,0.00,153.0,4.727,97.342,1069.350,4.345
22110,04/01/26 12:50:53 AM,0.33,1.00,153.0,4.633,97.989,1069.350,4.345
22111,04/01/26 01:00:53 AM,0.67,1.34,105.3,4.617,98.064,1069.350,4.340
22112,04/01/26 01:10:53 AM,0.00,0.67,26.7,4.813,96.939,1069.350,4.371
22113,04/01/26 01:20:53 AM,0.00,0.00,26.7,4.754,96.590,1069.350,4.261
22114,04/01/26 01:30:53 AM,0.00,0.00,26.7,4.818,96.489,1069.350,4.310
22115,04/01/26 01:40:53 AM,0.00,0.00,26.7,4.915,96.013,1069.350,4.336
22116,04/01/26 01:50:53 AM,0.00,0.67,26.7,4.783,97.012,1069.350,4.352
22117,04/01/26 02:00:53 AM,0.33,1.00,26.7,4.759,97.865,1069.350,4.453
22118,04/01/26 02:10:53 AM,2.67,5.68,324.3,4.802,95.215,1069.350,4.104
22119,04/01/26 02:20:53 AM,2.67,4.34,334.1,4.523,94.491,1069.350,3.718
22120,04/01/26 02:30:53 AM,2.00,2.67,331.3,4.327,96.135,1069.350,3.768
22121,04/01/26 02:40:53 AM,2.67,4.01,313.1,4.255,97.023,1069.350,3.827
22122,04/01/26 02:50:53 AM,2.34,3.67,293.4,4.172,97.586,1069.350,3.826
22123,04/01/26 03:00:53 AM,1.67,3.01,263.9,4.180,98.299,1069.350,3.937
22124,04/01/26 03:10:53 AM,1.00,2.00,275.2,4.145,98.990,1069.350,4.002
22125,04/01/26 03:20:53 AM,0.00,0.67,276.6,4.075,99.199,1069.350,3.962
22126,04/01/26 03:30:53 AM,0.33,1.34,278.0,4.003,99.118,1069.350,3.878
22127,04/01/26 03:40:53 AM,0.00,0.00,278.0,3.923,99.191,1069.350,3.809
22128,04/01/26 03:50:53 AM,0.00,1.34,278.0,3.912,99.260,1069.350,3.808
22129,04/01/26 04:00:53 AM,1.00,1.67,286.4,4.105,98.526,1069.350,3.895
22130,04/01/26 04:10:53 AM,1.00,1.67,287.8,4.137,98.367,1069.350,3.904
22131,04/01/26 04:20:53 AM,0.67,1.34,293.4,4.078,98.364,1069.350,3.845
22132,04/01/26 04:30:53 AM,0.00,0.67,297.6,3.928,99.074,1069.350,3.797
22133,04/01/26 04:40:53 AM,0.00,0.00,297.6,3.794,99.364,1069.350,3.704
22134,04/01/26 04:50:53 AM,0.33,1.67,251.3,3.633,99.901,1069.350,3.620
22135,04/01/26 05:00:53 AM,0.67,1.34,230.2,3.539,99.997,1069.350,3.539
22136,04/01/26 05:10:53 AM,1.34,1.67,235.9,3.429,99.986,1069.350,3.428
22137,04/01/26 05:20:53 AM,1.00,1.67,234.5,3.322,99.997,1069.350,3.322
22138,04/01/26 05:30:53 AM,1.00,1.67,219.0,3.335,99.997,1069.350,3.335
22139,04/01/26 05:40:53 AM,1.34,2.34,212.0,3.612,99.707,1069.350,3.571
22140,04/01/26 05:50:53 AM,1.00,1.67,286.4,3.440,99.330,1069.350,3.345
22141,04/01/26 06:00:53 AM,1.00,1.34,279.4,3.486,99.342,1069.350,3.393
22142,04/01/26 06:10:53 AM,1.00,1.34,268.1,3.429,98.914,1069.350,3.275
22143,04/01/26 06:20:53 AM,1.00,1.34,256.9,2.979,99.716,1069.350,2.939
22144,04/01/26 06:30:53 AM,0.67,1.34,271.0,2.847,99.997,1069.350,2.846
22145,04/01/26 06:40:53 AM,0.00,0.00,268.1,2.963,99.997,1069.350,2.962
22146,04/01/26 06:50:53 AM,0.00,0.00,268.1,3.097,99.997,1069.350,3.097
22147,04/01/26 07:00:53 AM,0.00,0.00,268.1,3.309,99.997,1069.350,3.309
22148,04/01/26 07:10:53 AM,0.00,0.00,310.3,3.435,99.997,1069.350,3.435
22149,04/01/26 07:20:53 AM,0.33,1.34,310.3,3.577,99.997,1069.350,3.577
22150,04/01/26 07:30:53 AM,0.00,0.00,310.3,3.716,99.997,1069.350,3.717
22151,04/01/26 07:40:53 AM,0.33,1.34,307.5,3.786,99.997,1069.350,3.787
22152,04/01/26 07:50:53 AM,1.34,3.01,276.6,3.923,99.847,1069.350,3.903
22153,04/01/26 08:00:53 AM,1.34,3.01,278.0,4.030,98.601,1069.350,3.831
22154,04/01/26 08:10:53 AM,0.67,1.67,259.7,4.126,98.839,1069.350,3.961
22155,04/01/26 08:20:53 AM,1.00,2.00,258.3,4.456,98.448,1069.350,4.235
22156,04/01/26 08:30:53 AM,1.67,2.67,256.9,4.856,96.963,1069.350,4.418
22157,04/01/26 08:40:53 AM,1.00,2.00,247.1,4.789,97.368,1069.350,4.410
22158,04/01/26 08:50:53 AM,1.34,2.00,228.8,4.545,97.911,1069.350,4.246
22159,04/01/26 09:00:53 AM,1.34,2.34,234.5,5.469,96.489,1069.350,4.959
22160,04/01/26 09:10:53 AM,1.00,2.00,261.1,6.057,93.460,1069.350,5.087
22161,04/01/26 09:20:53 AM,1.67,3.34,289.2,6.494,92.421,1069.350,5.360
22162,04/01/26 09:30:53 AM,2.00,3.67,300.4,6.735,90.976,1069.350,5.372
22163,04/01/26 09:40:53 AM,2.34,3.67,266.7,7.196,87.924,1069.350,5.337
22164,04/01/26 09:50:53 AM,2.34,3.67,276.6,7.011,86.242,1069.350,4.877
22165,04/01/26 10:00:53 AM,1.67,2.67,269.6,7.644,83.842,1069.350,5.094
22166,04/01/26 10:10:53 AM,2.00,3.67,263.9,8.408,78.350,1069.350,4.868
22167,04/01/26 10:20:53 AM,1.67,2.67,287.8,8.054,78.982,1069.350,4.639
22168,04/01/26 10:30:53 AM,2.00,3.34,285.0,8.298,76.115,1069.350,4.347
22169,04/01/26 10:40:53 AM,2.00,4.01,282.2,8.974,72.519,1069.350,4.310
22170,04/01/26 10:50:53 AM,1.67,3.34,278.0,9.545,72.206,1069.350,4.799
22171,04/01/26 11:00:53 AM,1.67,3.34,244.3,9.362,71.072,1069.350,4.396
22172,04/01/26 11:10:53 AM,1.00,2.34,234.5,8.802,72.627,1069.350,4.166
22173,04/01/26 11:20:53 AM,1.34,2.34,240.1,8.834,72.915,1069.350,4.253
22174,04/01/26 11:30:53 AM,1.67,3.34,240.1,8.636,73.413,1069.350,4.159
22175,04/01/26 11:40:53 AM,3.01,5.34,268.1,8.491,75.633,1069.350,4.444
22176,04/01/26 11:50:53 AM,2.34,4.01,269.6,9.177,73.632,1069.350,4.724
22177,04/01/26 12:00:53 PM,2.67,5.01,244.3,9.295,71.919,1069.350,4.501
22178,04/01/26 12:10:53 PM,3.67,6.35,230.2,9.507,68.969,1069.350,4.107
22179,04/01/26 12:20:53 PM,4.01,6.35,213.4,9.384,70.080,1069.350,4.217
22180,04/01/26 12:30:53 PM,4.01,7.01,207.8,9.335,69.937,1069.350,4.141
22181,04/01/26 12:40:53 PM,4.68,6.68,207.8,9.614,67.553,1069.350,3.914
22182,04/01/26 12:50:53 PM,4.34,8.02,214.8,10.019,67.150,1069.350,4.216
22183,04/01/26 01:00:53 PM,4.01,7.68,210.6,10.121,68.190,1069.350,4.533
22184,04/01/26 01:10:53 PM,5.34,8.35,206.4,9.845,66.426,1069.350,3.896
22185,04/01/26 01:20:53 PM,3.67,6.68,207.8,9.907,67.485,1069.350,4.180
22186,04/01/26 01:30:53 PM,4.01,6.35,224.6,10.033,67.674,1069.350,4.340
22187,04/01/26 01:40:53 PM,2.34,5.01,217.6,10.939,65.455,1069.350,4.728
22188,04/01/26 01:50:53 PM,4.01,6.68,223.2,11.193,63.696,1069.350,4.580
22189,04/01/26 02:00:53 PM,3.34,5.68,233.1,10.786,63.055,1069.350,4.050
22190,04/01/26 02:10:53 PM,4.68,7.68,213.4,10.722,63.395,1069.350,4.065
22191,04/01/26 02:20:53 PM,5.34,8.35,220.4,10.164,63.433,1069.350,3.545
22192,04/01/26 02:30:53 PM,6.01,10.35,207.8,9.539,66.119,1069.350,3.538
22193,04/01/26 02:40:53 PM,5.01,7.35,226.0,9.325,69.421,1069.350,4.026
22194,04/01/26 02:50:53 PM,3.67,5.34,238.7,9.772,66.610,1069.350,3.865
22195,04/01/26 03:00:53 PM,3.01,5.01,252.7,9.724,66.404,1069.350,3.776
22196,04/01/26 03:10:53 PM,4.34,14.03,245.7,8.944,69.705,1069.350,3.718
22197,04/01/26 03:20:53 PM,8.35,13.02,227.4,4.475,90.098,1069.350,2.997
22198,04/01/26 03:30:53 PM,5.34,8.68,227.4,3.864,94.058,1069.350,2.998
22199,04/01/26 03:40:53 PM,2.34,4.68,237.3,3.697,94.331,1069.350,2.872
22200,04/01/26 03:50:53 PM,1.34,2.34,252.7,4.081,94.170,1069.350,3.230
22201,04/01/26 04:00:53 PM,1.34,2.34,282.2,4.456,92.764,1069.350,3.390
22202,04/01/26 04:10:53 PM,1.34,2.34,285.0,4.692,93.133,1069.350,3.681
22203,04/01/26 04:20:53 PM,1.67,2.67,286.4,4.998,92.721,1069.350,3.921
22204,04/01/26 04:30:53 PM,2.00,3.01,279.4,5.284,91.241,1069.350,3.976
22205,04/01/26 04:40:53 PM,2.34,3.67,280.8,5.531,90.256,1069.350,4.066
22206,04/01/26 04:50:53 PM,3.01,4.34,286.4,5.689,88.382,1069.350,3.924
22207,04/01/26 05:00:53 PM,2.34,3.34,286.4,5.890,88.441,1069.350,4.132
22208,04/01/26 05:10:53 PM,2.34,3.34,303.2,5.864,88.090,1069.350,4.049
22209,04/01/26 05:20:53 PM,2.34,3.34,293.4,5.882,87.807,1069.350,4.021
22210,04/01/26 05:30:53 PM,2.00,3.34,296.2,6.113,87.514,1069.350,4.202
22211,04/01/26 05:40:53 PM,2.00,3.01,300.4,6.561,86.810,1069.350,4.528
22212,04/01/26 05:50:53 PM,1.67,3.01,294.8,6.510,85.196,1069.350,4.210
22213,04/01/26 06:00:53 PM,2.00,3.01,315.9,6.293,85.666,1069.350,4.075
22214,04/01/26 06:10:53 PM,1.67,3.01,311.7,6.250,87.042,1069.350,4.260
22215,04/01/26 06:20:53 PM,1.67,2.67,304.7,6.196,86.955,1069.350,4.192
22216,04/01/26 06:30:53 PM,1.34,2.34,313.1,6.180,87.161,1069.350,4.210
22217,04/01/26 06:40:53 PM,1.34,2.34,315.9,6.204,87.411,1069.350,4.275
22218,04/01/26 06:50:53 PM,1.67,2.34,329.9,6.094,87.410,1069.350,4.166
22219,04/01/26 07:00:53 PM,1.67,2.67,346.8,6.003,89.070,1069.350,4.344
22220,04/01/26 07:10:53 PM,1.34,2.34,338.3,5.971,88.298,1069.350,4.189
22221,04/01/26 07:20:53 PM,0.00,1.00,355.2,5.842,90.288,1069.350,4.379
22222,04/01/26 07:30:53 PM,1.34,4.01,162.9,5.649,92.300,1069.350,4.503
22223,04/01/26 07:40:53 PM,5.01,9.68,193.7,4.636,94.099,1069.350,3.771
22224,04/01/26 07:50:53 PM,1.34,5.01,199.4,3.293,95.697,1069.350,2.673
22225,04/01/26 08:00:53 PM,0.00,1.00,195.1,3.209,96.847,1069.350,2.757
22226,04/01/26 08:10:53 PM,1.00,1.67,193.7,3.330,97.392,1069.350,2.957
22227,04/01/26 08:20:53 PM,1.34,1.67,33.7,3.343,97.543,1069.350,2.992
22228,04/01/26 08:30:53 PM,1.67,2.34,28.1,3.545,97.189,1069.350,3.142
22229,04/01/26 08:40:53 PM,1.00,2.00,49.1,3.791,95.920,1069.350,3.202
22230,04/01/26 08:50:53 PM,1.00,1.34,98.3,3.890,96.179,1069.350,3.339
22231,04/01/26 09:00:53 PM,1.34,2.00,60.4,3.847,97.359,1069.350,3.468
22232,04/01/26 09:10:53 PM,1.34,2.34,35.1,3.858,97.679,1069.350,3.526
22233,04/01/26 09:20:53 PM,0.67,1.67,36.5,4.083,96.982,1069.350,3.649
22234,04/01/26 09:30:53 PM,0.67,1.67,39.3,4.268,96.757,1069.350,3.801
22235,04/01/26 09:40:53 PM,1.00,2.00,115.1,4.309,97.534,1069.350,3.955
22236,04/01/26 09:50:53 PM,0.33,1.34,244.3,4.520,97.838,1069.350,4.210
22237,04/01/26 10:00:53 PM,1.67,3.01,195.1,4.767,97.496,1069.350,4.407
22238,04/01/26 10:10:53 PM,2.67,5.01,188.1,4.703,97.247,1069.350,4.307
22239,04/01/26 10:20:53 PM,2.00,3.67,190.9,4.692,97.461,1069.350,4.327
22240,04/01/26 10:30:53 PM,3.01,5.01,190.9,4.770,97.420,1069.350,4.399
22241,04/01/26 10:40:53 PM,3.01,5.01,186.7,4.738,96.684,1069.350,4.259
22242,04/01/26 10:50:53 PM,2.34,4.34,192.3,4.612,96.400,1069.350,4.091
22243,04/01/26 11:00:53 PM,2.34,3.67,200.8,4.641,97.385,1069.350,4.265
22244,04/01/26 11:10:53 PM,2.34,3.67,179.7,4.520,98.553,1069.350,4.314
22245,04/01/26 11:20:53 PM,2.34,4.01,172.7,4.512,97.801,1069.350,4.197
22246,04/01/26 11:30:53 PM,2.67,6.01,188.1,4.322,97.635,1069.350,3.983
22247,04/01/26 11:40:53 PM,4.01,6.35,183.9,4.008,96.036,1069.350,3.435
22248,04/01/26 11:50:53 PM,6.01,9.35,196.5,3.786,95.648,1069.350,3.157
22249,04/02/26 12:00:53 AM,4.34,7.68,212.0,3.601,95.720,1069.350,2.983
22250,04/02/26 12:10:53 AM,2.34,4.34,233.1,3.633,96.173,1069.350,3.081
22251,04/02/26 12:20:53 AM,1.00,2.34,240.1,3.716,96.370,1069.350,3.193
22252,04/02/26 12:30:53 AM,2.00,4.01,223.2,4.099,95.546,1069.350,3.453
22253,04/02/26 12:40:53 AM,1.67,3.34,233.1,4.223,96.062,1069.350,3.653
22254,04/02/26 12:50:53 AM,0.67,1.67,265.3,4.150,96.759,1069.350,3.683
22255,04/02/26 01:00:53 AM,0.33,1.00,263.9,4.150,96.625,1069.350,3.663
22256,04/02/26 01:10:53 AM,1.00,2.00,224.6,4.180,96.165,1069.350,3.626
22257,04/02/26 01:20:53 AM,0.67,1.67,192.3,4.201,96.828,1069.350,3.744
22258,04/02/26 01:30:53 AM,1.67,2.67,167.1,4.220,97.714,1069.350,3.893
22259,04/02/26 01:40:53 AM,1.67,3.01,168.5,4.486,97.650,1069.350,4.149
22260,04/02/26 01:50:53 AM,2.00,4.68,178.3,4.486,97.214,1069.350,4.085
22261,04/02/26 02:00:53 AM,2.00,3.67,199.4,4.469,97.174,1069.350,4.062
22262,04/02/26 02:10:53 AM,0.67,2.67,223.2,4.448,97.173,1069.350,4.041
22263,04/02/26 02:20:53 AM,1.67,5.01,202.2,4.478,96.175,1069.350,3.924
22264,04/02/26 02:30:53 AM,3.01,6.35,205.0,4.590,92.538,1069.350,3.488
22265,04/02/26 02:40:53 AM,5.34,13.02,203.6,4.478,90.526,1069.350,3.066
22266,04/02/26 02:50:53 AM,6.68,12.36,261.1,1.351,97.339,1069.350,0.973
22267,04/02/26 03:00:53 AM,6.01,9.35,269.6,0.856,99.100,1069.350,0.727
22268,04/02/26 03:10:53 AM,7.68,11.02,275.2,0.598,98.532,1069.350,0.390
22269,04/02/26 03:20:53 AM,7.35,10.35,265.3,0.333,98.660,1069.350,0.143
22270,04/02/26 03:30:53 AM,7.01,10.35,268.1,0.019,99.744,1069.350,-0.021
22271,04/02/26 03:40:53 AM,6.01,9.35,278.0,-0.029,99.997,1069.350,-0.034
22272,04/02/26 03:50:53 AM,6.35,9.35,275.2,-0.107,99.997,1069.350,-0.113
22273,04/02/26 04:00:53 AM,7.68,11.69,282.2,-0.212,99.997,1069.350,-0.218
22274,04/02/26 04:10:53 AM,7.01,10.02,285.0,-0.284,99.911,1069.350,-0.302
22275,04/02/26 04:20:53 AM,7.68,10.35,290.6,-0.383,99.864,1069.350,-0.407
22276,04/02/26 04:30:53 AM,7.01,10.35,292.0,-0.571,99.997,1069.350,-0.577
22277,04/02/26 04:40:53 AM,6.01,10.02,292.0,-0.622,99.997,1069.350,-0.628
22278,04/02/26 04:50:53 AM,6.01,9.02,299.0,-0.721,99.019,1069.350,-0.862
22279,04/02/26 05:00:53 AM,5.68,8.68,310.3,-0.691,97.838,1069.350,-0.996
22280,04/02/26 05:10:53 AM,4.34,6.35,300.4,-0.796,98.540,1069.350,-1.003
22281,04/02/26 05:20:53 AM,3.67,5.01,303.2,-0.775,98.250,1069.350,-1.022
22282,04/02/26 05:30:53 AM,2.34,4.34,289.2,-0.775,98.044,1069.350,-1.051
22283,04/02/26 05:40:53 AM,4.01,6.35,269.6,-0.651,97.229,1069.350,-1.041
22284,04/02/26 05:50:53 AM,5.34,8.35,275.2,-0.496,97.324,1069.350,-0.873
22285,04/02/26 06:00:53 AM,5.68,8.68,275.2,-0.533,96.504,1069.350,-1.025
22286,04/02/26 06:10:53 AM,5.34,8.02,271.0,-0.624,96.040,1069.350,-1.182
22287,04/02/26 06:20:53 AM,5.68,8.02,268.1,-0.699,94.408,1069.350,-1.490
22288,04/02/26 06:30:53 AM,5.34,7.35,272.4,-0.815,93.594,1069.350,-1.723
22289,04/02/26 06:40:53 AM,4.68,6.68,268.1,-0.852,92.737,1069.350,-1.884
22290,04/02/26 06:50:53 AM,4.34,5.68,271.0,-1.029,92.966,1069.350,-2.027
22291,04/02/26 07:00:53 AM,5.68,9.35,275.2,-1.010,91.624,1069.350,-2.204
22292,04/02/26 07:10:53 AM,5.34,10.02,275.2,-1.246,89.082,1069.350,-2.817
22293,04/02/26 07:20:53 AM,6.35,8.68,276.6,-1.410,89.308,1069.350,-2.945
22294,04/02/26 07:30:53 AM,5.68,8.68,272.4,-1.536,89.772,1069.350,-3.000
22295,04/02/26 07:40:53 AM,5.34,7.68,271.0,-1.590,90.259,1069.350,-2.981
22296,04/02/26 07:50:53 AM,6.01,10.02,271.0,-1.552,89.303,1069.350,-3.086
22297,04/02/26 08:00:53 AM,5.34,8.35,273.8,-1.611,89.738,1069.350,-3.080
22298,04/02/26 08:10:53 AM,5.68,8.02,271.0,-1.547,88.872,1069.350,-3.146
22299,04/02/26 08:20:53 AM,5.34,9.02,266.7,-1.536,88.348,1069.350,-3.215
22300,04/02/26 08:30:53 AM,5.34,8.02,262.5,-1.429,88.765,1069.350,-3.046
22301,04/02/26 08:40:53 AM,5.01,7.35,271.0,-1.362,88.756,1069.350,-2.981
22302,04/02/26 08:50:53 AM,5.34,8.02,279.4,-1.340,89.268,1069.350,-2.882
22303,04/02/26 09:00:53 AM,5.68,9.35,280.8,-1.182,88.772,1069.350,-2.801
22304,04/02/26 09:10:53 AM,6.01,9.68,282.2,-0.957,88.144,1069.350,-2.674
22305,04/02/26 09:20:53 AM,6.68,10.02,279.4,-0.793,87.912,1069.350,-2.548
22306,04/02/26 09:30:53 AM,8.02,11.69,279.4,-1.308,90.617,1069.350,-2.649
22307,04/02/26 09:40:53 AM,8.02,11.35,280.8,-0.756,87.422,1069.350,-2.586
22308,04/02/26 09:50:53 AM,8.02,12.02,275.2,-0.649,86.085,1069.350,-2.688
22309,04/02/26 10:00:53 AM,8.35,12.36,273.8,-0.732,85.504,1069.350,-2.861
22310,04/02/26 10:10:53 AM,9.02,12.69,271.0,-0.455,86.082,1069.350,-2.498
22311,04/02/26 10:20:53 AM,8.68,13.36,272.4,-0.839,88.338,1069.350,-2.528
22312,04/02/26 10:30:53 AM,9.35,12.36,269.6,-0.678,85.873,1069.350,-2.750
22313,04/02/26 10:40:53 AM,8.68,12.36,268.1,-0.212,85.702,1069.350,-2.318
22314,04/02/26 10:50:53 AM,9.35,12.69,279.4,-0.236,83.804,1069.350,-2.644
22315,04/02/26 11:00:53 AM,9.35,15.03,268.1,0.108,84.189,1069.350,-2.244
22316,04/02/26 11:10:53 AM,10.02,14.03,263.9,0.376,83.494,1069.350,-2.093
22317,04/02/26 11:20:53 AM,9.68,14.69,263.9,0.228,83.981,1069.350,-2.160
22318,04/02/26 11:30:53 AM,10.02,14.69,266.7,0.030,83.731,1069.350,-2.394
22319,04/02/26 11:40:53 AM,10.35,15.36,263.9,-0.110,82.416,1069.350,-2.745
22320,04/02/26 11:50:53 AM,10.69,15.03,266.7,0.073,80.912,1069.350,-2.813
22321,04/02/26 12:00:53 PM,10.35,14.36,269.6,0.287,81.846,1069.350,-2.450
22322,04/02/26 12:10:53 PM,8.68,13.02,269.6,0.362,81.086,1069.350,-2.502
22323,04/02/26 12:20:53 PM,8.68,13.02,271.0,0.494,79.835,1069.350,-2.583
22324,04/02/26 12:30:53 PM,8.68,12.36,266.7,-0.153,79.344,1069.350,-3.297
22325,04/02/26 12:40:53 PM,7.35,12.02,273.8,-0.823,83.891,1069.350,-3.206
22326,04/02/26 12:50:53 PM,6.35,10.02,278.0,-0.136,82.097,1069.350,-2.823
22327,04/02/26 01:00:53 PM,7.35,11.35,269.6,0.708,80.093,1069.350,-2.330
22328,04/02/26 01:10:53 PM,6.01,9.68,272.4,-0.970,89.151,1069.350,-2.534
22329,04/02/26 01:20:53 PM,6.35,9.68,272.4,0.209,85.782,1069.350,-1.891
22330,04/02/26 01:30:53 PM,7.35,11.35,265.3,1.185,83.299,1069.350,-1.332
22331,04/02/26 01:40:53 PM,7.35,12.69,275.2,0.590,85.164,1069.350,-1.615
22332,04/02/26 01:50:53 PM,8.02,12.36,289.2,1.081,82.881,1069.350,-1.502
22333,04/02/26 02:00:53 PM,8.35,13.69,296.2,0.681,83.091,1069.350,-1.860
22334,04/02/26 02:10:53 PM,7.01,11.02,287.8,1.295,80.438,1069.350,-1.699
22335,04/02/26 02:20:53 PM,8.68,11.69,292.0,0.995,76.130,1069.350,-2.734
22336,04/02/26 02:30:53 PM,8.35,11.69,282.2,1.756,75.200,1069.350,-2.162
22337,04/02/26 02:40:53 PM,8.02,13.69,292.0,2.145,76.110,1069.350,-1.622
22338,04/02/26 02:50:53 PM,8.02,12.02,292.0,-0.013,84.714,1069.350,-2.279
22339,04/02/26 03:00:53 PM,9.02,14.69,304.7,0.909,81.093,1069.350,-1.966
22340,04/02/26 03:10:53 PM,10.02,14.03,311.7,0.673,80.053,1069.350,-2.371
22341,04/02/26 03:20:53 PM,10.02,14.03,311.7,0.427,81.833,1069.350,-2.315
22342,04/02/26 03:30:53 PM,8.68,12.69,300.4,-1.295,90.127,1069.350,-2.709
22343,04/02/26 03:40:53 PM,5.68,10.69,286.4,-1.943,92.456,1069.350,-3.008
22344,04/02/26 03:50:53 PM,6.01,8.68,272.4,-0.914,88.161,1069.350,-2.629
22345,04/02/26 04:00:53 PM,6.68,9.68,263.9,-0.324,87.158,1069.350,-2.201
22346,04/02/26 04:10:53 PM,6.01,9.35,263.9,0.973,85.344,1069.350,-1.209
22347,04/02/26 04:20:53 PM,6.68,10.02,262.5,1.416,83.316,1069.350,-1.102
22348,04/02/26 04:30:53 PM,7.35,10.69,279.4,1.925,77.664,1069.350,-1.561
22349,04/02/26 04:40:53 PM,8.35,13.02,286.4,1.845,73.811,1069.350,-2.328
22350,04/02/26 04:50:53 PM,7.35,12.36,296.2,1.976,73.454,1069.350,-2.267
22351,04/02/26 05:00:53 PM,8.02,12.36,292.0,1.896,70.869,1069.350,-2.826
22352,04/02/26 05:10:53 PM,7.68,11.02,294.8,2.301,67.010,1069.350,-3.189
22353,04/02/26 05:20:53 PM,8.02,12.36,292.0,1.831,66.517,1069.350,-3.737
22354,04/02/26 05:30:53 PM,7.35,11.02,279.4,2.140,69.322,1069.350,-2.888
22355,04/02/26 05:40:53 PM,7.35,10.35,278.0,2.303,67.663,1069.350,-3.057
22356,04/02/26 05:50:53 PM,7.68,10.69,275.2,2.389,66.694,1069.350,-3.168
22357,04/02/26 06:00:53 PM,7.68,11.35,271.0,2.282,70.826,1069.350,-2.463
22358,04/02/26 06:10:53 PM,8.35,12.02,280.8,2.089,67.367,1069.350,-3.321
22359,04/02/26 06:20:53 PM,8.35,12.02,280.8,2.086,67.187,1069.350,-3.359
22360,04/02/26 06:30:53 PM,8.02,12.69,282.2,2.046,67.092,1069.350,-3.416
22361,04/02/26 06:40:53 PM,7.35,10.35,283.6,2.062,67.158,1069.350,-3.388
22362,04/02/26 06:50:53 PM,7.68,12.69,308.9,0.612,76.744,1069.350,-2.998
22363,04/02/26 07:00:53 PM,5.34,8.35,313.1,-1.155,90.787,1069.350,-2.472
22364,04/02/26 07:10:53 PM,7.01,10.02,308.9,-0.705,85.557,1069.350,-2.826
22365,04/02/26 07:20:53 PM,6.68,9.02,307.5,-1.083,90.364,1069.350,-2.464
22366,04/02/26 07:30:53 PM,6.01,9.02,292.0,-1.257,89.738,1069.350,-2.729
22367,04/02/26 07:40:53 PM,5.34,7.35,294.8,-1.466,88.559,1069.350,-3.114
22368,04/02/26 07:50:53 PM,5.01,6.35,296.2,-1.619,90.840,1069.350,-2.924
22369,04/02/26 08:00:53 PM,5.01,7.35,289.2,-1.536,92.641,1069.350,-2.577
22370,04/02/26 08:10:53 PM,4.68,6.68,285.0,-1.547,93.291,1069.350,-2.494
22371,04/02/26 08:20:53 PM,4.68,6.68,279.4,-1.493,92.778,1069.350,-2.515
22372,04/02/26 08:30:53 PM,4.34,6.68,272.4,-1.732,93.426,1069.350,-2.658
22373,04/02/26 08:40:53 PM,5.01,7.01,275.2,-1.791,92.209,1069.350,-2.893
22374,04/02/26 08:50:53 PM,4.34,6.68,278.0,-1.887,90.723,1069.350,-3.206
22375,04/02/26 09:00:53 PM,4.68,6.35,273.8,-1.954,90.141,1069.350,-3.359
22376,04/02/26 09:10:53 PM,5.01,7.01,273.8,-1.989,90.799,1069.350,-3.296
22377,04/02/26 09:20:53 PM,4.68,6.68,282.2,-2.043,89.525,1069.350,-3.539
22378,04/02/26 09:30:53 PM,5.34,7.68,290.6,-1.729,86.783,1069.350,-3.644
22379,04/02/26 09:40:53 PM,5.01,6.68,279.4,-1.791,87.288,1069.350,-3.628
22380,04/02/26 09:50:53 PM,5.01,7.01,279.4,-1.887,89.175,1069.350,-3.437
22381,04/02/26 10:00:53 PM,5.01,7.35,283.6,-1.860,91.247,1069.350,-3.102
22382,04/02/26 10:10:53 PM,5.34,7.68,279.4,-1.732,91.876,1069.350,-2.883
22383,04/02/26 10:20:53 PM,5.01,7.35,273.8,-1.713,91.772,1069.350,-2.880
22384,04/02/26 10:30:53 PM,4.01,6.01,271.0,-1.890,92.148,1069.350,-3.000
22385,04/02/26 10:40:53 PM,3.67,6.01,282.2,-1.960,91.858,1069.350,-3.112
22386,04/02/26 10:50:53 PM,4.68,7.35,280.8,-1.665,91.528,1069.350,-2.868
22387,04/02/26 11:00:53 PM,4.01,6.35,278.0,-1.699,91.844,1069.350,-2.855
22388,04/02/26 11:10:53 PM,4.01,7.01,273.8,-1.670,91.298,1069.350,-2.907
22389,04/02/26 11:20:53 PM,4.01,6.35,276.6,-1.606,90.597,1069.350,-2.947
22390,04/02/26 11:30:53 PM,4.68,7.35,289.2,-1.740,91.617,1069.350,-2.929
22391,04/02/26 11:40:53 PM,4.34,5.68,290.6,-1.825,92.161,1069.350,-2.934
22392,04/02/26 11:50:53 PM,3.67,5.34,280.8,-1.871,92.604,1069.350,-2.915
22393,04/03/26 12:00:53 AM,3.34,5.34,278.0,-2.166,93.376,1069.350,-3.097
22394,04/03/26 12:10:53 AM,3.67,5.34,269.6,-2.257,92.961,1069.350,-3.247
22395,04/03/26 12:20:53 AM,3.34,5.01,275.2,-2.402,93.326,1069.350,-3.339
22396,04/03/26 12:30:53 AM,4.01,5.68,273.8,-2.249,93.928,1069.350,-3.100
22397,04/03/26 12:40:53 AM,4.34,6.35,273.8,-2.297,93.956,1069.350,-3.144
22398,04/03/26 12:50:53 AM,4.34,6.35,273.8,-2.431,93.797,1069.350,-3.300
22399,04/03/26 01:00:53 AM,4.34,6.01,276.6,-2.297,93.082,1069.350,-3.269
22400,04/03/26 01:10:53 AM,3.67,5.34,273.8,-2.380,92.979,1069.350,-3.367
22401,04/03/26 01:20:53 AM,3.67,5.68,280.8,-2.450,92.914,1069.350,-3.446
22402,04/03/26 01:30:53 AM,4.34,6.68,285.0,-2.246,91.765,1069.350,-3.409
22403,04/03/26 01:40:53 AM,4.34,7.35,304.7,-2.064,90.529,1069.350,-3.410
22404,04/03/26 01:50:53 AM,4.34,7.01,294.8,-2.139,90.645,1069.350,-3.468
22405,04/03/26 02:00:53 AM,4.01,6.35,293.4,-2.153,90.538,1069.350,-3.497
22406,04/03/26 02:10:53 AM,4.34,6.35,283.6,-2.040,90.117,1069.350,-3.448
22407,04/03/26 02:20:53 AM,3.67,5.68,273.8,-2.238,90.581,1069.350,-3.575
22408,04/03/26 02:30:53 AM,3.01,4.34,276.6,-2.675,92.100,1069.350,-3.786
22409,04/03/26 02:40:53 AM,4.01,5.34,294.8,-2.453,91.328,1069.350,-3.678
22410,04/03/26 02:50:53 AM,4.34,5.68,301.8,-2.169,90.033,1069.350,-3.588
22411,04/03/26 03:00:53 AM,3.67,6.35,297.6,-2.241,89.987,1069.350,-3.666
22412,04/03/26 03:10:53 AM,3.34,5.34,294.8,-2.225,89.848,1069.350,-3.671
22413,04/03/26 03:20:53 AM,3.01,4.34,306.1,-2.579,90.649,1069.350,-3.903
22414,04/03/26 03:30:53 AM,3.34,5.01,315.9,-3.010,92.035,1069.350,-4.128
22415,04/03/26 03:40:53 AM,3.67,5.01,314.5,-3.102,92.604,1069.350,-4.138
22416,04/03/26 03:50:53 AM,3.34,4.68,310.3,-3.153,92.787,1069.350,-4.162
22417,04/03/26 04:00:53 AM,3.67,4.68,300.4,-3.174,92.810,1069.350,-4.179
22418,04/03/26 04:10:53 AM,4.01,5.68,306.1,-3.110,92.085,1069.350,-4.220
22419,04/03/26 04:20:53 AM,4.34,5.68,307.5,-3.016,91.496,1069.350,-4.212
22420,04/03/26 04:30:53 AM,5.01,7.01,303.2,-2.994,92.001,1069.350,-4.117
22421,04/03/26 04:40:53 AM,5.34,7.35,301.8,-2.839,92.100,1069.350,-3.949
22422,04/03/26 04:50:53 AM,5.34,7.68,303.2,-2.740,92.049,1069.350,-3.858
22423,04/03/26 05:00:53 AM,5.34,8.02,307.5,-2.748,92.204,1069.350,-3.844
22424,04/03/26 05:10:53 AM,3.67,6.68,299.0,-2.780,92.523,1069.350,-3.829
22425,04/03/26 05:20:53 AM,2.34,4.01,289.2,-2.737,92.535,1069.350,-3.785
22426,04/03/26 05:30:53 AM,2.00,4.34,286.4,-2.868,92.340,1069.350,-3.943
22427,04/03/26 05:40:53 AM,2.34,3.67,237.3,-3.005,91.922,1069.350,-4.139
22428,04/03/26 05:50:53 AM,2.00,4.01,195.1,-3.410,93.625,1069.350,-4.298
22429,04/03/26 06:00:53 AM,2.34,3.67,179.7,-3.469,93.848,1069.350,-4.325
22430,04/03/26 06:10:53 AM,3.01,5.34,200.8,-3.276,93.587,1069.350,-4.170
22431,04/03/26 06:20:53 AM,2.34,4.34,224.6,-3.040,92.804,1069.350,-4.047
22432,04/03/26 06:30:53 AM,2.67,8.35,202.2,-3.096,92.399,1069.350,-4.161
22433,04/03/26 06:40:53 AM,3.34,6.35,216.2,-2.501,89.993,1069.350,-3.922
22434,04/03/26 06:50:53 AM,2.00,5.34,261.1,-2.801,90.700,1069.350,-4.115
22435,04/03/26 07:00:53 AM,2.34,3.34,247.1,-3.024,91.411,1069.350,-4.232
22436,04/03/26 07:10:53 AM,2.34,4.01,279.4,-4.319,94.347,1069.350,-5.100
22437,04/03/26 07:20:53 AM,4.01,7.01,294.8,-3.694,94.754,1069.350,-4.421
22438,04/03/26 07:30:53 AM,5.01,7.35,297.6,-3.005,92.665,1069.350,-4.032
22439,04/03/26 07:40:53 AM,5.34,7.35,292.0,-2.555,91.440,1069.350,-3.763
22440,04/03/26 07:50:53 AM,5.68,7.35,297.6,-2.244,89.487,1069.350,-3.743
22441,04/03/26 08:00:53 AM,5.01,7.68,293.4,-1.925,88.461,1069.350,-3.582
22442,04/03/26 08:10:53 AM,3.67,6.01,289.2,-1.517,86.976,1069.350,-3.405
22443,04/03/26 08:20:53 AM,3.01,5.01,289.2,-1.193,86.018,1069.350,-3.234
22444,04/03/26 08:30:53 AM,4.01,7.01,294.8,-0.678,82.802,1069.350,-3.239
22445,04/03/26 08:40:53 AM,4.01,6.68,296.2,-0.193,81.209,1069.350,-3.024
22446,04/03/26 08:50:53 AM,3.01,6.01,276.6,0.416,78.843,1069.350,-2.827
22447,04/03/26 09:00:53 AM,2.34,4.68,263.9,1.164,75.740,1069.350,-2.640
22448,04/03/26 09:10:53 AM,2.34,5.68,266.7,1.724,73.309,1069.350,-2.537
22449,04/03/26 09:20:53 AM,2.67,4.34,279.4,2.140,72.078,1069.350,-2.363
22450,04/03/26 09:30:53 AM,4.01,7.01,306.1,2.486,69.577,1069.350,-2.507
22451,04/03/26 09:40:53 AM,5.34,8.02,311.7,2.453,69.012,1069.350,-2.648
22452,04/03/26 09:50:53 AM,5.68,8.68,311.7,2.786,69.152,1069.350,-2.301
22453,04/03/26 10:00:53 AM,7.01,9.02,307.5,2.936,67.431,1069.350,-2.497
22454,04/03/26 10:10:53 AM,6.68,9.35,314.5,3.043,66.860,1069.350,-2.510
22455,04/03/26 10:20:53 AM,6.68,9.35,314.5,3.322,66.445,1069.350,-2.327
22456,04/03/26 10:30:53 AM,6.68,9.68,308.9,3.475,66.357,1069.350,-2.199
22457,04/03/26 10:40:53 AM,6.68,9.35,308.9,3.759,65.725,1069.350,-2.057
22458,04/03/26 10:50:53 AM,6.68,9.35,308.9,3.810,64.903,1069.350,-2.179
22459,04/03/26 11:00:53 AM,5.68,8.35,310.3,4.062,63.780,1069.350,-2.175
22460,04/03/26 11:10:53 AM,5.34,7.68,304.7,4.593,62.885,1069.350,-1.862
22461,04/03/26 11:20:53 AM,6.01,8.02,297.6,4.510,62.185,1069.350,-2.092
22462,04/03/26 11:30:53 AM,5.01,7.68,300.4,4.965,61.895,1069.350,-1.724
22463,04/03/26 11:40:53 AM,5.01,8.35,276.6,5.134,61.430,1069.350,-1.666
22464,04/03/26 11:50:53 AM,5.01,8.02,275.2,5.528,61.280,1069.350,-1.327
22465,04/03/26 12:00:53 PM,4.34,8.02,285.0,5.660,60.945,1069.350,-1.277
22466,04/03/26 12:10:53 PM,4.01,6.01,296.2,6.215,60.662,1069.350,-0.816
22467,04/03/26 12:20:53 PM,3.67,6.68,296.2,6.196,60.960,1069.350,-0.767
22468,04/03/26 12:30:53 PM,3.67,6.68,311.7,6.384,61.169,1069.350,-0.542
22469,04/03/26 12:40:53 PM,3.34,6.35,297.6,6.467,61.408,1069.350,-0.410
22470,04/03/26 12:50:53 PM,3.34,6.68,294.8,6.826,61.262,1069.350,-0.103
22471,04/03/26 01:00:53 PM,3.67,7.01,299.0,6.906,61.424,1069.350,0.009
22472,04/03/26 01:10:53 PM,4.01,6.68,301.8,7.137,59.557,1069.350,-0.198
22473,04/03/26 01:20:53 PM,3.67,6.35,303.2,7.322,60.333,1069.350,0.155
22474,04/03/26 01:30:53 PM,3.67,7.35,306.1,7.325,59.268,1069.350,-0.087
22475,04/03/26 01:40:53 PM,3.67,6.68,306.1,7.834,58.442,1069.350,0.198
22476,04/03/26 01:50:53 PM,3.67,6.01,303.2,7.601,59.298,1069.350,0.180
22477,04/03/26 02:00:53 PM,3.67,7.01,287.8,7.649,60.159,1069.350,0.424
22478,04/03/26 02:10:53 PM,3.34,7.35,290.6,8.156,58.679,1069.350,0.557
22479,04/03/26 02:20:53 PM,3.67,6.01,271.0,8.730,56.254,1069.350,0.512
22480,04/03/26 02:30:53 PM,3.67,7.01,308.9,8.413,57.052,1069.350,0.410
22481,04/03/26 02:40:53 PM,3.67,6.68,306.1,8.459,56.458,1069.350,0.308
22482,04/03/26 02:50:53 PM,3.34,5.68,301.8,8.352,55.966,1069.350,0.088
22483,04/03/26 03:00:53 PM,4.01,7.35,314.5,8.496,57.436,1069.350,0.580
22484,04/03/26 03:10:53 PM,4.01,6.35,285.0,8.839,56.431,1069.350,0.658
22485,04/03/26 03:20:53 PM,4.01,7.68,282.2,8.976,56.146,1069.350,0.716
22486,04/03/26 03:30:53 PM,4.34,7.35,268.1,9.274,56.696,1069.350,1.130
22487,04/03/26 03:40:53 PM,3.67,6.68,287.8,9.102,56.248,1069.350,0.859
22488,04/03/26 03:50:53 PM,4.68,7.68,278.0,9.285,57.563,1069.350,1.351
22489,04/03/26 04:00:53 PM,5.01,7.68,272.4,8.952,58.756,1069.350,1.324
22490,04/03/26 04:10:53 PM,5.68,9.35,263.9,9.365,59.391,1069.350,1.863
22491,04/03/26 04:20:53 PM,5.34,8.68,269.6,9.116,58.650,1069.350,1.453
22492,04/03/26 04:30:53 PM,5.34,9.02,268.1,9.188,58.764,1069.350,1.548
22493,04/03/26 04:40:53 PM,4.68,7.68,276.6,9.590,57.327,1069.350,1.580
22494,04/03/26 04:50:53 PM,5.01,7.68,294.8,9.121,56.623,1069.350,0.969
22495,04/03/26 05:00:53 PM,4.68,7.35,266.7,9.212,57.183,1069.350,1.191
22496,04/03/26 05:10:53 PM,4.68,6.68,279.4,9.231,57.467,1069.350,1.277
22497,04/03/26 05:20:53 PM,5.34,8.02,275.2,9.317,57.429,1069.350,1.349
22498,04/03/26 05:30:53 PM,4.68,7.35,269.6,9.239,57.125,1069.350,1.202
22499,04/03/26 05:40:53 PM,5.01,8.02,263.9,9.252,57.613,1069.350,1.332
22500,04/03/26 05:50:53 PM,5.01,8.68,273.8,9.145,56.771,1069.350,1.027
22501,04/03/26 06:00:53 PM,4.34,8.02,280.8,9.287,55.560,1069.350,0.861
22502,04/03/26 06:10:53 PM,5.34,10.35,273.8,8.957,56.411,1069.350,0.763
22503,04/03/26 06:20:53 PM,4.68,7.01,297.6,9.038,54.971,1069.350,0.481
22504,04/03/26 06:30:53 PM,4.68,6.68,282.2,8.904,56.844,1069.350,0.819
22505,04/03/26 06:40:53 PM,5.34,7.35,269.6,8.547,57.404,1069.350,0.620
22506,04/03/26 06:50:53 PM,5.01,8.02,273.8,8.448,57.931,1069.350,0.654
22507,04/03/26 07:00:53 PM,4.68,7.35,272.4,8.250,58.329,1069.350,0.563
22508,04/03/26 07:10:53 PM,4.34,7.35,283.6,8.129,57.696,1069.350,0.298
22509,04/03/26 07:20:53 PM,4.34,6.35,280.8,7.885,58.808,1069.350,0.332
22510,04/03/26 07:30:53 PM,4.34,7.01,279.4,7.483,60.140,1069.350,0.263
22511,04/03/26 07:40:53 PM,4.01,6.01,282.2,6.990,62.408,1069.350,0.307
22512,04/03/26 07:50:53 PM,3.67,5.34,282.2,6.405,64.907,1069.350,0.293
22513,04/03/26 08:00:53 PM,3.67,5.34,287.8,5.641,67.285,1069.350,0.060
22514,04/03/26 08:10:53 PM,3.01,5.01,279.4,4.872,70.042,1069.350,-0.124
22515,04/03/26 08:20:53 PM,3.34,5.01,278.0,4.526,71.482,1069.350,-0.177
22516,04/03/26 08:30:53 PM,2.00,4.01,259.7,3.748,73.994,1069.350,-0.454
22517,04/03/26 08:40:53 PM,1.67,2.00,228.8,2.539,78.584,1069.350,-0.803
22518,04/03/26 08:50:53 PM,1.34,2.00,234.5,2.614,78.814,1069.350,-0.690
22519,04/03/26 09:00:53 PM,1.34,2.00,212.0,2.440,78.262,1069.350,-0.956
22520,04/03/26 09:10:53 PM,1.00,3.34,207.8,2.234,78.801,1069.350,-1.063
22521,04/03/26 09:20:53 PM,1.34,2.67,221.8,2.089,79.641,1069.350,-1.059
22522,04/03/26 09:30:53 PM,2.00,2.67,228.8,1.746,81.309,1069.350,-1.112
22523,04/03/26 09:40:53 PM,2.34,3.01,241.5,1.890,80.659,1069.350,-1.080
22524,04/03/26 09:50:53 PM,2.00,2.67,268.1,2.016,79.661,1069.350,-1.127
22525,04/03/26 10:00:53 PM,1.34,2.34,272.4,1.933,79.081,1069.350,-1.308
22526,04/03/26 10:10:53 PM,1.67,2.34,263.9,1.456,80.327,1069.350,-1.560
22527,04/03/26 10:20:53 PM,2.00,3.01,266.7,0.298,84.709,1069.350,-1.974
22528,04/03/26 10:30:53 PM,1.67,2.34,272.4,0.274,85.051,1069.350,-1.943
22529,04/03/26 10:40:53 PM,2.00,2.67,256.9,0.416,84.892,1069.350,-1.829
22530,04/03/26 10:50:53 PM,1.34,2.67,266.7,-0.099,86.813,1069.350,-2.033
22531,04/03/26 11:00:53 PM,2.00,2.67,244.3,0.228,85.904,1069.350,-1.854
22532,04/03/26 11:10:53 PM,1.67,3.01,235.9,0.351,85.701,1069.350,-1.765
22533,04/03/26 11:20:53 PM,2.00,3.67,238.7,1.502,81.489,1069.350,-1.320
22534,04/03/26 11:30:53 PM,2.00,3.01,258.3,0.523,84.276,1069.350,-1.823
22535,04/03/26 11:40:53 PM,1.67,3.67,279.4,-0.689,87.863,1069.350,-2.452
22536,04/03/26 11:50:53 PM,1.67,2.34,278.0,-0.962,89.593,1069.350,-2.459
22537,04/04/26 12:00:53 AM,1.67,2.00,292.0,-1.203,90.237,1069.350,-2.601
22538,04/04/26 12:10:53 AM,1.67,2.00,287.8,-0.976,89.549,1069.350,-2.480
22539,04/04/26 12:20:53 AM,1.00,1.67,297.6,-0.421,88.392,1069.350,-2.107
22540,04/04/26 12:30:53 AM,1.67,3.34,286.4,-0.295,87.787,1069.350,-2.075
22541,04/04/26 12:40:53 AM,2.00,3.67,263.9,-0.201,87.561,1069.350,-2.018
22542,04/04/26 12:50:53 AM,2.00,3.01,273.8,0.134,85.617,1069.350,-1.991
22543,04/04/26 01:00:53 AM,1.67,2.67,287.8,-0.297,85.856,1069.350,-2.378
22544,04/04/26 01:10:53 AM,2.00,2.67,306.1,-1.238,89.253,1069.350,-2.783
22545,04/04/26 01:20:53 AM,2.67,3.34,313.1,-0.742,87.999,1069.350,-2.484
22546,04/04/26 01:30:53 AM,3.01,4.01,313.1,-0.809,88.011,1069.350,-2.548
22547,04/04/26 01:40:53 AM,2.67,3.34,292.0,-0.343,86.285,1069.350,-2.356
22548,04/04/26 01:50:53 AM,2.34,3.34,266.7,-0.654,87.294,1069.350,-2.506
22549,04/04/26 02:00:53 AM,2.34,3.34,251.3,-0.799,87.013,1069.350,-2.692
22550,04/04/26 02:10:53 AM,2.67,3.67,249.9,-1.043,87.730,1069.350,-2.822
22551,04/04/26 02:20:53 AM,2.67,3.34,259.7,-0.501,85.454,1069.350,-2.642
22552,04/04/26 02:30:53 AM,1.34,2.67,283.6,-0.678,85.881,1069.350,-2.749
22553,04/04/26 02:40:53 AM,1.00,2.34,293.4,-0.142,84.308,1069.350,-2.471
22554,04/04/26 02:50:53 AM,2.00,2.34,289.2,-0.378,84.504,1069.350,-2.671
22555,04/04/26 03:00:53 AM,2.34,3.01,297.6,-0.968,86.879,1069.350,-2.879
22556,04/04/26 03:10:53 AM,1.00,2.34,282.2,-1.439,88.458,1069.350,-3.102
22557,04/04/26 03:20:53 AM,1.34,3.01,276.6,-0.614,86.036,1069.350,-2.662
22558,04/04/26 03:30:53 AM,1.00,2.00,14.0,-0.965,85.006,1069.350,-3.169
22559,04/04/26 03:40:53 AM,0.67,1.34,122.1,-2.276,90.986,1069.350,-3.553
22560,04/04/26 03:50:53 AM,0.67,1.67,244.3,-1.965,90.039,1069.350,-3.385
22561,04/04/26 04:00:53 AM,1.00,2.00,254.1,-1.547,88.849,1069.350,-3.150
22562,04/04/26 04:10:53 AM,1.34,3.34,271.0,-1.646,88.417,1069.350,-3.313
22563,04/04/26 04:20:53 AM,2.00,4.34,266.7,-1.145,86.650,1069.350,-3.089
22564,04/04/26 04:30:53 AM,1.00,2.34,233.1,-1.960,89.566,1069.350,-3.450
22565,04/04/26 04:40:53 AM,1.34,2.00,258.3,-2.035,90.074,1069.350,-3.449
22566,04/04/26 04:50:53 AM,2.00,3.34,293.4,-1.973,89.346,1069.350,-3.496
22567,04/04/26 05:00:53 AM,1.67,3.01,300.4,-1.697,88.287,1069.350,-3.383
22568,04/04/26 05:10:53 AM,1.67,2.34,272.4,-2.120,89.447,1069.350,-3.626
22569,04/04/26 05:20:53 AM,1.34,2.00,273.8,-2.565,91.136,1069.350,-3.817
22570,04/04/26 05:30:53 AM,1.67,2.67,272.4,-2.517,90.549,1069.350,-3.856
22571,04/04/26 05:40:53 AM,1.34,2.00,282.2,-2.906,91.530,1069.350,-4.098
22572,04/04/26 05:50:53 AM,2.00,2.67,318.7,-2.512,90.384,1069.350,-3.875
22573,04/04/26 06:00:53 AM,2.00,2.67,310.3,-2.096,88.502,1069.350,-3.744
22574,04/04/26 06:10:53 AM,1.34,2.67,294.8,-1.850,87.536,1069.350,-3.648
22575,04/04/26 06:20:53 AM,0.67,1.67,279.4,-2.096,87.929,1069.350,-3.831
22576,04/04/26 06:30:53 AM,1.00,2.00,273.8,-2.372,89.053,1069.350,-3.934
22577,04/04/26 06:40:53 AM,1.00,2.00,275.2,-2.501,89.064,1069.350,-4.060
22578,04/04/26 06:50:53 AM,1.00,1.34,273.8,-2.750,90.390,1069.350,-4.110
22579,04/04/26 07:00:53 AM,1.00,2.00,285.0,-2.552,89.560,1069.350,-4.037
22580,04/04/26 07:10:53 AM,2.00,3.01,304.7,-3.035,89.357,1069.350,-4.545
22581,04/04/26 07:20:53 AM,1.00,2.00,308.9,-3.348,90.762,1069.350,-4.648
22582,04/04/26 07:30:53 AM,1.67,2.34,292.0,-2.986,89.496,1069.350,-4.476
22583,04/04/26 07:40:53 AM,1.00,1.67,299.0,-2.796,88.922,1069.350,-4.373
22584,04/04/26 07:50:53 AM,0.33,1.00,300.4,-2.474,88.470,1069.350,-4.123
22585,04/04/26 08:00:53 AM,0.00,1.34,301.8,-1.482,86.029,1069.350,-3.517
22586,04/04/26 08:10:53 AM,0.67,2.00,294.8,-0.646,85.097,1069.350,-2.841
22587,04/04/26 08:20:53 AM,0.67,1.67,292.0,0.097,83.333,1069.350,-2.393
22588,04/04/26 08:30:53 AM,0.33,1.00,33.7,0.941,82.571,1069.350,-1.690
22589,04/04/26 08:40:53 AM,0.00,0.00,99.7,1.247,82.048,1069.350,-1.477
22590,04/04/26 08:50:53 AM,0.00,0.00,99.7,2.223,79.228,1069.350,-1.000
22591,04/04/26 09:00:53 AM,0.00,0.00,99.7,3.373,75.926,1069.350,-0.464
22592,04/04/26 09:10:53 AM,0.67,1.67,101.1,4.041,73.474,1069.350,-0.267
22593,04/04/26 09:20:53 AM,1.00,1.67,109.5,4.113,73.378,1069.350,-0.216
22594,04/04/26 09:30:53 AM,1.00,1.67,101.1,4.518,70.948,1069.350,-0.288
22595,04/04/26 09:40:53 AM,1.34,2.00,102.5,5.148,69.671,1069.350,0.068
22596,04/04/26 09:50:53 AM,1.00,2.00,110.9,5.831,66.172,1069.350,0.012
22597,04/04/26 10:00:53 AM,1.00,2.00,130.6,5.960,64.793,1069.350,-0.154
22598,04/04/26 10:10:53 AM,1.00,2.34,116.5,6.416,63.043,1069.350,-0.097
22599,04/04/26 10:20:53 AM,1.67,3.01,112.3,6.528,62.283,1069.350,-0.158
22600,04/04/26 10:30:53 AM,1.34,4.01,77.2,7.689,59.860,1069.350,0.393
22601,04/04/26 10:40:53 AM,1.67,3.01,74.4,7.826,58.978,1069.350,0.317
22602,04/04/26 10:50:53 AM,1.67,3.01,87.0,8.019,59.098,1069.350,0.526
22603,04/04/26 11:00:53 AM,1.34,2.67,102.5,8.279,58.102,1069.350,0.536
22604,04/04/26 11:10:53 AM,1.67,3.01,92.7,8.738,55.668,1069.350,0.375
22605,04/04/26 11:20:53 AM,1.00,2.67,87.0,9.620,53.555,1069.350,0.662
22606,04/04/26 11:30:53 AM,1.00,3.01,71.6,9.944,52.525,1069.350,0.695
22607,04/04/26 11:40:53 AM,1.00,2.67,115.1,10.403,51.736,1069.350,0.910
22608,04/04/26 11:50:53 AM,1.34,2.67,123.5,10.807,48.591,1069.350,0.415
22609,04/04/26 12:00:53 PM,1.34,3.01,96.9,11.244,48.806,1069.350,0.878
22610,04/04/26 12:10:53 PM,0.67,2.34,124.9,11.456,45.605,1069.350,0.135
22611,04/04/26 12:20:53 PM,1.00,2.67,129.2,11.874,44.216,1069.350,0.090
22612,04/04/26 12:30:53 PM,0.67,2.67,91.3,11.966,42.875,1069.350,-0.251
22613,04/04/26 12:40:53 PM,1.00,2.34,66.0,13.038,42.515,1069.350,0.604
22614,04/04/26 12:50:53 PM,1.67,3.01,77.2,12.569,41.981,1069.350,0.005
22615,04/04/26 01:00:53 PM,1.00,2.34,127.8,13.081,42.313,1069.350,0.577
22616,04/04/26 01:10:53 PM,1.67,4.01,148.8,13.478,41.607,1069.350,0.702
22617,04/04/26 01:20:53 PM,2.00,4.34,127.8,13.016,42.104,1069.350,0.449
22618,04/04/26 01:30:53 PM,2.00,3.67,130.6,13.676,41.422,1069.350,0.819
22619,04/04/26 01:40:53 PM,1.34,2.67,148.8,13.963,41.283,1069.350,1.031
22620,04/04/26 01:50:53 PM,2.34,5.01,196.5,13.773,41.634,1069.350,0.977
22621,04/04/26 02:00:53 PM,2.34,6.35,186.7,14.153,40.778,1069.350,1.031
22622,04/04/26 02:10:53 PM,2.34,4.34,266.7,14.411,40.780,1069.350,1.264
22623,04/04/26 02:20:53 PM,2.34,5.34,282.2,14.336,39.887,1069.350,0.889
22624,04/04/26 02:30:53 PM,1.67,4.01,165.7,14.571,39.930,1069.350,1.115
22625,04/04/26 02:40:53 PM,2.00,5.68,214.8,15.073,39.854,1069.350,1.539
22626,04/04/26 02:50:53 PM,3.01,6.35,265.3,14.810,40.496,1069.350,1.526
22627,04/04/26 03:00:53 PM,2.67,6.35,271.0,14.968,38.853,1069.350,1.091
22628,04/04/26 03:10:53 PM,2.67,4.34,230.2,15.306,39.069,1069.350,1.471
22629,04/04/26 03:20:53 PM,2.67,6.35,234.5,15.033,38.314,1069.350,0.955
22630,04/04/26 03:30:53 PM,2.00,4.01,147.4,14.904,37.556,1069.350,0.563
22631,04/04/26 03:40:53 PM,2.34,5.01,217.6,15.137,38.247,1069.350,1.024
22632,04/04/26 03:50:53 PM,1.67,4.34,227.4,15.762,37.252,1069.350,1.215
22633,04/04/26 04:00:53 PM,2.67,5.34,205.0,15.129,37.375,1069.350,0.697
22634,04/04/26 04:10:53 PM,2.00,4.68,212.0,14.882,36.298,1069.350,0.074
22635,04/04/26 04:20:53 PM,3.67,6.35,174.1,14.614,44.874,1069.350,2.787
22636,04/04/26 04:30:53 PM,2.67,6.01,162.9,14.475,46.952,1069.350,3.299
22637,04/04/26 04:40:53 PM,4.01,6.01,162.9,14.534,48.234,1069.350,3.735
22638,04/04/26 04:50:53 PM,3.01,5.34,172.7,14.571,48.971,1069.350,3.985
22639,04/04/26 05:00:53 PM,3.34,7.01,209.2,15.097,46.807,1069.350,3.824
22640,04/04/26 05:10:53 PM,4.68,7.01,196.5,14.405,48.722,1069.350,3.760
22641,04/04/26 05:20:53 PM,3.67,8.68,213.4,14.633,46.006,1069.350,3.156
22642,04/04/26 05:30:53 PM,2.00,4.01,230.2,15.207,41.784,1069.350,2.321
22643,04/04/26 05:40:53 PM,1.67,3.34,227.4,15.172,41.631,1069.350,2.238
22644,04/04/26 05:50:53 PM,2.00,5.34,292.0,15.255,41.833,1069.350,2.381
22645,04/04/26 06:00:53 PM,2.34,5.01,261.1,14.944,44.216,1069.350,2.879
22646,04/04/26 06:10:53 PM,3.01,5.68,247.1,14.912,45.286,1069.350,3.187
22647,04/04/26 06:20:53 PM,3.01,5.68,247.1,14.638,44.891,1069.350,2.814
22648,04/04/26 06:30:53 PM,3.01,4.68,256.9,14.271,45.908,1069.350,2.796
22649,04/04/26 06:40:53 PM,3.01,4.34,235.9,13.703,47.028,1069.350,2.616
22650,04/04/26 06:50:53 PM,2.67,4.34,249.9,14.059,46.139,1069.350,2.673
22651,04/04/26 07:00:53 PM,2.67,4.68,249.9,13.794,46.508,1069.350,2.543
22652,04/04/26 07:10:53 PM,2.34,3.67,249.9,13.652,47.909,1069.350,2.831
22653,04/04/26 07:20:53 PM,2.67,4.01,255.5,13.271,48.981,1069.350,2.793
22654,04/04/26 07:30:53 PM,2.00,3.67,261.1,12.960,50.277,1069.350,2.874
22655,04/04/26 07:40:53 PM,2.00,3.01,262.5,12.298,52.940,1069.350,2.990
22656,04/04/26 07:50:53 PM,1.34,2.00,272.4,11.301,56.367,1069.350,2.946
22657,04/04/26 08:00:53 PM,1.67,2.00,283.6,9.687,60.050,1069.350,2.320
22658,04/04/26 08:10:53 PM,1.67,2.34,279.4,8.890,62.094,1069.350,2.037
22659,04/04/26 08:20:53 PM,1.00,2.00,245.7,7.955,65.191,1069.350,1.830
22660,04/04/26 08:30:53 PM,1.67,2.67,216.2,7.183,68.669,1069.350,1.819
22661,04/04/26 08:40:53 PM,1.67,2.67,255.5,6.931,69.451,1069.350,1.735
22662,04/04/26 08:50:53 PM,1.34,2.00,279.4,6.217,71.345,1069.350,1.425
22663,04/04/26 09:00:53 PM,1.34,1.67,283.6,5.738,71.307,1069.350,0.956
22664,04/04/26 09:10:53 PM,1.34,1.67,293.4,5.126,72.169,1069.350,0.533
22665,04/04/26 09:20:53 PM,1.67,2.00,315.9,4.748,73.495,1069.350,0.420
22666,04/04/26 09:30:53 PM,1.00,1.67,289.2,4.815,73.361,1069.350,0.459
22667,04/04/26 09:40:53 PM,1.00,1.34,283.6,4.354,75.346,1069.350,0.382
22668,04/04/26 09:50:53 PM,1.67,2.34,287.8,4.550,72.375,1069.350,0.017
22669,04/04/26 10:00:53 PM,1.34,2.34,248.5,4.483,73.559,1069.350,0.176
22670,04/04/26 10:10:53 PM,1.34,2.00,269.6,4.512,72.526,1069.350,0.009
22671,04/04/26 10:20:53 PM,1.00,1.67,262.5,3.933,74.017,1069.350,-0.271
22672,04/04/26 10:30:53 PM,1.34,1.67,255.5,4.228,72.580,1069.350,-0.255
22673,04/04/26 10:40:53 PM,1.00,1.67,279.4,3.604,74.395,1069.350,-0.519
22674,04/04/26 10:50:53 PM,1.00,1.67,249.9,3.049,75.987,1069.350,-0.767
22675,04/04/26 11:00:53 PM,1.34,2.00,282.2,3.003,76.730,1069.350,-0.678
22676,04/04/26 11:10:53 PM,1.34,2.00,290.6,3.167,76.800,1069.350,-0.507
22677,04/04/26 11:20:53 PM,1.00,1.67,290.6,3.180,77.139,1069.350,-0.434
22678,04/04/26 11:30:53 PM,0.67,1.34,314.5,2.266,80.279,1069.350,-0.778
22679,04/04/26 11:40:53 PM,0.67,1.34,352.4,1.697,81.489,1069.350,-1.129
22680,04/04/26 11:50:53 PM,1.00,1.67,336.9,1.810,81.024,1069.350,-1.097
22681,04/05/26 12:00:53 AM,0.00,0.67,318.7,2.271,80.017,1069.350,-0.817
22682,04/05/26 12:10:53 AM,0.33,1.00,318.7,1.510,82.640,1069.350,-1.121
22683,04/05/26 12:20:53 AM,0.67,1.34,318.7,1.024,84.021,1069.350,-1.372
22684,04/05/26 12:30:53 AM,1.00,1.34,318.7,0.786,85.403,1069.350,-1.384
22685,04/05/26 12:40:53 AM,0.33,1.34,318.7,1.250,84.509,1069.350,-1.071
22686,04/05/26 12:50:53 AM,0.67,1.34,318.7,0.818,86.169,1069.350,-1.231
22687,04/05/26 01:00:53 AM,0.00,0.00,318.7,1.679,85.338,1069.350,-0.516
22688,04/05/26 01:10:53 AM,0.00,0.00,318.7,1.697,84.335,1069.350,-0.660
22689,04/05/26 01:20:53 AM,0.00,0.00,318.7,0.644,87.228,1069.350,-1.236
22690,04/05/26 01:30:53 AM,0.00,0.00,318.7,0.378,88.513,1069.350,-1.299
22691,04/05/26 01:40:53 AM,0.00,0.00,318.7,0.008,89.082,1069.350,-1.578
22692,04/05/26 01:50:53 AM,0.33,1.34,318.7,-0.126,89.265,1069.350,-1.682
22693,04/05/26 02:00:53 AM,1.00,1.34,318.7,-0.246,90.065,1069.350,-1.680
22694,04/05/26 02:10:53 AM,1.34,1.67,314.5,-0.091,89.459,1069.350,-1.618
22695,04/05/26 02:20:53 AM,1.34,1.67,301.8,-0.260,90.108,1069.350,-1.687
22696,04/05/26 02:30:53 AM,1.00,1.34,304.7,0.126,89.720,1069.350,-1.364
22697,04/05/26 02:40:53 AM,0.67,1.34,314.5,0.309,88.792,1069.350,-1.325
22698,04/05/26 02:50:53 AM,1.00,1.34,315.9,-0.056,89.630,1069.350,-1.558
22699,04/05/26 03:00:53 AM,0.67,1.34,315.9,-0.142,90.304,1069.350,-1.541
22700,04/05/26 03:10:53 AM,0.67,1.34,315.9,-0.077,90.399,1069.350,-1.462
22701,04/05/26 03:20:53 AM,0.67,1.34,315.9,-0.142,90.465,1069.350,-1.517
22702,04/05/26 03:30:53 AM,0.67,1.34,315.9,-0.198,90.912,1069.350,-1.505
22703,04/05/26 03:40:53 AM,0.33,0.67,315.9,-0.324,91.044,1069.350,-1.610
22704,04/05/26 03:50:53 AM,0.67,1.00,315.9,-0.809,91.574,1069.350,-2.012
22705,04/05/26 04:00:53 AM,0.67,1.00,315.9,-0.962,92.657,1069.350,-2.005
22706,04/05/26 04:10:53 AM,1.00,1.34,315.9,-0.997,92.808,1069.350,-2.018
22707,04/05/26 04:20:53 AM,1.00,1.34,268.1,-1.214,92.869,1069.350,-2.224
22708,04/05/26 04:30:53 AM,1.34,2.00,276.6,-2.201,93.541,1069.350,-3.108
22709,04/05/26 04:40:53 AM,1.34,1.67,276.6,-2.340,95.053,1069.350,-3.031
22710,04/05/26 04:50:53 AM,1.34,2.00,287.8,-1.943,95.816,1069.350,-2.528
22711,04/05/26 05:00:53 AM,1.34,1.67,299.0,-0.753,92.651,1069.350,-1.798
22712,04/05/26 05:10:53 AM,0.67,1.34,299.0,-0.847,92.586,1069.350,-1.901
22713,04/05/26 05:20:53 AM,0.00,0.67,299.0,-1.627,93.109,1069.350,-2.600
22714,04/05/26 05:30:53 AM,0.00,0.00,299.0,-2.136,96.033,1069.350,-2.690
22715,04/05/26 05:40:53 AM,0.00,0.00,299.0,-1.801,96.324,1069.350,-2.315
22716,04/05/26 05:50:53 AM,0.00,0.00,299.0,-1.536,95.491,1069.350,-2.169
22717,04/05/26 06:00:53 AM,0.00,0.00,299.0,-1.528,93.845,1069.350,-2.395
22718,04/05/26 06:10:53 AM,0.33,1.67,278.0,-1.930,94.104,1069.350,-2.758
22719,04/05/26 06:20:53 AM,1.00,1.67,278.0,-3.040,94.936,1069.350,-3.745
22720,04/05/26 06:30:53 AM,1.00,1.67,275.2,-2.439,96.535,1069.350,-2.922
22721,04/05/26 06:40:53 AM,1.00,1.34,282.2,-2.217,95.158,1069.350,-2.894
22722,04/05/26 06:50:53 AM,1.00,1.67,286.4,-2.855,95.772,1069.350,-3.443
22723,04/05/26 07:00:53 AM,1.34,1.67,287.8,-2.911,95.987,1069.350,-3.469
22724,04/05/26 07:10:53 AM,1.00,1.67,299.0,-2.681,96.648,1069.350,-3.148
22725,04/05/26 07:20:53 AM,0.33,1.00,307.5,-1.745,95.044,1069.350,-2.440
22726,04/05/26 07:30:53 AM,0.00,0.67,307.5,-0.960,92.406,1069.350,-2.040
22727,04/05/26 07:40:53 AM,0.67,1.34,307.5,-1.214,92.375,1069.350,-2.296
22728,04/05/26 07:50:53 AM,0.00,0.00,307.5,-1.340,92.457,1069.350,-2.410
22729,04/05/26 08:00:53 AM,0.00,0.00,307.5,-1.380,92.866,1069.350,-2.390
22730,04/05/26 08:10:53 AM,0.00,0.33,307.5,-1.193,93.457,1069.350,-2.118
22731,04/05/26 08:20:53 AM,0.00,0.00,307.5,-0.927,93.721,1069.350,-1.816
22732,04/05/26 08:30:53 AM,0.00,0.33,307.5,-0.075,93.194,1069.350,-1.046
22733,04/05/26 08:40:53 AM,0.00,0.00,307.5,1.193,90.730,1069.350,-0.155
22734,04/05/26 08:50:53 AM,0.00,0.00,307.5,2.510,87.071,1069.350,0.579
22735,04/05/26 09:00:53 AM,0.00,0.00,307.5,3.504,83.978,1069.350,1.055
22736,04/05/26 09:10:53 AM,0.00,0.00,307.5,5.011,79.857,1069.350,1.829
22737,04/05/26 09:20:53 AM,0.00,1.00,231.6,6.217,76.425,1069.350,2.386
22738,04/05/26 09:30:53 AM,1.00,2.00,122.1,6.614,73.858,1069.350,2.291
22739,04/05/26 09:40:53 AM,1.34,2.34,120.7,6.786,73.942,1069.350,2.474
22740,04/05/26 09:50:53 AM,1.34,2.67,106.7,7.461,72.856,1069.350,2.917
22741,04/05/26 10:00:53 AM,1.34,2.67,102.5,8.159,69.517,1069.350,2.927
22742,04/05/26 10:10:53 AM,1.67,2.67,105.3,8.504,69.418,1069.350,3.238
22743,04/05/26 10:20:53 AM,2.00,3.34,105.3,8.834,68.794,1069.350,3.426
22744,04/05/26 10:30:53 AM,2.34,3.34,99.7,9.684,67.921,1069.350,4.059
22745,04/05/26 10:40:53 AM,3.01,5.01,92.7,10.569,63.516,1069.350,3.947
22746,04/05/26 10:50:53 AM,3.67,6.01,84.2,11.569,57.472,1069.350,3.471
22747,04/05/26 11:00:53 AM,4.34,6.68,92.7,12.191,54.731,1069.350,3.360
22748,04/05/26 11:10:53 AM,4.68,7.01,84.2,12.748,52.575,1069.350,3.309
22749,04/05/26 11:20:53 AM,4.68,6.68,87.0,13.180,51.812,1069.350,3.503
22750,04/05/26 11:30:53 AM,4.68,6.35,78.6,13.663,48.937,1069.350,3.140
22751,04/05/26 11:40:53 AM,4.68,7.01,78.6,14.185,46.171,1069.350,2.798
22752,04/05/26 11:50:53 AM,4.68,7.01,74.4,14.266,46.070,1069.350,2.841
22753,04/05/26 12:00:53 PM,5.01,9.02,64.6,14.290,45.629,1069.350,2.727
22754,04/05/26 12:10:53 PM,4.34,7.35,67.4,14.593,45.934,1069.350,3.097
22755,04/05/26 12:20:53 PM,5.01,7.35,61.8,14.872,44.707,1069.350,2.969
22756,04/05/26 12:30:53 PM,4.68,7.01,61.8,14.958,44.164,1069.350,2.875
22757,04/05/26 12:40:53 PM,4.68,8.02,64.6,15.416,42.516,1069.350,2.754
22758,04/05/26 12:50:53 PM,4.34,8.02,68.8,15.705,41.399,1069.350,2.640
22759,04/05/26 01:00:53 PM,4.68,7.68,66.0,15.837,40.841,1069.350,2.568
22760,04/05/26 01:10:53 PM,4.68,9.02,67.4,15.781,40.061,1069.350,2.247
22761,04/05/26 01:20:53 PM,5.01,7.68,77.2,16.445,39.728,1069.350,2.725
22762,04/05/26 01:30:53 PM,5.01,8.02,80.0,16.638,38.839,1069.350,2.579
22763,04/05/26 01:40:53 PM,4.01,6.01,117.9,16.826,33.729,1069.350,0.777
22764,04/05/26 01:50:53 PM,4.34,6.68,117.9,16.837,34.218,1069.350,0.986
22765,04/05/26 02:00:53 PM,3.67,5.68,112.3,16.708,34.726,1069.350,1.077
22766,04/05/26 02:10:53 PM,3.34,6.01,101.1,16.815,33.628,1069.350,0.726
22767,04/05/26 02:20:53 PM,3.67,6.35,78.6,16.909,33.774,1069.350,0.868
22768,04/05/26 02:30:53 PM,4.34,6.35,91.3,17.167,35.125,1069.350,1.641
22769,04/05/26 02:40:53 PM,3.67,6.68,92.7,17.606,35.225,1069.350,2.069
22770,04/05/26 02:50:53 PM,3.34,7.01,103.9,17.239,33.700,1069.350,1.128
22771,04/05/26 03:00:53 PM,4.01,7.35,89.9,17.311,34.003,1069.350,1.316
22772,04/05/26 03:10:53 PM,4.34,8.02,73.0,17.555,33.582,1069.350,1.357
22773,04/05/26 03:20:53 PM,3.67,6.68,81.4,18.070,31.991,1069.350,1.133
22774,04/05/26 03:30:53 PM,4.34,7.35,88.4,17.987,32.993,1069.350,1.489
22775,04/05/26 03:40:53 PM,4.01,7.01,95.5,17.711,31.882,1069.350,0.772
22776,04/05/26 03:50:53 PM,3.34,5.68,115.1,18.092,31.005,1069.350,0.718
22777,04/05/26 04:00:53 PM,4.34,6.68,94.1,17.976,30.689,1069.350,0.475
22778,04/05/26 04:10:53 PM,3.67,6.68,102.5,17.756,30.422,1069.350,0.163
22779,04/05/26 04:20:53 PM,3.67,6.68,84.2,17.850,30.913,1069.350,0.466
22780,04/05/26 04:30:53 PM,3.67,5.68,88.4,18.191,30.304,1069.350,0.487
22781,04/05/26 04:40:53 PM,3.67,6.01,116.5,18.019,30.018,1069.350,0.207
22782,04/05/26 04:50:53 PM,3.67,6.35,105.3,18.046,29.187,1069.350,-0.156
22783,04/05/26 05:00:53 PM,3.67,7.35,96.9,17.893,28.241,1069.350,-0.740
22784,04/05/26 05:10:53 PM,3.67,6.01,80.0,18.429,28.206,1069.350,-0.295
22785,04/05/26 05:20:53 PM,3.34,6.35,92.7,18.435,27.681,1069.350,-0.548
22786,04/05/26 05:30:53 PM,3.67,6.35,92.7,18.301,27.019,1069.350,-0.994
22787,04/05/26 05:40:53 PM,3.34,6.01,88.4,18.314,27.700,1069.350,-0.642
22788,04/05/26 05:50:53 PM,3.67,6.35,123.5,17.309,28.916,1069.350,-0.920
22789,04/05/26 06:00:53 PM,3.01,5.34,75.8,17.454,28.136,1069.350,-1.168
22790,04/05/26 06:10:53 PM,3.01,5.34,85.6,17.212,27.967,1069.350,-1.459
22791,04/05/26 06:20:53 PM,2.34,4.01,105.3,16.928,28.669,1069.350,-1.366
22792,04/05/26 06:30:53 PM,2.67,4.01,110.9,16.518,28.379,1069.350,-1.858
22793,04/05/26 06:40:53 PM,2.00,3.01,105.3,15.762,33.558,1069.350,-0.229
22794,04/05/26 06:50:53 PM,2.00,3.34,87.0,16.105,31.983,1069.350,-0.587
22795,04/05/26 07:00:53 PM,1.67,3.34,103.9,15.727,34.479,1069.350,0.113
22796,04/05/26 07:10:53 PM,1.00,2.00,103.9,14.933,37.397,1069.350,0.531
22797,04/05/26 07:20:53 PM,1.00,1.67,88.4,14.963,37.481,1069.350,0.588
22798,04/05/26 07:30:53 PM,0.33,1.00,115.1,14.386,38.553,1069.350,0.463
22799,04/05/26 07:40:53 PM,0.33,1.00,94.1,13.789,39.333,1069.350,0.205
22800,04/05/26 07:50:53 PM,0.67,1.00,22.5,13.011,41.472,1069.350,0.236
22801,04/05/26 08:00:53 PM,0.67,1.00,19.7,12.277,42.940,1069.350,0.052
22802,04/05/26 08:10:53 PM,1.00,2.00,0.0,11.188,44.843,1069.350,-0.341
22803,04/05/26 08:20:53 PM,1.67,2.67,2.8,9.957,47.733,1069.350,-0.611
22804,04/05/26 08:30:53 PM,2.67,3.34,4.2,9.778,48.121,1069.350,-0.664
22805,04/05/26 08:40:53 PM,2.67,3.67,5.6,9.520,48.067,1069.350,-0.916
22806,04/05/26 08:50:53 PM,2.67,3.67,5.6,9.231,48.705,1069.350,-1.002
22807,04/05/26 09:00:53 PM,0.67,2.34,56.2,8.376,51.069,1069.350,-1.145
22808,04/05/26 09:10:53 PM,1.00,3.34,153.0,9.724,46.802,1069.350,-1.093
22809,04/05/26 09:20:53 PM,0.00,1.00,174.1,8.620,50.910,1069.350,-0.962
22810,04/05/26 09:30:53 PM,1.00,1.67,272.4,7.258,54.791,1069.350,-1.225
22811,04/05/26 09:40:53 PM,1.00,1.34,286.4,7.290,53.997,1069.350,-1.394
22812,04/05/26 09:50:53 PM,1.34,1.67,301.8,5.982,56.982,1069.350,-1.887
22813,04/05/26 10:00:53 PM,1.34,1.67,313.1,5.974,56.762,1069.350,-1.946
22814,04/05/26 10:10:53 PM,1.34,2.00,301.8,5.789,56.828,1069.350,-2.104
22815,04/05/26 10:20:53 PM,1.34,1.67,304.7,5.630,56.907,1069.350,-2.235
22816,04/05/26 10:30:53 PM,1.34,1.67,296.2,5.242,58.720,1069.350,-2.175
22817,04/05/26 10:40:53 PM,1.00,1.67,289.2,3.861,65.451,1069.350,-2.016
22818,04/05/26 10:50:53 PM,1.67,2.34,300.4,3.330,68.069,1069.350,-1.993
22819,04/05/26 11:00:53 PM,1.00,1.67,308.9,4.751,60.450,1069.350,-2.246
22820,04/05/26 11:10:53 PM,1.34,1.67,296.2,5.113,58.978,1069.350,-2.238
22821,04/05/26 11:20:53 PM,1.34,2.34,296.2,4.815,60.195,1069.350,-2.243
22822,04/05/26 11:30:53 PM,1.00,2.00,301.8,4.062,63.326,1069.350,-2.271
22823,04/05/26 11:40:53 PM,0.67,2.00,294.8,4.000,63.204,1069.350,-2.356
22824,04/05/26 11:50:53 PM,1.67,2.34,296.2,3.877,63.647,1069.350,-2.379
22825,04/06/26 12:00:53 AM,1.00,1.67,301.8,4.223,62.506,1069.350,-2.294
22826,04/06/26 12:10:53 AM,1.67,2.34,262.5,3.121,66.651,1069.350,-2.477
22827,04/06/26 12:20:53 AM,2.00,2.34,276.6,2.325,70.619,1069.350,-2.461
22828,04/06/26 12:30:53 AM,1.67,2.34,301.8,3.067,66.371,1069.350,-2.586
22829,04/06/26 12:40:53 AM,1.00,2.00,303.2,3.440,65.371,1069.350,-2.434
22830,04/06/26 12:50:53 AM,1.00,1.67,290.6,2.797,67.300,1069.350,-2.657
22831,04/06/26 01:00:53 AM,0.00,0.00,280.8,2.121,69.503,1069.350,-2.871
22832,04/06/26 01:10:53 AM,0.00,0.00,280.8,1.898,70.597,1069.350,-2.876
22833,04/06/26 01:20:53 AM,0.67,1.34,300.4,1.756,71.128,1069.350,-2.912
22834,04/06/26 01:30:53 AM,1.00,1.34,303.2,2.156,68.876,1069.350,-2.960
22835,04/06/26 01:40:53 AM,1.34,2.34,296.2,2.322,68.107,1069.350,-2.951
22836,04/06/26 01:50:53 AM,2.00,3.01,287.8,2.110,68.922,1069.350,-2.995
22837,04/06/26 02:00:53 AM,1.34,2.34,299.0,2.212,68.650,1069.350,-2.950
22838,04/06/26 02:10:53 AM,0.33,1.00,300.4,2.204,68.418,1069.350,-3.003
22839,04/06/26 02:20:53 AM,0.00,0.33,300.4,2.153,68.594,1069.350,-3.017
22840,04/06/26 02:30:53 AM,0.67,1.67,300.4,1.861,69.442,1069.350,-3.133
22841,04/06/26 02:40:53 AM,1.00,1.34,300.4,1.609,70.445,1069.350,-3.183
22842,04/06/26 02:50:53 AM,1.34,2.00,297.6,2.011,68.717,1069.350,-3.130
22843,04/06/26 03:00:53 AM,1.34,2.00,294.8,1.311,70.809,1069.350,-3.401
22844,04/06/26 03:10:53 AM,1.00,2.34,297.6,1.402,70.536,1069.350,-3.365
22845,04/06/26 03:20:53 AM,1.67,2.67,299.0,1.507,70.674,1069.350,-3.238
22846,04/06/26 03:30:53 AM,1.67,3.01,290.6,1.864,69.181,1069.350,-3.180
22847,04/06/26 03:40:53 AM,1.67,2.34,269.6,0.721,72.915,1069.350,-3.578
22848,04/06/26 03:50:53 AM,2.00,2.34,259.7,1.094,71.473,1069.350,-3.485
22849,04/06/26 04:00:53 AM,2.00,2.67,282.2,1.343,70.245,1069.350,-3.477
22850,04/06/26 04:10:53 AM,1.34,2.67,290.6,1.577,69.059,1069.350,-3.480
22851,04/06/26 04:20:53 AM,1.34,2.34,283.6,1.445,69.239,1069.350,-3.571
22852,04/06/26 04:30:53 AM,1.67,2.34,263.9,1.099,70.536,1069.350,-3.656
22853,04/06/26 04:40:53 AM,1.67,2.34,280.8,1.574,68.627,1069.350,-3.566
22854,04/06/26 04:50:53 AM,1.34,2.00,308.9,0.759,70.802,1069.350,-3.933
22855,04/06/26 05:00:53 AM,0.67,1.67,304.7,0.888,70.405,1069.350,-3.884
22856,04/06/26 05:10:53 AM,1.00,1.67,283.6,1.346,68.989,1069.350,-3.715
22857,04/06/26 05:20:53 AM,1.34,2.00,276.6,0.585,71.611,1069.350,-3.950
22858,04/06/26 05:30:53 AM,0.67,1.34,317.3,0.175,72.860,1069.350,-4.115
22859,04/06/26 05:40:53 AM,0.33,1.34,322.9,0.469,71.543,1069.350,-4.074
22860,04/06/26 05:50:53 AM,1.00,2.00,314.5,-0.024,73.104,1069.350,-4.263
22861,04/06/26 06:00:53 AM,1.67,2.34,297.6,-0.045,73.822,1069.350,-4.154
22862,04/06/26 06:10:53 AM,1.00,1.67,292.0,0.504,71.307,1069.350,-4.084
22863,04/06/26 06:20:53 AM,0.33,1.34,292.0,0.612,70.785,1069.350,-4.078
22864,04/06/26 06:30:53 AM,1.34,2.00,296.2,0.445,72.016,1069.350,-4.010
22865,04/06/26 06:40:53 AM,0.33,1.00,297.6,0.309,72.370,1069.350,-4.076
22866,04/06/26 06:50:53 AM,0.33,1.34,297.6,0.161,72.551,1069.350,-4.185
22867,04/06/26 07:00:53 AM,0.33,1.67,299.0,-0.397,74.240,1069.350,-4.419
22868,04/06/26 07:10:53 AM,1.00,1.67,303.2,-0.198,74.476,1069.350,-4.185
22869,04/06/26 07:20:53 AM,0.67,1.34,311.7,-0.077,74.107,1069.350,-4.133
22870,04/06/26 07:30:53 AM,1.00,1.67,318.7,0.402,72.517,1069.350,-3.959
22871,04/06/26 07:40:53 AM,0.33,1.00,329.9,0.539,72.999,1069.350,-3.738
22872,04/06/26 07:50:53 AM,0.33,1.00,329.9,1.445,71.197,1069.350,-3.199
22873,04/06/26 08:00:53 AM,0.00,0.33,329.9,2.067,71.214,1069.350,-2.596
22874,04/06/26 08:10:53 AM,0.00,0.00,329.9,2.703,71.809,1069.350,-1.871
22875,04/06/26 08:20:53 AM,0.00,0.33,329.9,3.676,69.026,1069.350,-1.472
22876,04/06/26 08:30:53 AM,0.00,0.67,329.9,5.260,64.004,1069.350,-0.988
22877,04/06/26 08:40:53 AM,0.00,0.67,329.9,6.885,61.109,1069.350,-0.082
22878,04/06/26 08:50:53 AM,0.33,1.00,16.8,8.024,61.674,1069.350,1.123
22879,04/06/26 09:00:53 AM,0.33,1.00,126.4,8.357,58.528,1069.350,0.710
22880,04/06/26 09:10:53 AM,0.33,1.00,150.2,9.402,53.513,1069.350,0.449
22881,04/06/26 09:20:53 AM,0.67,1.67,144.6,10.260,56.217,1069.350,1.934
22882,04/06/26 09:30:53 AM,0.67,1.67,124.9,11.022,53.165,1069.350,1.864
22883,04/06/26 09:40:53 AM,0.67,1.67,95.5,11.853,50.236,1069.350,1.841
22884,04/06/26 09:50:53 AM,0.33,1.34,106.7,12.840,45.689,1069.350,1.423
22885,04/06/26 10:00:53 AM,0.33,1.34,46.3,13.730,41.646,1069.350,0.943
22886,04/06/26 10:10:53 AM,0.67,1.67,116.5,14.118,42.650,1069.350,1.625
22887,04/06/26 10:20:53 AM,0.67,1.67,144.6,14.692,41.530,1069.350,1.771
22888,04/06/26 10:30:53 AM,1.00,2.67,148.8,14.496,41.521,1069.350,1.592
22889,04/06/26 10:40:53 AM,1.00,2.67,134.8,14.719,40.122,1069.350,1.315
22890,04/06/26 10:50:53 AM,1.00,2.67,136.2,15.156,39.194,1069.350,1.381
22891,04/06/26 11:00:53 AM,1.00,2.67,110.9,16.105,37.365,1069.350,1.562
22892,04/06/26 11:10:53 AM,1.34,2.67,132.0,16.062,37.195,1069.350,1.460
22893,04/06/26 11:20:53 AM,1.67,3.01,136.2,16.100,36.172,1069.350,1.106
22894,04/06/26 11:30:53 AM,1.00,3.01,115.1,16.252,35.869,1069.350,1.124
22895,04/06/26 11:40:53 AM,1.34,2.34,150.2,16.805,35.010,1069.350,1.276
22896,04/06/26 11:50:53 AM,1.34,3.34,85.6,17.344,34.142,1069.350,1.401
22897,04/06/26 12:00:53 PM,1.34,3.34,116.5,17.692,33.741,1069.350,1.543
22898,04/06/26 12:10:53 PM,1.34,3.01,108.1,17.805,33.136,1069.350,1.390
22899,04/06/26 12:20:53 PM,0.67,2.67,63.2,18.697,32.399,1069.350,1.857
22900,04/06/26 12:30:53 PM,2.00,5.01,279.4,18.561,31.562,1069.350,1.373
22901,04/06/26 12:40:53 PM,1.67,7.01,306.1,18.773,31.258,1069.350,1.423
22902,04/06/26 12:50:53 PM,3.34,6.01,290.6,18.563,31.579,1069.350,1.382
22903,04/06/26 01:00:53 PM,3.34,6.68,275.2,18.730,31.548,1069.350,1.514
22904,04/06/26 01:10:53 PM,2.67,6.35,276.6,18.756,31.273,1069.350,1.415
22905,04/06/26 01:20:53 PM,3.01,6.01,262.5,19.008,31.897,1069.350,1.910
22906,04/06/26 01:30:53 PM,4.01,6.35,258.3,19.065,31.865,1069.350,1.946
22907,04/06/26 01:40:53 PM,3.67,6.68,268.1,18.877,31.098,1069.350,1.442
22908,04/06/26 01:50:53 PM,4.01,6.68,282.2,18.920,31.426,1069.350,1.626
22909,04/06/26 02:00:53 PM,3.34,7.01,272.4,18.990,31.930,1069.350,1.909
22910,04/06/26 02:10:53 PM,4.68,8.02,266.7,19.075,31.453,1069.350,1.773
22911,04/06/26 02:20:53 PM,3.67,7.35,265.3,18.853,32.406,1069.350,1.997
22912,04/06/26 02:30:53 PM,4.68,7.01,256.9,19.089,31.269,1069.350,1.703
22913,04/06/26 02:40:53 PM,3.67,8.02,271.0,19.124,31.191,1069.350,1.699
22914,04/06/26 02:50:53 PM,4.01,7.35,261.1,19.301,30.834,1069.350,1.692
22915,04/06/26 03:00:53 PM,4.34,7.68,252.7,19.719,30.025,1069.350,1.683
22916,04/06/26 03:10:53 PM,4.68,7.68,252.7,19.277,30.144,1069.350,1.356
22917,04/06/26 03:20:53 PM,5.01,8.68,249.9,19.419,29.889,1069.350,1.360
22918,04/06/26 03:30:53 PM,5.34,7.68,255.5,19.424,28.513,1069.350,0.710
22919,04/06/26 03:40:53 PM,4.68,7.01,268.1,19.328,28.997,1069.350,0.861
22920,04/06/26 03:50:53 PM,4.01,6.68,265.3,19.708,30.016,1069.350,1.670
22921,04/06/26 04:00:53 PM,5.01,8.68,272.4,19.427,29.445,1069.350,1.159
22922,04/06/26 04:10:53 PM,5.34,8.35,276.6,19.199,29.163,1069.350,0.829
22923,04/06/26 04:20:53 PM,5.68,8.35,259.7,19.247,29.419,1069.350,0.991
22924,04/06/26 04:30:53 PM,4.34,7.01,272.4,19.636,30.101,1069.350,1.647
22925,04/06/26 04:40:53 PM,4.68,7.68,268.1,19.521,30.387,1069.350,1.679
22926,04/06/26 04:50:53 PM,5.34,7.68,286.4,19.172,29.989,1069.350,1.193
22927,04/06/26 05:00:53 PM,5.01,8.02,271.0,19.172,30.378,1069.350,1.372
22928,04/06/26 05:10:53 PM,5.68,9.02,276.6,19.067,29.418,1069.350,0.835
22929,04/06/26 05:20:53 PM,5.01,8.02,275.2,19.220,28.939,1069.350,0.740
22930,04/06/26 05:30:53 PM,5.68,9.68,261.1,19.183,28.295,1069.350,0.397
22931,04/06/26 05:40:53 PM,5.68,8.02,262.5,18.815,28.614,1069.350,0.235
22932,04/06/26 05:50:53 PM,5.01,7.35,259.7,18.807,29.293,1069.350,0.552
22933,04/06/26 06:00:53 PM,5.34,7.68,263.9,18.738,27.771,1069.350,-0.243
22934,04/06/26 06:10:53 PM,4.68,7.35,268.1,18.727,26.917,1069.350,-0.681
22935,04/06/26 06:20:53 PM,4.34,8.02,275.2,18.657,27.457,1069.350,-0.469
22936,04/06/26 06:30:53 PM,4.34,6.35,262.5,18.483,28.486,1069.350,-0.113
22937,04/06/26 06:40:53 PM,4.34,6.35,265.3,18.263,28.777,1069.350,-0.163
22938,04/06/26 06:50:53 PM,4.34,6.35,275.2,18.025,29.023,1069.350,-0.251
22939,04/06/26 07:00:53 PM,4.34,6.35,268.1,17.628,29.877,1069.350,-0.196
22940,04/06/26 07:10:53 PM,4.01,6.01,263.9,17.306,30.471,1069.350,-0.205
22941,04/06/26 07:20:53 PM,4.01,6.35,266.7,16.893,32.146,1069.350,0.171
22942,04/06/26 07:30:53 PM,3.67,5.01,271.0,16.424,33.742,1069.350,0.429
22943,04/06/26 07:40:53 PM,3.01,4.34,266.7,15.271,37.153,1069.350,0.741
22944,04/06/26 07:50:53 PM,2.67,3.67,276.6,14.051,39.762,1069.350,0.590
22945,04/06/26 08:00:53 PM,2.67,4.01,275.2,13.378,41.054,1069.350,0.427
22946,04/06/26 08:10:53 PM,3.01,4.01,272.4,12.344,43.569,1069.350,0.313
22947,04/06/26 08:20:53 PM,2.67,3.34,272.4,11.807,44.662,1069.350,0.167
22948,04/06/26 08:30:53 PM,3.01,4.34,273.8,11.789,44.381,1069.350,0.064
22949,04/06/26 08:40:53 PM,3.34,4.68,275.2,11.890,43.983,1069.350,0.031
22950,04/06/26 08:50:53 PM,3.01,4.34,273.8,11.770,44.399,1069.350,0.052
22951,04/06/26 09:00:53 PM,2.67,3.67,283.6,11.730,44.791,1069.350,0.136
22952,04/06/26 09:10:53 PM,2.34,3.67,292.0,11.164,46.647,1069.350,0.179
22953,04/06/26 09:20:53 PM,2.34,3.67,286.4,11.113,47.515,1069.350,0.387
22954,04/06/26 09:30:53 PM,2.34,3.34,297.6,10.995,48.096,1069.350,0.447
22955,04/06/26 09:40:53 PM,2.34,4.34,301.8,11.153,46.769,1069.350,0.205
22956,04/06/26 09:50:53 PM,0.33,1.67,108.1,8.845,54.223,1069.350,0.112
22957,04/06/26 10:00:53 PM,1.00,1.34,212.0,7.571,57.435,1069.350,-0.288
22958,04/06/26 10:10:53 PM,2.00,3.67,245.7,7.947,55.520,1069.350,-0.401
22959,04/06/26 10:20:53 PM,1.67,3.01,256.9,8.360,53.616,1069.350,-0.494
22960,04/06/26 10:30:53 PM,1.00,1.67,263.9,7.743,54.742,1069.350,-0.785
22961,04/06/26 10:40:53 PM,1.67,3.01,276.6,7.882,53.521,1069.350,-0.964
22962,04/06/26 10:50:53 PM,2.00,3.01,265.3,7.665,54.168,1069.350,-1.002
22963,04/06/26 11:00:53 PM,2.00,3.01,256.9,5.700,60.105,1069.350,-1.428
22964,04/06/26 11:10:53 PM,1.67,2.34,279.4,4.888,64.100,1069.350,-1.321
22965,04/06/26 11:20:53 PM,2.00,2.34,283.6,5.180,62.376,1069.350,-1.415
22966,04/06/26 11:30:53 PM,2.34,3.34,259.7,5.992,59.521,1069.350,-1.285
22967,04/06/26 11:40:53 PM,2.00,2.67,285.0,3.550,67.689,1069.350,-1.858
22968,04/06/26 11:50:53 PM,1.67,2.34,287.8,6.035,60.154,1069.350,-1.100
22969,04/07/26 12:00:53 AM,2.00,2.34,283.6,5.730,60.655,1069.350,-1.275
22970,04/07/26 12:10:53 AM,2.00,2.67,293.4,4.502,65.016,1069.350,-1.496
22971,04/07/26 12:20:53 AM,1.67,2.34,304.7,4.158,67.088,1069.350,-1.398
22972,04/07/26 12:30:53 AM,1.67,2.67,287.8,3.955,68.064,1069.350,-1.395
22973,04/07/26 12:40:53 AM,1.67,2.34,289.2,4.231,67.041,1069.350,-1.337
22974,04/07/26 12:50:53 AM,2.00,2.67,296.2,4.116,67.709,1069.350,-1.312
22975,04/07/26 01:00:53 AM,1.67,2.34,304.7,4.957,65.443,1069.350,-0.973
22976,04/07/26 01:10:53 AM,2.00,2.67,294.8,5.006,64.913,1069.350,-1.037
22977,04/07/26 01:20:53 AM,1.67,2.00,307.5,4.231,66.865,1069.350,-1.373
22978,04/07/26 01:30:53 AM,1.67,2.34,301.8,5.384,62.231,1069.350,-1.253
22979,04/07/26 01:40:53 AM,1.34,2.00,304.7,4.695,64.634,1069.350,-1.392
22980,04/07/26 01:50:53 AM,1.67,2.34,289.2,4.057,66.284,1069.350,-1.658
22981,04/07/26 02:00:53 AM,2.34,3.01,275.2,1.743,73.805,1069.350,-2.427
22982,04/07/26 02:10:53 AM,2.00,3.01,287.8,3.673,67.480,1069.350,-1.782
22983,04/07/26 02:20:53 AM,1.67,2.34,283.6,3.536,67.643,1069.350,-1.881
22984,04/07/26 02:30:53 AM,1.34,2.34,252.7,3.979,65.481,1069.350,-1.898
22985,04/07/26 02:40:53 AM,1.67,2.67,262.5,3.780,67.176,1069.350,-1.741
22986,04/07/26 02:50:53 AM,1.67,2.67,271.0,5.957,62.185,1069.350,-0.721
22987,04/07/26 03:00:53 AM,1.67,2.34,255.5,5.794,62.832,1069.350,-0.734
22988,04/07/26 03:10:53 AM,1.67,2.34,252.7,5.408,64.295,1069.350,-0.785
22989,04/07/26 03:20:53 AM,1.67,3.67,294.8,5.121,65.823,1069.350,-0.738
22990,04/07/26 03:30:53 AM,2.00,3.67,292.0,6.105,62.707,1069.350,-0.466
22991,04/07/26 03:40:53 AM,2.00,2.67,247.1,6.057,62.635,1069.350,-0.527
22992,04/07/26 03:50:53 AM,2.00,3.34,269.6,6.614,60.705,1069.350,-0.429
22993,04/07/26 04:00:53 AM,1.67,2.34,248.5,5.644,63.619,1069.350,-0.706
22994,04/07/26 04:10:53 AM,2.00,3.01,254.1,4.435,68.095,1069.350,-0.929
22995,04/07/26 04:20:53 AM,2.34,4.34,290.6,4.915,66.018,1069.350,-0.894
22996,04/07/26 04:30:53 AM,2.34,4.01,301.8,5.381,64.414,1069.350,-0.786
22997,04/07/26 04:40:53 AM,1.67,2.67,241.5,4.362,67.544,1069.350,-1.110
22998,04/07/26 04:50:53 AM,1.00,2.67,279.4,4.352,67.765,1069.350,-1.075
22999,04/07/26 05:00:53 AM,1.34,3.01,294.8,4.904,66.116,1069.350,-0.884
23000,04/07/26 05:10:53 AM,1.34,3.34,242.9,4.502,67.195,1069.350,-1.047
23001,04/07/26 05:20:53 AM,1.34,2.34,265.3,4.553,67.411,1069.350,-0.954
23002,04/07/26 05:30:53 AM,1.67,2.67,271.0,5.231,65.118,1069.350,-0.780
23003,04/07/26 05:40:53 AM,1.67,3.01,241.5,4.606,66.975,1069.350,-0.992
23004,04/07/26 05:50:53 AM,1.34,2.67,234.5,3.676,70.198,1069.350,-1.243
23005,04/07/26 06:00:53 AM,1.00,2.00,262.5,4.311,68.074,1069.350,-1.052
23006,04/07/26 06:10:53 AM,1.67,2.67,248.5,4.260,68.463,1069.350,-1.024
23007,04/07/26 06:20:53 AM,2.00,3.01,248.5,3.461,70.919,1069.350,-1.310
23008,04/07/26 06:30:53 AM,1.67,2.67,256.9,2.778,73.521,1069.350,-1.479
23009,04/07/26 06:40:53 AM,1.67,3.34,269.6,3.805,70.231,1069.350,-1.112
23010,04/07/26 06:50:53 AM,2.34,4.68,280.8,4.427,67.445,1069.350,-1.068
23011,04/07/26 07:00:53 AM,2.34,4.34,263.9,4.866,66.160,1069.350,-0.911
23012,04/07/26 07:10:53 AM,2.34,4.01,283.6,5.156,64.741,1069.350,-0.931
23013,04/07/26 07:20:53 AM,1.67,3.34,252.7,4.287,68.229,1069.350,-1.044
23014,04/07/26 07:30:53 AM,2.00,4.01,269.6,5.059,65.986,1069.350,-0.763
23015,04/07/26 07:40:53 AM,4.01,7.01,294.8,5.842,63.543,1069.350,-0.534
23016,04/07/26 07:50:53 AM,4.01,6.68,287.8,7.212,59.202,1069.350,-0.209
23017,04/07/26 08:00:53 AM,1.67,2.67,249.9,7.226,61.054,1069.350,0.228
23018,04/07/26 08:10:53 AM,2.00,3.34,248.5,6.984,63.236,1069.350,0.484
23019,04/07/26 08:20:53 AM,1.67,3.01,251.3,7.022,63.072,1069.350,0.484
23020,04/07/26 08:30:53 AM,1.67,4.01,247.1,7.815,62.574,1069.350,1.126
23021,04/07/26 08:40:53 AM,2.67,5.34,303.2,9.078,58.434,1069.350,1.366
23022,04/07/26 08:50:53 AM,4.01,5.34,318.7,9.901,55.761,1069.350,1.485
23023,04/07/26 09:00:53 AM,3.67,5.01,315.9,10.754,54.055,1069.350,1.847
23024,04/07/26 09:10:53 AM,3.34,4.68,308.9,11.234,53.144,1069.350,2.056
23025,04/07/26 09:20:53 AM,3.01,4.34,301.8,11.641,53.060,1069.350,2.411
23026,04/07/26 09:30:53 AM,3.01,4.68,289.2,13.223,48.162,1069.350,2.511
23027,04/07/26 09:40:53 AM,3.34,5.01,269.6,13.815,45.167,1069.350,2.151
23028,04/07/26 09:50:53 AM,4.01,5.68,262.5,13.982,44.645,1069.350,2.140
23029,04/07/26 10:00:53 AM,3.67,5.34,258.3,14.941,42.733,1069.350,2.396
23030,04/07/26 10:10:53 AM,3.67,5.34,256.9,14.630,42.400,1069.350,2.005
23031,04/07/26 10:20:53 AM,4.01,5.68,271.0,14.132,43.357,1069.350,1.867
23032,04/07/26 10:30:53 AM,4.68,7.01,271.0,14.834,43.571,1069.350,2.572
23033,04/07/26 10:40:53 AM,5.34,7.68,262.5,15.282,43.047,1069.350,2.808
23034,04/07/26 10:50:53 AM,5.01,7.35,266.7,15.486,43.435,1069.350,3.119
23035,04/07/26 11:00:53 AM,5.01,7.68,272.4,15.912,42.675,1069.350,3.255
23036,04/07/26 11:10:53 AM,5.34,9.35,272.4,16.161,41.749,1069.350,3.170
23037,04/07/26 11:20:53 AM,5.68,8.35,266.7,15.767,41.781,1069.350,2.825
23038,04/07/26 11:30:53 AM,5.68,8.68,269.6,15.743,44.515,1069.350,3.700
23039,04/07/26 11:40:53 AM,6.01,9.35,278.0,16.255,45.127,1069.350,4.360
23040,04/07/26 11:50:53 AM,6.01,9.02,276.6,16.558,45.890,1069.350,4.876
23041,04/07/26 12:00:53 PM,7.35,10.35,269.6,15.917,47.199,1069.350,4.693
23042,04/07/26 12:10:53 PM,7.35,11.02,290.6,15.748,47.883,1069.350,4.744
23043,04/07/26 12:20:53 PM,6.35,11.02,287.8,16.177,47.817,1069.350,5.118
23044,04/07/26 12:30:53 PM,6.01,9.02,273.8,16.588,46.949,1069.350,5.231
23045,04/07/26 12:40:53 PM,6.68,10.35,286.4,16.118,46.851,1069.350,4.771
23046,04/07/26 12:50:53 PM,6.35,10.02,278.0,15.829,47.170,1069.350,4.604
23047,04/07/26 01:00:53 PM,7.35,12.36,282.2,15.703,46.256,1069.350,4.209
23048,04/07/26 01:10:53 PM,7.01,13.02,283.6,16.218,45.414,1069.350,4.417
23049,04/07/26 01:20:53 PM,7.01,11.02,268.1,15.797,42.805,1069.350,3.194
23050,04/07/26 01:30:53 PM,7.68,11.69,259.7,16.494,38.206,1069.350,2.220
23051,04/07/26 01:40:53 PM,7.68,11.35,255.5,16.405,42.422,1069.350,3.616
23052,04/07/26 01:50:53 PM,7.68,12.69,262.5,16.277,41.134,1069.350,3.065
23053,04/07/26 02:00:53 PM,8.02,11.69,271.0,15.818,36.629,1069.350,1.030
23054,04/07/26 02:10:53 PM,7.35,11.35,271.0,16.003,37.119,1069.350,1.379
23055,04/07/26 02:20:53 PM,6.68,10.35,269.6,16.539,38.396,1069.350,2.330
23056,04/07/26 02:30:53 PM,6.68,10.02,276.6,16.681,38.402,1069.350,2.459
23057,04/07/26 02:40:53 PM,7.01,11.35,283.6,16.496,34.723,1069.350,0.889
23058,04/07/26 02:50:53 PM,7.01,11.02,273.8,16.647,35.892,1069.350,1.483
23059,04/07/26 03:00:53 PM,7.35,11.35,268.1,16.706,34.278,1069.350,0.895
23060,04/07/26 03:10:53 PM,6.68,10.02,287.8,16.676,33.614,1069.350,0.598
23061,04/07/26 03:20:53 PM,6.01,9.68,263.9,16.963,33.371,1069.350,0.749
23062,04/07/26 03:30:53 PM,5.68,9.02,271.0,17.110,32.218,1069.350,0.392
23063,04/07/26 03:40:53 PM,6.01,9.02,258.3,17.435,30.886,1069.350,0.093
23064,04/07/26 03:50:53 PM,6.68,12.36,263.9,17.086,29.825,1069.350,-0.690
23065,04/07/26 04:00:53 PM,6.68,11.69,256.9,17.499,29.651,1069.350,-0.412
23066,04/07/26 04:10:53 PM,8.02,12.36,256.9,16.963,29.905,1069.350,-0.760
23067,04/07/26 04:20:53 PM,7.35,11.35,263.9,16.427,28.836,1069.350,-1.719
23068,04/07/26 04:30:53 PM,6.35,9.68,255.5,15.773,30.658,1069.350,-1.454
23069,04/07/26 04:40:53 PM,6.01,9.02,265.3,16.834,31.121,1069.350,-0.326
23070,04/07/26 04:50:53 PM,7.35,12.02,268.1,16.971,28.388,1069.350,-1.463
23071,04/07/26 05:00:53 PM,7.01,10.35,268.1,17.030,30.314,1069.350,-0.516
23072,04/07/26 05:10:53 PM,7.68,11.69,272.4,16.813,30.109,1069.350,-0.797
23073,04/07/26 05:20:53 PM,6.35,9.35,273.8,16.931,31.093,1069.350,-0.254
23074,04/07/26 05:30:53 PM,6.01,9.68,271.0,16.226,30.665,1069.350,-1.057
23075,04/07/26 05:40:53 PM,6.35,9.02,265.3,15.676,31.852,1069.350,-1.018
23076,04/07/26 05:50:53 PM,5.34,9.35,266.7,15.451,32.750,1069.350,-0.836
23077,04/07/26 06:00:53 PM,6.35,9.35,263.9,15.019,34.278,1069.350,-0.592
23078,04/07/26 06:10:53 PM,6.01,8.68,272.4,14.869,35.013,1069.350,-0.433
23079,04/07/26 06:20:53 PM,5.34,8.68,271.0,15.258,35.109,1069.350,-0.052
23080,04/07/26 06:30:53 PM,4.68,7.68,266.7,15.151,35.790,1069.350,0.118
23081,04/07/26 06:40:53 PM,4.34,7.01,276.6,14.966,36.121,1069.350,0.081
23082,04/07/26 06:50:53 PM,3.67,7.01,273.8,14.719,37.180,1069.350,0.260
23083,04/07/26 07:00:53 PM,3.01,5.34,276.6,14.456,38.149,1069.350,0.380
23084,04/07/26 07:10:53 PM,3.67,6.01,279.4,14.268,38.695,1069.350,0.409
23085,04/07/26 07:20:53 PM,4.01,5.68,283.6,13.998,38.978,1069.350,0.268
23086,04/07/26 07:30:53 PM,2.67,4.68,283.6,13.939,39.881,1069.350,0.531
23087,04/07/26 07:40:53 PM,2.00,4.34,289.2,13.569,40.499,1069.350,0.411
23088,04/07/26 07:50:53 PM,1.67,3.34,283.6,13.027,41.410,1069.350,0.230
23089,04/07/26 08:00:53 PM,1.67,2.67,286.4,12.067,43.507,1069.350,0.042
23090,04/07/26 08:10:53 PM,1.67,3.01,293.4,11.024,45.570,1069.350,-0.270
23091,04/07/26 08:20:53 PM,1.34,2.67,269.6,10.271,46.963,1069.350,-0.545
23092,04/07/26 08:30:53 PM,0.67,1.67,268.1,10.274,46.563,1069.350,-0.660
23093,04/07/26 08:40:53 PM,1.34,2.00,99.7,8.998,50.480,1069.350,-0.728
23094,04/07/26 08:50:53 PM,1.67,2.67,342.6,8.268,51.431,1069.350,-1.149
23095,04/07/26 09:00:53 PM,1.00,2.67,336.9,6.979,55.769,1069.350,-1.245
23096,04/07/26 09:10:53 PM,0.33,1.00,209.2,7.553,54.014,1069.350,-1.145
23097,04/07/26 09:20:53 PM,0.67,2.34,315.9,7.212,54.714,1069.350,-1.287
23098,04/07/26 09:30:53 PM,0.33,1.67,198.0,6.402,57.656,1069.350,-1.333
23099,04/07/26 09:40:53 PM,0.67,1.67,336.9,6.226,58.521,1069.350,-1.295
23100,04/07/26 09:50:53 PM,0.33,1.00,7.0,6.553,57.397,1069.350,-1.252
23101,04/07/26 10:00:53 PM,0.00,0.00,14.0,6.078,58.833,1069.350,-1.362
23102,04/07/26 10:10:53 PM,0.00,1.00,355.2,6.008,59.252,1069.350,-1.332
23103,04/07/26 10:20:53 PM,0.33,1.00,2.8,5.957,59.770,1069.350,-1.261
23104,04/07/26 10:30:53 PM,0.33,1.67,185.3,5.435,61.007,1069.350,-1.475
23105,04/07/26 10:40:53 PM,0.67,2.00,248.5,5.282,62.008,1069.350,-1.399
23106,04/07/26 10:50:53 PM,1.00,2.00,256.9,5.306,61.706,1069.350,-1.443
23107,04/07/26 11:00:53 PM,1.34,2.00,265.3,4.226,64.988,1069.350,-1.765
23108,04/07/26 11:10:53 PM,1.34,2.00,289.2,3.746,66.696,1069.350,-1.871
23109,04/07/26 11:20:53 PM,1.00,1.67,294.8,4.512,64.430,1069.350,-1.609
23110,04/07/26 11:30:53 PM,0.33,1.00,278.0,4.982,62.641,1069.350,-1.545
23111,04/07/26 11:40:53 PM,1.34,2.34,278.0,4.402,63.957,1069.350,-1.814
23112,04/07/26 11:50:53 PM,1.67,2.00,296.2,4.494,63.960,1069.350,-1.726
23113,04/08/26 12:00:53 AM,1.34,2.00,292.0,4.898,62.701,1069.350,-1.612
23114,04/08/26 12:10:53 AM,1.34,1.67,306.1,4.545,63.392,1069.350,-1.798
23115,04/08/26 12:20:53 AM,1.67,2.34,297.6,5.563,60.069,1069.350,-1.565
23116,04/08/26 12:30:53 AM,1.67,2.34,290.6,3.923,64.689,1069.350,-2.116
23117,04/08/26 12:40:53 AM,1.67,2.67,308.9,4.137,64.388,1069.350,-1.975
23118,04/08/26 12:50:53 AM,1.34,2.00,318.7,4.730,63.272,1069.350,-1.648
23119,04/08/26 01:00:53 AM,1.67,2.00,300.4,5.756,60.060,1069.350,-1.385
23120,04/08/26 01:10:53 AM,2.00,3.01,271.0,6.105,58.248,1069.350,-1.473
23121,04/08/26 01:20:53 AM,2.34,2.67,280.8,3.579,66.197,1069.350,-2.132
23122,04/08/26 01:30:53 AM,2.34,3.34,272.4,4.663,63.490,1069.350,-1.665
23123,04/08/26 01:40:53 AM,2.34,3.01,271.0,4.531,63.665,1069.350,-1.753
23124,04/08/26 01:50:53 AM,2.34,3.01,272.4,4.826,62.620,1069.350,-1.698
23125,04/08/26 02:00:53 AM,1.67,2.34,290.6,3.724,65.986,1069.350,-2.037
23126,04/08/26 02:10:53 AM,2.00,3.34,273.8,3.558,66.093,1069.350,-2.173
23127,04/08/26 02:20:53 AM,2.34,3.34,275.2,2.314,70.535,1069.350,-2.488
23128,04/08/26 02:30:53 AM,2.00,2.34,282.2,2.813,69.331,1069.350,-2.240
23129,04/08/26 02:40:53 AM,2.00,2.67,278.0,2.569,69.560,1069.350,-2.430
23130,04/08/26 02:50:53 AM,2.00,2.67,286.4,3.022,67.971,1069.350,-2.307
23131,04/08/26 03:00:53 AM,2.00,2.67,278.0,3.657,65.568,1069.350,-2.187
23132,04/08/26 03:10:53 AM,2.00,2.67,275.2,3.279,66.192,1069.350,-2.420
23133,04/08/26 03:20:53 AM,2.00,2.67,285.0,1.813,71.165,1069.350,-2.850
23134,04/08/26 03:30:53 AM,1.67,2.67,289.2,2.341,69.256,1069.350,-2.708
23135,04/08/26 03:40:53 AM,1.67,2.34,286.4,1.842,71.130,1069.350,-2.829
23136,04/08/26 03:50:53 AM,2.00,3.01,266.7,2.890,67.189,1069.350,-2.590
23137,04/08/26 04:00:53 AM,2.34,3.34,262.5,1.351,72.013,1069.350,-3.136
23138,04/08/26 04:10:53 AM,2.67,3.67,266.7,1.984,70.289,1069.350,-2.852
23139,04/08/26 04:20:53 AM,2.34,3.34,278.0,1.223,71.995,1069.350,-3.263
23140,04/08/26 04:30:53 AM,2.00,2.67,280.8,2.250,68.321,1069.350,-2.978
23141,04/08/26 04:40:53 AM,2.00,3.01,276.6,2.630,66.146,1069.350,-3.049
23142,04/08/26 04:50:53 AM,2.67,3.34,269.6,3.156,63.882,1069.350,-3.015
23143,04/08/26 05:00:53 AM,2.34,3.01,283.6,3.078,63.638,1069.350,-3.140
23144,04/08/26 05:10:53 AM,2.00,2.67,290.6,2.925,63.740,1069.350,-3.264
23145,04/08/26 05:20:53 AM,2.34,3.34,287.8,3.601,60.598,1069.350,-3.300
23146,04/08/26 05:30:53 AM,2.67,3.67,282.2,4.394,57.368,1069.350,-3.286
23147,04/08/26 05:40:53 AM,2.67,4.01,269.6,4.419,56.802,1069.350,-3.395
23148,04/08/26 05:50:53 AM,2.34,3.01,271.0,3.890,58.149,1069.350,-3.579
23149,04/08/26 06:00:53 AM,2.00,2.67,265.3,3.665,58.033,1069.350,-3.817
23150,04/08/26 06:10:53 AM,2.00,3.01,262.5,2.579,61.370,1069.350,-4.098
23151,04/08/26 06:20:53 AM,2.00,3.01,266.7,2.582,61.169,1069.350,-4.139
23152,04/08/26 06:30:53 AM,0.67,1.67,279.4,2.424,61.485,1069.350,-4.220
23153,04/08/26 06:40:53 AM,0.67,1.67,189.5,1.126,65.814,1069.350,-4.551
23154,04/08/26 06:50:53 AM,0.33,1.67,186.7,0.129,71.470,1069.350,-4.415
23155,04/08/26 07:00:53 AM,0.33,1.00,275.2,0.909,69.454,1069.350,-4.045
23156,04/08/26 07:10:53 AM,1.67,3.01,231.6,2.081,65.594,1069.350,-3.685
23157,04/08/26 07:20:53 AM,1.34,2.34,245.7,2.593,63.716,1069.350,-3.585
23158,04/08/26 07:30:53 AM,1.00,2.00,268.1,2.295,64.820,1069.350,-3.639
23159,04/08/26 07:40:53 AM,1.00,1.67,297.6,3.014,62.765,1069.350,-3.386
23160,04/08/26 07:50:53 AM,1.34,2.00,304.7,3.772,61.483,1069.350,-2.944
23161,04/08/26 08:00:53 AM,1.67,2.34,296.2,4.427,62.232,1069.350,-2.160
23162,04/08/26 08:10:53 AM,1.67,2.67,256.9,5.923,56.915,1069.350,-1.958
23163,04/08/26 08:20:53 AM,1.00,2.34,241.5,7.113,54.734,1069.350,-1.375
23164,04/08/26 08:30:53 AM,1.34,2.34,256.9,8.091,51.815,1069.350,-1.211
23165,04/08/26 08:40:53 AM,2.34,3.67,283.6,8.931,47.727,1069.350,-1.554
23166,04/08/26 08:50:53 AM,2.00,3.01,285.0,9.445,47.948,1069.350,-1.019
23167,04/08/26 09:00:53 AM,3.01,4.68,268.1,9.998,46.070,1069.350,-1.058
23168,04/08/26 09:10:53 AM,4.01,6.35,268.1,10.196,44.082,1069.350,-1.478
23169,04/08/26 09:20:53 AM,4.34,7.35,261.1,10.475,43.076,1069.350,-1.538
23170,04/08/26 09:30:53 AM,5.01,7.01,263.9,10.944,40.591,1069.350,-1.920
23171,04/08/26 09:40:53 AM,4.34,6.01,266.7,10.971,40.107,1069.350,-2.058
23172,04/08/26 09:50:53 AM,4.34,6.68,272.4,10.818,39.471,1069.350,-2.412
23173,04/08/26 10:00:53 AM,4.68,7.01,272.4,11.306,37.647,1069.350,-2.612
23174,04/08/26 10:10:53 AM,4.68,7.35,271.0,12.100,34.705,1069.350,-3.001
23175,04/08/26 10:20:53 AM,4.34,6.68,268.1,12.437,33.606,1069.350,-3.135
23176,04/08/26 10:30:53 AM,5.01,7.68,258.3,12.598,31.518,1069.350,-3.851
23177,04/08/26 10:40:53 AM,5.34,8.02,265.3,12.571,30.370,1069.350,-4.367
23178,04/08/26 10:50:53 AM,5.34,7.68,266.7,12.636,29.520,1069.350,-4.687
23179,04/08/26 11:00:53 AM,5.68,8.35,263.9,12.507,28.817,1069.350,-5.117
23180,04/08/26 11:10:53 AM,5.01,7.68,266.7,12.794,29.151,1069.350,-4.716
23181,04/08/26 11:20:53 AM,5.34,8.02,261.1,13.220,28.559,1069.350,-4.619
23182,04/08/26 11:30:53 AM,5.01,7.35,266.7,13.494,28.759,1069.350,-4.290
23183,04/08/26 11:40:53 AM,4.34,6.68,262.5,13.692,27.846,1069.350,-4.547
23184,04/08/26 11:50:53 AM,4.34,6.35,266.7,13.837,28.429,1069.350,-4.147
23185,04/08/26 12:00:53 PM,4.34,6.35,252.7,14.145,28.916,1069.350,-3.654
23186,04/08/26 12:10:53 PM,4.34,6.68,256.9,14.470,28.685,1069.350,-3.480
23187,04/08/26 12:20:53 PM,4.34,7.01,263.9,14.346,29.183,1069.350,-3.358
23188,04/08/26 12:30:53 PM,4.68,7.35,265.3,14.453,28.290,1069.350,-3.680
23189,04/08/26 12:40:53 PM,4.34,7.68,252.7,14.711,28.385,1069.350,-3.413
23190,04/08/26 12:50:53 PM,5.01,7.35,273.8,14.451,27.494,1069.350,-4.062
23191,04/08/26 01:00:53 PM,5.01,8.68,271.0,14.711,25.869,1069.350,-4.647
23192,04/08/26 01:10:53 PM,4.68,7.68,263.9,15.057,27.051,1069.350,-3.758
23193,04/08/26 01:20:53 PM,5.34,7.68,271.0,14.936,26.421,1069.350,-4.175
23194,04/08/26 01:30:53 PM,4.34,6.68,271.0,15.038,28.734,1069.350,-2.967
23195,04/08/26 01:40:53 PM,5.34,9.02,249.9,14.888,29.345,1069.350,-2.814
23196,04/08/26 01:50:53 PM,5.01,9.35,256.9,15.370,30.134,1069.350,-2.038
23197,04/08/26 02:00:53 PM,5.34,9.68,261.1,15.786,28.714,1069.350,-2.330
23198,04/08/26 02:10:53 PM,5.01,8.68,265.3,15.569,26.929,1069.350,-3.379
23199,04/08/26 02:20:53 PM,5.01,9.35,275.2,15.448,26.653,1069.350,-3.621
23200,04/08/26 02:30:53 PM,5.01,8.68,268.1,15.641,25.626,1069.350,-3.979
23201,04/08/26 02:40:53 PM,5.34,8.35,252.7,15.783,24.012,1069.350,-4.722
23202,04/08/26 02:50:53 PM,6.01,9.35,254.1,15.523,23.128,1069.350,-5.436
23203,04/08/26 03:00:53 PM,6.35,9.68,256.9,15.561,22.113,1069.350,-5.992
23204,04/08/26 03:10:53 PM,6.01,10.02,258.3,15.596,22.858,1069.350,-5.528
23205,04/08/26 03:20:53 PM,6.01,9.02,265.3,15.697,23.487,1069.350,-5.086
23206,04/08/26 03:30:53 PM,5.34,8.35,261.1,15.966,24.004,1069.350,-4.571
23207,04/08/26 03:40:53 PM,6.35,9.68,254.1,15.716,22.968,1069.350,-5.364
23208,04/08/26 03:50:53 PM,6.35,10.02,256.9,15.783,23.204,1069.350,-5.173
23209,04/08/26 04:00:53 PM,5.34,8.35,266.7,16.167,24.414,1069.350,-4.177
23210,04/08/26 04:10:53 PM,6.01,9.35,269.6,16.041,24.935,1069.350,-4.003
23211,04/08/26 04:20:53 PM,5.34,8.35,272.4,16.319,24.962,1069.350,-3.752
23212,04/08/26 04:30:53 PM,5.68,9.02,266.7,16.266,25.472,1069.350,-3.527
23213,04/08/26 04:40:53 PM,5.34,8.35,272.4,16.239,26.213,1069.350,-3.167
23214,04/08/26 04:50:53 PM,5.01,7.68,279.4,16.504,26.847,1069.350,-2.619
23215,04/08/26 05:00:53 PM,5.68,9.02,280.8,16.228,27.498,1069.350,-2.533
23216,04/08/26 05:10:53 PM,5.01,7.35,275.2,15.773,28.614,1069.350,-2.389
23217,04/08/26 05:20:53 PM,5.34,7.68,268.1,14.976,30.043,1069.350,-2.421
23218,04/08/26 05:30:53 PM,4.68,6.68,259.7,15.204,30.938,1069.350,-1.826
23219,04/08/26 05:40:53 PM,5.34,8.02,263.9,15.451,29.995,1069.350,-2.031
23220,04/08/26 05:50:53 PM,5.34,8.68,266.7,14.394,31.174,1069.350,-2.429
23221,04/08/26 06:00:53 PM,5.68,9.02,265.3,15.038,30.089,1069.350,-2.347
23222,04/08/26 06:10:53 PM,5.68,9.02,275.2,15.834,28.260,1069.350,-2.504
23223,04/08/26 06:20:53 PM,6.35,10.02,275.2,15.872,27.443,1069.350,-2.866
23224,04/08/26 06:30:53 PM,6.01,8.68,287.8,15.588,26.856,1069.350,-3.399
23225,04/08/26 06:40:53 PM,5.68,9.02,278.0,15.547,26.969,1069.350,-3.378
23226,04/08/26 06:50:53 PM,5.01,7.35,279.4,15.129,26.816,1069.350,-3.813
23227,04/08/26 07:00:53 PM,5.34,8.68,276.6,14.703,27.512,1069.350,-3.837
23228,04/08/26 07:10:53 PM,4.34,7.35,278.0,14.521,27.796,1069.350,-3.857
23229,04/08/26 07:20:53 PM,4.34,7.35,285.0,14.121,28.359,1069.350,-3.934
23230,04/08/26 07:30:53 PM,3.01,4.34,292.0,13.569,30.863,1069.350,-3.284
23231,04/08/26 07:40:53 PM,3.01,5.01,296.2,13.014,32.062,1069.350,-3.258
23232,04/08/26 07:50:53 PM,2.67,4.01,303.2,12.167,33.826,1069.350,-3.285
23233,04/08/26 08:00:53 PM,2.67,4.01,308.9,10.856,36.580,1069.350,-3.399
23234,04/08/26 08:10:53 PM,3.01,4.34,296.2,10.038,38.450,1069.350,-3.463
23235,04/08/26 08:20:53 PM,2.34,3.34,304.7,9.067,40.052,1069.350,-3.790
23236,04/08/26 08:30:53 PM,2.67,3.34,308.9,8.405,40.990,1069.350,-4.078
23237,04/08/26 08:40:53 PM,3.01,4.34,324.3,8.199,41.595,1069.350,-4.069
23238,04/08/26 08:50:53 PM,3.01,4.01,335.5,8.319,41.221,1069.350,-4.081
23239,04/08/26 09:00:53 PM,2.67,3.34,329.9,7.692,42.321,1069.350,-4.298
23240,04/08/26 09:10:53 PM,2.34,3.01,321.5,7.255,43.177,1069.350,-4.429
23241,04/08/26 09:20:53 PM,1.67,2.67,314.5,6.317,45.441,1069.350,-4.607
23242,04/08/26 09:30:53 PM,1.00,2.00,44.9,5.016,49.979,1069.350,-4.542
23243,04/08/26 09:40:53 PM,0.33,1.34,134.8,5.196,48.702,1069.350,-4.719
23244,04/08/26 09:50:53 PM,1.34,2.00,275.2,5.145,49.532,1069.350,-4.542
23245,04/08/26 10:00:53 PM,1.67,2.67,252.7,5.201,48.832,1069.350,-4.679
23246,04/08/26 10:10:53 PM,1.67,3.01,265.3,4.845,49.592,1069.350,-4.803
23247,04/08/26 10:20:53 PM,1.67,3.34,255.5,5.478,47.552,1069.350,-4.775
23248,04/08/26 10:30:53 PM,1.67,3.01,240.1,4.542,50.115,1069.350,-4.945
23249,04/08/26 10:40:53 PM,1.67,2.67,252.7,4.394,50.517,1069.350,-4.976
23250,04/08/26 10:50:53 PM,2.00,3.01,249.9,4.180,51.904,1069.350,-4.817
23251,04/08/26 11:00:53 PM,2.00,2.67,273.8,3.279,55.148,1069.350,-4.856
23252,04/08/26 11:10:53 PM,1.67,2.67,266.7,3.850,52.558,1069.350,-4.958
23253,04/08/26 11:20:53 PM,1.67,2.34,272.4,3.445,53.666,1069.350,-5.060
23254,04/08/26 11:30:53 PM,1.34,2.00,265.3,4.480,49.931,1069.350,-5.050
23255,04/08/26 11:40:53 PM,1.34,2.34,237.3,3.705,52.627,1069.350,-5.076
23256,04/08/26 11:50:53 PM,1.34,2.34,228.8,3.700,52.815,1069.350,-5.033
23257,04/09/26 12:00:53 AM,1.67,2.67,230.2,4.113,51.476,1069.350,-4.988
23258,04/09/26 12:10:53 AM,1.34,2.00,256.9,4.357,50.564,1069.350,-4.998
23259,04/09/26 12:20:53 AM,2.34,3.34,230.2,3.386,54.334,1069.350,-4.952
23260,04/09/26 12:30:53 AM,2.34,3.01,266.7,3.322,54.745,1069.350,-4.912
23261,04/09/26 12:40:53 AM,2.00,2.34,290.6,3.719,52.963,1069.350,-4.979
23262,04/09/26 12:50:53 AM,2.00,2.67,280.8,4.974,48.600,1069.350,-4.951
23263,04/09/26 01:00:53 AM,1.67,2.67,290.6,4.416,50.317,1069.350,-5.008
23264,04/09/26 01:10:53 AM,1.34,3.34,287.8,4.901,48.301,1069.350,-5.100
23265,04/09/26 01:20:53 AM,1.34,2.67,287.8,4.834,48.357,1069.350,-5.146
23266,04/09/26 01:30:53 AM,1.67,2.34,258.3,4.145,50.492,1069.350,-5.213
23267,04/09/26 01:40:53 AM,1.67,2.67,242.9,3.579,52.657,1069.350,-5.185
23268,04/09/26 01:50:53 AM,2.00,2.67,266.7,3.593,52.653,1069.350,-5.173
23269,04/09/26 02:00:53 AM,1.67,2.34,276.6,2.464,56.950,1069.350,-5.195
23270,04/09/26 02:10:53 AM,1.67,2.67,286.4,2.311,57.745,1069.350,-5.156
23271,04/09/26 02:20:53 AM,2.00,3.01,271.0,3.590,52.892,1069.350,-5.116
23272,04/09/26 02:30:53 AM,1.34,2.34,279.4,2.528,56.526,1069.350,-5.233
23273,04/09/26 02:40:53 AM,1.34,2.34,275.2,2.834,55.789,1069.350,-5.120
23274,04/09/26 02:50:53 AM,1.67,2.34,262.5,2.217,58.318,1069.350,-5.115
23275,04/09/26 03:00:53 AM,2.00,3.01,278.0,2.129,58.627,1069.350,-5.128
23276,04/09/26 03:10:53 AM,2.34,3.34,290.6,2.973,55.601,1069.350,-5.034
23277,04/09/26 03:20:53 AM,1.34,2.67,299.0,3.000,55.738,1069.350,-4.976
23278,04/09/26 03:30:53 AM,3.01,4.68,324.3,4.445,51.165,1069.350,-4.760
23279,04/09/26 03:40:53 AM,3.34,4.68,325.7,4.896,49.633,1069.350,-4.745
23280,04/09/26 03:50:53 AM,2.34,4.01,324.3,4.534,50.784,1069.350,-4.777
23281,04/09/26 04:00:53 AM,3.01,4.34,327.1,3.831,53.114,1069.350,-4.837
23282,04/09/26 04:10:53 AM,1.00,2.34,241.5,2.955,56.188,1069.350,-4.912
23283,04/09/26 04:20:53 AM,1.67,3.67,275.2,3.258,55.444,1069.350,-4.804
23284,04/09/26 04:30:53 AM,2.34,3.34,283.6,2.636,57.566,1069.350,-4.892
23285,04/09/26 04:40:53 AM,1.67,3.01,255.5,2.697,57.649,1069.350,-4.815
23286,04/09/26 04:50:53 AM,1.67,3.01,242.9,2.847,57.296,1069.350,-4.756
23287,04/09/26 05:00:53 AM,1.34,2.00,287.8,3.145,56.497,1069.350,-4.662
23288,04/09/26 05:10:53 AM,1.34,2.34,278.0,2.604,57.800,1069.350,-4.868
23289,04/09/26 05:20:53 AM,2.00,3.34,261.1,2.499,58.178,1069.350,-4.881
23290,04/09/26 05:30:53 AM,2.00,3.01,258.3,1.494,61.674,1069.350,-5.060
23291,04/09/26 05:40:53 AM,2.00,2.67,279.4,0.569,65.522,1069.350,-5.142
23292,04/09/26 05:50:53 AM,2.00,3.01,269.6,1.027,64.108,1069.350,-4.993
23293,04/09/26 06:00:53 AM,2.34,3.01,271.0,0.416,66.334,1069.350,-5.126
23294,04/09/26 06:10:53 AM,2.00,2.67,289.2,1.158,64.048,1069.350,-4.881
23295,04/09/26 06:20:53 AM,2.00,2.67,280.8,0.770,64.875,1069.350,-5.081
23296,04/09/26 06:30:53 AM,2.00,3.01,272.4,-0.195,69.113,1069.350,-5.170
23297,04/09/26 06:40:53 AM,2.00,3.01,283.6,0.684,66.357,1069.350,-4.865
23298,04/09/26 06:50:53 AM,2.00,2.67,275.2,0.856,65.588,1069.350,-4.855
23299,04/09/26 07:00:53 AM,2.34,2.67,289.2,0.362,67.202,1069.350,-5.006
23300,04/09/26 07:10:53 AM,2.00,3.01,286.4,1.480,64.025,1069.350,-4.579
23301,04/09/26 07:20:53 AM,2.00,2.67,273.8,1.161,64.964,1069.350,-4.690
23302,04/09/26 07:30:53 AM,2.34,2.67,265.3,0.898,66.960,1069.350,-4.541
23303,04/09/26 07:40:53 AM,2.00,2.67,266.7,1.378,66.517,1069.350,-4.170
23304,04/09/26 07:50:53 AM,1.67,2.34,278.0,2.024,66.091,1069.350,-3.638
23305,04/09/26 08:00:53 AM,1.00,2.00,282.2,3.129,64.758,1069.350,-2.857
23306,04/09/26 08:10:53 AM,0.67,2.00,283.6,4.872,61.065,1069.350,-1.995
23307,04/09/26 08:20:53 AM,1.67,3.34,287.8,6.880,55.186,1069.350,-1.481
23308,04/09/26 08:30:53 AM,1.67,2.67,279.4,8.330,51.754,1069.350,-1.006
23309,04/09/26 08:40:53 AM,2.34,3.67,272.4,9.295,47.269,1069.350,-1.351
23310,04/09/26 08:50:53 AM,2.00,2.67,283.6,10.325,45.911,1069.350,-0.806
23311,04/09/26 09:00:53 AM,1.67,3.01,289.2,11.322,43.603,1069.350,-0.604
23312,04/09/26 09:10:53 AM,1.67,2.67,263.9,11.952,41.927,1069.350,-0.570
23313,04/09/26 09:20:53 AM,1.34,2.67,244.3,12.660,41.303,1069.350,-0.137
23314,04/09/26 09:30:53 AM,0.33,1.67,311.7,13.689,39.986,1069.350,0.343
23315,04/09/26 09:40:53 AM,0.67,2.00,279.4,14.346,39.046,1069.350,0.603
23316,04/09/26 09:50:53 AM,1.00,3.01,300.4,14.207,38.267,1069.350,0.201
23317,04/09/26 10:00:53 AM,1.67,3.34,310.3,14.271,38.010,1069.350,0.165
23318,04/09/26 10:10:53 AM,1.67,3.34,314.5,14.464,37.705,1069.350,0.226
23319,04/09/26 10:20:53 AM,1.67,3.67,320.1,14.754,36.907,1069.350,0.189
23320,04/09/26 10:30:53 AM,1.34,3.34,310.3,15.113,37.197,1069.350,0.617
23321,04/09/26 10:40:53 AM,1.67,3.67,283.6,15.429,36.231,1069.350,0.533
23322,04/09/26 10:50:53 AM,1.67,3.01,240.1,15.705,35.506,1069.350,0.499
23323,04/09/26 11:00:53 AM,1.34,5.01,245.7,16.148,35.514,1069.350,0.894
23324,04/09/26 11:10:53 AM,1.67,3.67,280.8,16.041,35.463,1069.350,0.779
23325,04/09/26 11:20:53 AM,2.34,4.68,327.1,15.920,36.107,1069.350,0.921
23326,04/09/26 11:30:53 AM,2.00,6.35,314.5,16.526,35.358,1069.350,1.167
23327,04/09/26 11:40:53 AM,1.67,4.34,297.6,16.899,34.778,1069.350,1.266
23328,04/09/26 11:50:53 AM,2.34,4.34,297.6,16.515,34.954,1069.350,0.997
23329,04/09/26 12:00:53 PM,2.00,3.67,308.9,17.081,35.413,1069.350,1.679
23330,04/09/26 12:10:53 PM,2.00,5.34,294.8,17.295,34.961,1069.350,1.689
23331,04/09/26 12:20:53 PM,2.67,6.01,327.1,17.084,35.296,1069.350,1.636
23332,04/09/26 12:30:53 PM,3.01,5.68,271.0,17.759,34.571,1069.350,1.941
23333,04/09/26 12:40:53 PM,3.34,6.35,265.3,17.349,34.841,1069.350,1.688
23334,04/09/26 12:50:53 PM,2.67,5.68,258.3,17.767,35.038,1069.350,2.136
23335,04/09/26 01:00:53 PM,2.34,5.68,299.0,17.864,34.765,1069.350,2.112
23336,04/09/26 01:10:53 PM,3.67,8.68,273.8,18.239,35.702,1069.350,2.817
23337,04/09/26 01:20:53 PM,2.67,5.01,266.7,17.901,35.018,1069.350,2.246
23338,04/09/26 01:30:53 PM,2.67,6.01,268.1,18.279,34.321,1069.350,2.298
23339,04/09/26 01:40:53 PM,3.01,5.01,256.9,17.958,35.737,1069.350,2.582
23340,04/09/26 01:50:53 PM,3.34,7.35,275.2,18.185,35.473,1069.350,2.679
23341,04/09/26 02:00:53 PM,3.01,6.35,237.3,18.025,35.453,1069.350,2.529
23342,04/09/26 02:10:53 PM,3.34,8.35,256.9,18.389,34.450,1069.350,2.447
23343,04/09/26 02:20:53 PM,3.34,6.68,247.1,18.395,34.369,1069.350,2.419
23344,04/09/26 02:30:53 PM,3.67,6.01,280.8,17.995,34.458,1069.350,2.103
23345,04/09/26 02:40:53 PM,3.01,5.01,278.0,18.625,34.005,1069.350,2.472
23346,04/09/26 02:50:53 PM,4.01,7.01,247.1,18.668,33.950,1069.350,2.487
23347,04/09/26 03:00:53 PM,3.01,6.01,268.1,19.161,33.489,1069.350,2.728
23348,04/09/26 03:10:53 PM,4.01,7.01,271.0,19.008,33.680,1069.350,2.674
23349,04/09/26 03:20:53 PM,3.67,7.01,248.5,19.105,33.933,1069.350,2.864
23350,04/09/26 03:30:53 PM,4.34,7.01,244.3,18.614,34.908,1069.350,2.831
23351,04/09/26 03:40:53 PM,3.67,5.68,299.0,18.920,33.509,1069.350,2.525
23352,04/09/26 03:50:53 PM,3.01,6.01,244.3,18.939,31.827,1069.350,1.819
23353,04/09/26 04:00:53 PM,3.34,6.01,256.9,19.116,32.796,1069.350,2.394
23354,04/09/26 04:10:53 PM,3.01,5.68,256.9,19.075,32.683,1069.350,2.310
23355,04/09/26 04:20:53 PM,4.01,7.35,272.4,19.008,31.327,1069.350,1.658
23356,04/09/26 04:30:53 PM,2.34,5.34,255.5,19.515,32.244,1069.350,2.505
23357,04/09/26 04:40:53 PM,3.01,5.34,237.3,18.987,33.291,1069.350,2.492
23358,04/09/26 04:50:53 PM,2.67,5.01,263.9,19.306,32.250,1069.350,2.325
23359,04/09/26 05:00:53 PM,3.01,6.35,273.8,19.070,32.010,1069.350,2.014
23360,04/09/26 05:10:53 PM,2.00,4.68,254.1,19.110,32.432,1069.350,2.232
23361,04/09/26 05:20:53 PM,3.01,5.34,275.2,18.877,33.263,1069.350,2.383
23362,04/09/26 05:30:53 PM,3.01,5.01,269.6,19.027,33.935,1069.350,2.796
23363,04/09/26 05:40:53 PM,2.34,5.01,292.0,18.907,33.962,1069.350,2.702
23364,04/09/26 05:50:53 PM,3.01,5.68,279.4,18.697,33.584,1069.350,2.360
23365,04/09/26 06:00:53 PM,3.01,5.34,294.8,18.521,34.513,1069.350,2.589
23366,04/09/26 06:10:53 PM,1.67,4.01,293.4,19.003,34.414,1069.350,2.973
23367,04/09/26 06:20:53 PM,2.34,4.34,297.6,18.786,33.739,1069.350,2.503
23368,04/09/26 06:30:53 PM,2.34,4.34,283.6,18.542,34.638,1069.350,2.658
23369,04/09/26 06:40:53 PM,2.00,3.34,296.2,18.260,35.291,1069.350,2.672
23370,04/09/26 06:50:53 PM,2.00,2.67,269.6,17.907,35.993,1069.350,2.638
23371,04/09/26 07:00:53 PM,2.00,3.34,278.0,17.403,37.067,1069.350,2.604
23372,04/09/26 07:10:53 PM,2.34,3.34,266.7,16.368,40.333,1069.350,2.869
23373,04/09/26 07:20:53 PM,1.67,2.34,263.9,15.207,44.479,1069.350,3.202
23374,04/09/26 07:30:53 PM,1.67,2.34,268.1,14.440,46.702,1069.350,3.192
23375,04/09/26 07:40:53 PM,1.67,2.34,273.8,13.842,48.685,1069.350,3.232
23376,04/09/26 07:50:53 PM,1.67,2.67,265.3,13.534,49.982,1069.350,3.320
23377,04/09/26 08:00:53 PM,2.00,2.67,262.5,13.274,50.172,1069.350,3.134
23378,04/09/26 08:10:53 PM,1.67,2.34,238.7,12.250,54.725,1069.350,3.414
23379,04/09/26 08:20:53 PM,2.00,2.34,244.3,12.062,54.247,1069.350,3.115
23380,04/09/26 08:30:53 PM,1.00,2.00,248.5,11.890,54.250,1069.350,2.955
23381,04/09/26 08:40:53 PM,1.34,2.34,244.3,10.850,58.299,1069.350,2.998
23382,04/09/26 08:50:53 PM,1.34,2.00,282.2,9.810,61.682,1069.350,2.814
23383,04/09/26 09:00:53 PM,1.34,2.34,306.1,9.770,59.438,1069.350,2.255
23384,04/09/26 09:10:53 PM,1.34,2.34,308.9,9.821,56.881,1069.350,1.688
23385,04/09/26 09:20:53 PM,1.34,2.34,256.9,10.003,56.913,1069.350,1.866
23386,04/09/26 09:30:53 PM,1.34,2.67,271.0,10.512,55.399,1069.350,1.965
23387,04/09/26 09:40:53 PM,1.34,1.67,279.4,9.880,57.150,1069.350,1.809
23388,04/09/26 09:50:53 PM,2.00,2.34,279.4,8.507,62.321,1069.350,1.725
23389,04/09/26 10:00:53 PM,1.67,2.34,286.4,8.083,63.561,1069.350,1.598
23390,04/09/26 10:10:53 PM,1.34,2.00,293.4,8.330,61.930,1069.350,1.470
23391,04/09/26 10:20:53 PM,1.34,2.00,310.3,7.716,63.023,1069.350,1.131
23392,04/09/26 10:30:53 PM,1.34,2.00,293.4,7.537,63.674,1069.350,1.104
23393,04/09/26 10:40:53 PM,1.67,2.00,293.4,7.703,63.072,1069.350,1.130
23394,04/09/26 10:50:53 PM,1.67,2.34,280.8,7.089,65.811,1069.350,1.137
23395,04/09/26 11:00:53 PM,2.00,2.67,276.6,5.799,71.078,1069.350,0.970
23396,04/09/26 11:10:53 PM,1.67,2.34,296.2,7.539,65.275,1069.350,1.452
23397,04/09/26 11:20:53 PM,1.34,2.34,301.8,8.073,63.566,1069.350,1.590
23398,04/09/26 11:30:53 PM,2.00,2.67,283.6,7.955,63.973,1069.350,1.567
23399,04/09/26 11:40:53 PM,1.34,2.67,296.2,8.083,63.539,1069.350,1.593
23400,04/09/26 11:50:53 PM,0.67,1.67,296.2,7.108,66.609,1069.350,1.322
23401,04/10/26 12:00:53 AM,1.34,2.00,314.5,6.204,69.818,1069.350,1.111
23402,04/10/26 12:10:53 AM,2.34,3.67,307.5,6.496,69.378,1069.350,1.303
23403,04/10/26 12:20:53 AM,2.34,3.34,311.7,6.775,68.144,1069.350,1.321
23404,04/10/26 12:30:53 AM,2.67,4.01,313.1,6.228,70.109,1069.350,1.192
23405,04/10/26 12:40:53 AM,2.34,3.67,317.3,6.274,69.836,1069.350,1.182
23406,04/10/26 12:50:53 AM,0.67,3.01,271.0,6.199,69.947,1069.350,1.132
23407,04/10/26 01:00:53 AM,0.67,1.67,9.8,5.692,72.268,1069.350,1.098
23408,04/10/26 01:10:53 AM,1.00,1.34,352.4,5.713,72.329,1069.350,1.130
23409,04/10/26 01:20:53 AM,1.00,2.00,324.3,6.507,69.162,1069.350,1.271
23410,04/10/26 01:30:53 AM,1.00,2.34,161.5,5.266,75.276,1069.350,1.253
23411,04/10/26 01:40:53 AM,0.67,1.34,325.7,4.995,77.018,1069.350,1.308
23412,04/10/26 01:50:53 AM,1.00,1.67,306.1,5.394,75.201,1069.350,1.363
23413,04/10/26 02:00:53 AM,1.67,2.00,300.4,5.303,74.582,1069.350,1.160
23414,04/10/26 02:10:53 AM,1.67,2.34,318.7,5.046,75.280,1069.350,1.040
23415,04/10/26 02:20:53 AM,1.00,2.00,310.3,4.995,74.504,1069.350,0.847
23416,04/10/26 02:30:53 AM,1.34,1.67,299.0,4.931,73.796,1069.350,0.653
23417,04/10/26 02:40:53 AM,1.00,2.00,317.3,4.880,73.573,1069.350,0.562
23418,04/10/26 02:50:53 AM,1.34,2.34,299.0,4.823,73.179,1069.350,0.433
23419,04/10/26 03:00:53 AM,1.67,2.00,285.0,5.006,72.465,1069.350,0.474
23420,04/10/26 03:10:53 AM,1.34,2.00,301.8,5.006,72.572,1069.350,0.494
23421,04/10/26 03:20:53 AM,1.34,1.67,311.7,5.571,71.142,1069.350,0.763
23422,04/10/26 03:30:53 AM,0.33,1.34,209.2,5.140,73.185,1069.350,0.740
23423,04/10/26 03:40:53 AM,1.00,1.67,252.7,4.290,76.034,1069.350,0.446
23424,04/10/26 03:50:53 AM,0.00,0.67,334.1,4.150,77.052,1069.350,0.493
23425,04/10/26 04:00:53 AM,1.00,1.67,286.4,4.738,75.180,1069.350,0.724
23426,04/10/26 04:10:53 AM,1.34,2.00,289.2,5.046,74.846,1069.350,0.960
23427,04/10/26 04:20:53 AM,1.34,2.00,324.3,5.574,73.837,1069.350,1.282
23428,04/10/26 04:30:53 AM,1.67,2.34,339.7,6.660,69.979,1069.350,1.581
23429,04/10/26 04:40:53 AM,1.67,3.34,123.5,5.837,75.901,1069.350,1.921
23430,04/10/26 04:50:53 AM,1.67,3.34,42.1,4.874,81.672,1069.350,2.009
23431,04/10/26 05:00:53 AM,3.34,5.01,349.6,6.789,70.619,1069.350,1.832
23432,04/10/26 05:10:53 AM,3.01,7.68,14.0,7.960,65.211,1069.350,1.839
23433,04/10/26 05:20:53 AM,1.00,2.34,171.3,5.992,74.778,1069.350,1.863
23434,04/10/26 05:30:53 AM,0.33,1.00,178.3,5.724,75.375,1069.350,1.715
23435,04/10/26 05:40:53 AM,0.00,0.67,179.7,5.713,76.191,1069.350,1.855
23436,04/10/26 05:50:53 AM,0.67,1.67,113.7,5.411,77.002,1069.350,1.709
23437,04/10/26 06:00:53 AM,1.00,1.34,64.6,4.507,79.945,1069.350,1.352
23438,04/10/26 06:10:53 AM,0.67,1.67,61.8,4.343,81.375,1069.350,1.439
23439,04/10/26 06:20:53 AM,1.00,1.67,351.0,4.416,79.991,1069.350,1.271
23440,04/10/26 06:30:53 AM,1.00,1.67,318.7,4.646,78.338,1069.350,1.205
23441,04/10/26 06:40:53 AM,1.00,2.00,344.0,4.831,76.886,1069.350,1.125
23442,04/10/26 06:50:53 AM,1.34,2.34,297.6,4.786,76.487,1069.350,1.009
23443,04/10/26 07:00:53 AM,1.34,2.67,335.5,5.137,75.642,1069.350,1.195
23444,04/10/26 07:10:53 AM,1.34,2.00,223.2,3.823,79.144,1069.350,0.546
23445,04/10/26 07:20:53 AM,1.34,2.00,221.8,2.992,82.603,1069.350,0.324
23446,04/10/26 07:30:53 AM,1.00,2.00,249.9,2.968,83.090,1069.350,0.382
23447,04/10/26 07:40:53 AM,1.67,2.34,283.6,3.933,81.387,1069.350,1.040
23448,04/10/26 07:50:53 AM,1.34,2.00,271.0,4.585,78.962,1069.350,1.256
23449,04/10/26 08:00:53 AM,1.34,2.00,258.3,4.491,79.550,1069.350,1.268
23450,04/10/26 08:10:53 AM,1.00,1.67,276.6,4.496,81.530,1069.350,1.615
23451,04/10/26 08:20:53 AM,1.00,1.67,310.3,5.880,77.569,1069.350,2.268
23452,04/10/26 08:30:53 AM,0.33,1.34,308.9,7.051,74.183,1069.350,2.776
23453,04/10/26 08:40:53 AM,0.33,1.67,331.3,7.470,71.716,1069.350,2.704
23454,04/10/26 08:50:53 AM,1.00,2.00,7.0,8.067,68.368,1069.350,2.604
23455,04/10/26 09:00:53 AM,0.67,1.67,11.2,8.228,68.334,1069.350,2.751
23456,04/10/26 09:10:53 AM,0.67,2.00,157.2,8.279,70.668,1069.350,3.274
23457,04/10/26 09:20:53 AM,1.34,2.67,130.6,9.285,68.614,1069.350,3.821
23458,04/10/26 09:30:53 AM,1.00,2.67,88.4,11.027,62.666,1069.350,4.190
23459,04/10/26 09:40:53 AM,1.67,3.01,89.9,11.432,62.016,1069.350,4.424
23460,04/10/26 09:50:53 AM,1.67,3.34,95.5,12.287,60.507,1069.350,4.879
23461,04/10/26 10:00:53 AM,2.67,4.01,84.2,12.813,59.355,1069.350,5.099
23462,04/10/26 10:10:53 AM,3.01,4.68,77.2,13.467,57.905,1069.350,5.358
23463,04/10/26 10:20:53 AM,2.67,4.01,108.1,13.735,57.992,1069.350,5.631
23464,04/10/26 10:30:53 AM,3.01,5.01,99.7,15.051,53.053,1069.350,5.575
23465,04/10/26 10:40:53 AM,2.67,4.34,102.5,14.818,53.086,1069.350,5.368
23466,04/10/26 10:50:53 AM,3.34,5.01,96.9,15.395,51.542,1069.350,5.477
23467,04/10/26 11:00:53 AM,3.01,4.68,91.3,16.319,49.659,1069.350,5.792
23468,04/10/26 11:10:53 AM,3.67,6.35,94.1,17.070,48.319,1069.350,6.087
23469,04/10/26 11:20:53 AM,4.34,6.68,84.2,17.132,46.729,1069.350,5.660
23470,04/10/26 11:30:53 AM,4.34,7.35,94.1,17.507,46.462,1069.350,5.919
23471,04/10/26 11:40:53 AM,5.01,8.02,84.2,18.606,42.055,1069.350,5.478
23472,04/10/26 11:50:53 AM,5.34,8.02,96.9,18.708,40.705,1069.350,5.101
23473,04/10/26 12:00:53 PM,5.68,8.02,88.4,18.598,39.425,1069.350,4.544
23474,04/10/26 12:10:53 PM,5.01,7.35,85.6,18.582,40.266,1069.350,4.832
23475,04/10/26 12:20:53 PM,4.68,8.35,84.2,19.081,39.521,1069.350,5.011
23476,04/10/26 12:30:53 PM,5.01,8.35,85.6,19.966,38.776,1069.350,5.528
23477,04/10/26 12:40:53 PM,5.68,9.68,108.1,19.727,38.784,1069.350,5.318
23478,04/10/26 12:50:53 PM,5.68,9.35,133.4,19.352,38.711,1069.350,4.956
23479,04/10/26 01:00:53 PM,5.34,8.68,122.1,19.467,38.514,1069.350,4.986
23480,04/10/26 01:10:53 PM,5.68,8.68,117.9,19.480,38.009,1069.350,4.808
23481,04/10/26 01:20:53 PM,6.01,10.69,136.2,20.008,37.676,1069.350,5.151
23482,04/10/26 01:30:53 PM,5.01,8.02,127.8,20.714,37.888,1069.350,5.860
23483,04/10/26 01:40:53 PM,6.01,9.68,133.4,20.298,38.090,1069.350,5.567
23484,04/10/26 01:50:53 PM,5.68,9.35,134.8,19.647,38.381,1069.350,5.096
23485,04/10/26 02:00:53 PM,5.68,9.02,140.4,19.625,39.205,1069.350,5.382
23486,04/10/26 02:10:53 PM,4.34,7.68,141.8,19.676,37.963,1069.350,4.965
23487,04/10/26 02:20:53 PM,5.01,7.68,154.4,20.167,37.887,1069.350,5.373
23488,04/10/26 02:30:53 PM,4.01,6.68,143.2,19.781,38.990,1069.350,5.442
23489,04/10/26 02:40:53 PM,4.01,7.35,160.0,19.781,38.935,1069.350,5.422
23490,04/10/26 02:50:53 PM,4.01,7.01,168.5,19.352,38.039,1069.350,4.705
23491,04/10/26 03:00:53 PM,3.34,6.68,167.1,19.011,38.851,1069.350,4.703
23492,04/10/26 03:10:53 PM,3.34,7.01,196.5,18.866,38.662,1069.350,4.504
23493,04/10/26 03:20:53 PM,2.67,5.01,154.4,19.223,37.853,1069.350,4.520
23494,04/10/26 03:30:53 PM,2.67,5.68,181.1,19.612,37.873,1069.350,4.874
23495,04/10/26 03:40:53 PM,2.34,4.68,179.7,19.711,37.023,1069.350,4.637
23496,04/10/26 03:50:53 PM,3.01,7.68,203.6,20.322,35.573,1069.350,4.606
23497,04/10/26 04:00:53 PM,2.67,5.01,168.5,20.333,36.124,1069.350,4.836
23498,04/10/26 04:10:53 PM,3.01,7.68,182.5,20.019,36.199,1069.350,4.588
23499,04/10/26 04:20:53 PM,2.00,4.68,148.8,20.137,36.046,1069.350,4.632
23500,04/10/26 04:30:53 PM,2.00,4.01,213.4,18.912,38.096,1069.350,4.335
23501,04/10/26 04:40:53 PM,2.67,4.01,174.1,18.282,39.089,1069.350,4.139
23502,04/10/26 04:50:53 PM,3.01,4.34,171.3,18.196,40.098,1069.350,4.426
23503,04/10/26 05:00:53 PM,2.67,4.68,172.7,17.949,40.621,1069.350,4.389
23504,04/10/26 05:10:53 PM,2.34,3.67,179.7,17.684,40.917,1069.350,4.255
23505,04/10/26 05:20:53 PM,2.34,3.34,182.5,17.437,42.251,1069.350,4.490
23506,04/10/26 05:30:53 PM,2.00,3.01,182.5,17.191,43.453,1069.350,4.669
23507,04/10/26 05:40:53 PM,2.34,3.34,183.9,17.156,43.613,1069.350,4.690
23508,04/10/26 05:50:53 PM,3.01,4.34,199.4,17.338,43.728,1069.350,4.893
23509,04/10/26 06:00:53 PM,1.00,3.01,234.5,18.030,40.604,1069.350,4.456
23510,04/10/26 06:10:53 PM,1.34,2.67,195.1,17.856,39.948,1069.350,4.068
23511,04/10/26 06:20:53 PM,2.00,3.01,233.1,17.183,40.838,1069.350,3.777
23512,04/10/26 06:30:53 PM,3.01,5.68,205.0,16.534,42.412,1069.350,3.729
23513,04/10/26 06:40:53 PM,3.01,6.01,212.0,16.105,43.153,1069.350,3.587
23514,04/10/26 06:50:53 PM,3.34,5.34,219.0,15.762,44.961,1069.350,3.859
23515,04/10/26 07:00:53 PM,3.01,4.68,234.5,15.799,44.363,1069.350,3.702
23516,04/10/26 07:10:53 PM,1.00,2.34,266.7,15.665,43.256,1069.350,3.223
23517,04/10/26 07:20:53 PM,1.67,2.67,258.3,15.365,43.033,1069.350,2.878
23518,04/10/26 07:30:53 PM,0.67,1.67,269.6,15.344,42.689,1069.350,2.746
23519,04/10/26 07:40:53 PM,2.00,6.01,171.3,14.239,50.225,1069.350,4.039
23520,04/10/26 07:50:53 PM,6.68,13.02,172.7,13.992,51.511,1069.350,4.171
23521,04/10/26 08:00:53 PM,5.01,17.37,226.0,11.746,63.757,1069.350,5.118
23522,04/10/26 08:10:53 PM,2.67,5.34,293.4,11.024,70.498,1069.350,5.877
23523,04/10/26 08:20:53 PM,2.34,4.01,287.8,10.845,71.287,1069.350,5.866
23524,04/10/26 08:30:53 PM,1.34,2.34,272.4,10.226,77.758,1069.350,6.527
23525,04/10/26 08:40:53 PM,2.34,3.67,244.3,9.716,81.262,1069.350,6.670
23526,04/10/26 08:50:53 PM,1.67,2.67,285.0,9.915,81.474,1069.350,6.903
23527,04/10/26 09:00:53 PM,2.34,3.34,286.4,9.713,82.931,1069.350,6.964
23528,04/10/26 09:10:53 PM,3.67,6.01,308.9,9.520,82.715,1069.350,6.737
23529,04/10/26 09:20:53 PM,3.67,5.34,325.7,9.475,82.390,1069.350,6.635
23530,04/10/26 09:30:53 PM,4.01,6.01,322.9,9.239,84.393,1069.350,6.754
23531,04/10/26 09:40:53 PM,4.34,6.35,320.1,9.604,81.027,1069.350,6.519
23532,04/10/26 09:50:53 PM,3.01,4.68,315.9,9.561,81.360,1069.350,6.537
23533,04/10/26 10:00:53 PM,2.34,4.01,283.6,9.102,84.442,1069.350,6.627
23534,04/10/26 10:10:53 PM,3.01,4.34,278.0,8.791,86.189,1069.350,6.620
23535,04/10/26 10:20:53 PM,3.01,4.01,285.0,8.853,85.876,1069.350,6.628
23536,04/10/26 10:30:53 PM,3.01,5.68,271.0,9.091,85.380,1069.350,6.777
23537,04/10/26 10:40:53 PM,4.01,6.35,268.1,8.995,86.937,1069.350,6.946
23538,04/10/26 10:50:53 PM,3.67,5.68,299.0,9.016,86.975,1069.350,6.973
23539,04/10/26 11:00:53 PM,4.34,6.35,314.5,8.960,86.337,1069.350,6.811
23540,04/10/26 11:10:53 PM,3.67,5.68,318.7,8.915,85.124,1069.350,6.561
23541,04/10/26 11:20:53 PM,3.01,4.01,313.1,8.432,86.522,1069.350,6.322
23542,04/10/26 11:30:53 PM,2.67,4.68,307.5,7.813,88.646,1069.350,6.063
23543,04/10/26 11:40:53 PM,2.67,4.01,307.5,7.461,88.853,1069.350,5.750
23544,04/10/26 11:50:53 PM,2.67,4.34,285.0,7.242,89.992,1069.350,5.717
23545,04/11/26 12:00:53 AM,3.34,5.01,296.2,7.598,90.510,1069.350,6.152
23546,04/11/26 12:10:53 AM,3.34,5.01,282.2,7.722,91.292,1069.350,6.400
23547,04/11/26 12:20:53 AM,2.67,4.34,275.2,7.612,92.668,1069.350,6.508
23548,04/11/26 12:30:53 AM,1.67,3.01,245.7,7.499,93.507,1069.350,6.527
23549,04/11/26 12:40:53 AM,0.67,1.67,254.1,7.097,95.952,1069.350,6.502
23550,04/11/26 12:50:53 AM,1.67,2.34,251.3,7.260,95.109,1069.350,6.536
23551,04/11/26 01:00:53 AM,2.34,4.01,245.7,7.217,95.300,1069.350,6.522
23552,04/11/26 01:10:53 AM,2.67,4.01,245.7,7.035,96.939,1069.350,6.589
23553,04/11/26 01:20:53 AM,1.67,3.34,299.0,6.947,96.236,1069.350,6.395
23554,04/11/26 01:30:53 AM,3.01,4.34,290.6,7.188,94.444,1069.350,6.362
23555,04/11/26 01:40:53 AM,1.34,4.34,263.9,6.638,95.671,1069.350,6.002
23556,04/11/26 01:50:53 AM,1.00,2.00,297.6,6.593,95.631,1069.350,5.951
23557,04/11/26 02:00:53 AM,1.00,3.34,273.8,6.668,94.969,1069.350,5.925
23558,04/11/26 02:10:53 AM,1.67,3.67,233.1,6.008,96.236,1069.350,5.459
23559,04/11/26 02:20:53 AM,2.00,3.67,248.5,6.338,96.825,1069.350,5.876
23560,04/11/26 02:30:53 AM,2.00,4.01,247.1,6.566,96.889,1069.350,6.113
23561,04/11/26 02:40:53 AM,2.67,4.01,228.8,6.872,96.747,1069.350,6.397
23562,04/11/26 02:50:53 AM,2.00,3.67,248.5,6.786,96.367,1069.350,6.254
23563,04/11/26 03:00:53 AM,2.00,2.67,276.6,6.507,97.287,1069.350,6.114
23564,04/11/26 03:10:53 AM,2.00,3.01,262.5,6.386,97.031,1069.350,5.955
23565,04/11/26 03:20:53 AM,2.00,2.67,242.9,6.049,97.142,1069.350,5.635
23566,04/11/26 03:30:53 AM,2.00,3.01,261.1,5.531,98.177,1069.350,5.270
23567,04/11/26 03:40:53 AM,2.34,3.34,265.3,5.510,98.283,1069.350,5.265
23568,04/11/26 03:50:53 AM,2.34,3.67,251.3,5.646,97.461,1069.350,5.280
23569,04/11/26 04:00:53 AM,1.00,2.34,242.9,5.236,97.575,1069.350,4.887
23570,04/11/26 04:10:53 AM,0.00,1.00,342.6,5.121,98.439,1069.350,4.898
23571,04/11/26 04:20:53 AM,0.00,0.00,216.2,5.357,97.668,1069.350,5.021
23572,04/11/26 04:30:53 AM,2.00,3.67,300.4,6.038,96.075,1069.350,5.465
23573,04/11/26 04:40:53 AM,2.00,3.34,230.2,5.435,96.632,1069.350,4.946
23574,04/11/26 04:50:53 AM,2.67,3.34,233.1,5.561,97.888,1069.350,5.258
23575,04/11/26 05:00:53 AM,2.34,3.34,262.5,5.842,97.208,1069.350,5.438
23576,04/11/26 05:10:53 AM,2.34,3.34,255.5,6.003,96.609,1069.350,5.510
23577,04/11/26 05:20:53 AM,2.00,3.67,256.9,6.148,95.760,1069.350,5.527
23578,04/11/26 05:30:53 AM,2.00,3.67,224.6,5.979,96.875,1069.350,5.525
23579,04/11/26 05:40:53 AM,2.34,3.67,195.1,5.845,97.525,1069.350,5.488
23580,04/11/26 05:50:53 AM,0.67,2.00,185.3,5.783,97.955,1069.350,5.489
23581,04/11/26 06:00:53 AM,0.33,1.67,182.5,5.837,97.967,1069.350,5.545
23582,04/11/26 06:10:53 AM,1.00,1.67,314.5,5.807,98.099,1069.350,5.534
23583,04/11/26 06:20:53 AM,0.33,1.34,342.6,5.654,98.648,1069.350,5.462
23584,04/11/26 06:30:53 AM,1.34,1.67,348.2,5.424,98.787,1069.350,5.252
23585,04/11/26 06:40:53 AM,0.67,1.34,342.6,5.158,98.541,1069.350,4.950
23586,04/11/26 06:50:53 AM,0.33,1.67,349.6,4.783,98.753,1069.350,4.606
23587,04/11/26 07:00:53 AM,0.33,1.00,355.2,4.606,99.310,1069.350,4.509
23588,04/11/26 07:10:53 AM,0.33,1.34,352.4,4.443,99.171,1069.350,4.326
23589,04/11/26 07:20:53 AM,1.67,3.01,5.6,4.365,99.348,1069.350,4.274
23590,04/11/26 07:30:53 AM,1.67,3.01,203.6,4.164,98.558,1069.350,3.959
23591,04/11/26 07:40:53 AM,1.00,2.34,228.8,3.491,99.963,1069.350,3.486
23592,04/11/26 07:50:53 AM,0.00,0.00,268.1,3.467,99.997,1069.350,3.467
23593,04/11/26 08:00:53 AM,0.00,2.00,303.2,3.923,99.997,1069.350,3.924
23594,04/11/26 08:10:53 AM,1.00,2.00,261.1,3.952,99.997,1069.350,3.953
23595,04/11/26 08:20:53 AM,0.00,1.00,268.1,4.000,99.997,1069.350,4.001
23596,04/11/26 08:30:53 AM,0.00,0.00,268.1,4.215,99.997,1069.350,4.216
23597,04/11/26 08:40:53 AM,0.00,0.00,268.1,5.397,99.881,1069.350,5.384
23598,04/11/26 08:50:53 AM,0.67,2.67,227.4,6.754,96.710,1069.350,6.274
23599,04/11/26 09:00:53 AM,2.00,4.34,181.1,6.437,96.497,1069.350,5.926
23600,04/11/26 09:10:53 AM,2.67,4.01,176.9,6.089,98.329,1069.350,5.850
23601,04/11/26 09:20:53 AM,2.00,3.67,165.7,6.105,98.389,1069.350,5.875
23602,04/11/26 09:30:53 AM,2.00,3.67,174.1,6.357,96.020,1069.350,5.774
23603,04/11/26 09:40:53 AM,2.00,3.34,189.5,6.207,95.033,1069.350,5.476
23604,04/11/26 09:50:53 AM,1.34,2.00,200.8,6.421,94.998,1069.350,5.684
23605,04/11/26 10:00:53 AM,1.00,2.34,198.0,6.936,93.600,1069.350,5.982
23606,04/11/26 10:10:53 AM,1.67,2.67,178.3,7.915,89.232,1069.350,6.260
23607,04/11/26 10:20:53 AM,1.67,3.34,154.4,8.148,85.692,1069.350,5.903
23608,04/11/26 10:30:53 AM,2.00,3.34,136.2,7.861,86.766,1069.350,5.801
23609,04/11/26 10:40:53 AM,1.34,2.34,185.3,7.780,86.621,1069.350,5.697
23610,04/11/26 10:50:53 AM,2.34,3.34,165.7,7.826,86.482,1069.350,5.719
23611,04/11/26 11:00:53 AM,3.01,4.68,179.7,7.933,84.877,1069.350,5.554
23612,04/11/26 11:10:53 AM,2.67,4.34,169.9,7.925,84.083,1069.350,5.411
23613,04/11/26 11:20:53 AM,2.00,3.67,143.2,8.531,81.933,1069.350,5.631
23614,04/11/26 11:30:53 AM,1.34,3.34,134.8,9.478,79.586,1069.350,6.136
23615,04/11/26 11:40:53 AM,3.67,5.68,157.2,10.070,75.659,1069.350,5.979
23616,04/11/26 11:50:53 AM,3.34,5.01,162.9,10.947,71.902,1069.350,6.088
23617,04/11/26 12:00:53 PM,3.01,5.34,169.9,11.204,70.890,1069.350,6.130
23618,04/11/26 12:10:53 PM,3.67,6.35,179.7,11.271,70.068,1069.350,6.026
23619,04/11/26 12:20:53 PM,3.67,6.01,198.0,11.285,68.779,1069.350,5.771
23620,04/11/26 12:30:53 PM,4.01,7.35,192.3,11.904,65.721,1069.350,5.705
23621,04/11/26 12:40:53 PM,4.01,6.68,175.5,11.612,64.721,1069.350,5.207
23622,04/11/26 12:50:53 PM,3.67,6.68,200.8,11.579,65.657,1069.350,5.382
23623,04/11/26 01:00:53 PM,4.01,6.01,212.0,11.923,60.919,1069.350,4.633
23624,04/11/26 01:10:53 PM,4.34,7.01,202.2,11.799,58.694,1069.350,3.986
23625,04/11/26 01:20:53 PM,4.34,6.68,195.1,12.534,59.193,1069.350,4.797
23626,04/11/26 01:30:53 PM,3.34,6.68,199.4,12.893,57.313,1069.350,4.672
23627,04/11/26 01:40:53 PM,3.01,8.68,240.1,12.518,56.364,1069.350,4.083
23628,04/11/26 01:50:53 PM,3.67,6.35,231.6,12.027,55.747,1069.350,3.468
23629,04/11/26 02:00:53 PM,3.01,5.01,224.6,11.703,54.971,1069.350,2.967
23630,04/11/26 02:10:53 PM,4.34,6.35,219.0,11.869,58.271,1069.350,3.948
23631,04/11/26 02:20:53 PM,3.67,6.35,216.2,12.553,55.457,1069.350,3.885
23632,04/11/26 02:30:53 PM,4.01,6.01,226.0,12.494,52.102,1069.350,2.946
23633,04/11/26 02:40:53 PM,5.01,9.35,223.2,12.850,50.724,1069.350,2.897
23634,04/11/26 02:50:53 PM,5.68,8.68,209.2,11.826,54.212,1069.350,2.886
23635,04/11/26 03:00:53 PM,4.68,7.35,209.2,11.684,57.255,1069.350,3.525
23636,04/11/26 03:10:53 PM,4.34,7.35,209.2,11.872,58.163,1069.350,3.925
23637,04/11/26 03:20:53 PM,5.01,8.68,202.2,11.665,60.099,1069.350,4.196
23638,04/11/26 03:30:53 PM,3.34,5.34,182.5,12.588,59.300,1069.350,4.874
23639,04/11/26 03:40:53 PM,2.34,4.01,237.3,12.470,56.825,1069.350,4.154
23640,04/11/26 03:50:53 PM,2.67,5.34,234.5,11.834,56.526,1069.350,3.484
23641,04/11/26 04:00:53 PM,3.67,5.68,221.8,11.743,56.217,1069.350,3.321
23642,04/11/26 04:10:53 PM,4.68,7.01,217.6,11.590,57.418,1069.350,3.477
23643,04/11/26 04:20:53 PM,4.34,7.01,213.4,11.558,58.387,1069.350,3.685
23644,04/11/26 04:30:53 PM,3.34,6.01,206.4,11.687,59.072,1069.350,3.972
23645,04/11/26 04:40:53 PM,3.34,6.01,206.4,11.815,58.389,1069.350,3.927
23646,04/11/26 04:50:53 PM,2.34,5.68,221.8,12.507,56.440,1069.350,4.092
23647,04/11/26 05:00:53 PM,2.67,4.68,224.6,13.151,51.164,1069.350,3.298
23648,04/11/26 05:10:53 PM,3.34,7.35,249.9,12.177,58.131,1069.350,4.203
23649,04/11/26 05:20:53 PM,3.01,5.01,251.3,11.488,59.574,1069.350,3.905
23650,04/11/26 05:30:53 PM,3.34,5.01,271.0,11.322,61.532,1069.350,4.209
23651,04/11/26 05:40:53 PM,2.67,5.01,237.3,11.293,62.614,1069.350,4.430
23652,04/11/26 05:50:53 PM,2.67,4.01,231.6,11.129,60.270,1069.350,3.732
23653,04/11/26 06:00:53 PM,2.00,3.67,234.5,11.397,60.047,1069.350,3.932
23654,04/11/26 06:10:53 PM,3.01,5.01,221.8,12.389,55.074,1069.350,3.633
23655,04/11/26 06:20:53 PM,3.01,6.01,220.4,11.226,56.593,1069.350,2.932
23656,04/11/26 06:30:53 PM,3.01,5.68,206.4,10.612,59.228,1069.350,2.998
23657,04/11/26 06:40:53 PM,2.34,3.67,202.2,10.220,61.482,1069.350,3.155
23658,04/11/26 06:50:53 PM,2.67,6.01,202.2,10.046,64.285,1069.350,3.622
23659,04/11/26 07:00:53 PM,5.68,11.02,219.0,8.266,77.386,1069.350,4.553
23660,04/11/26 07:10:53 PM,8.02,13.36,230.2,6.520,81.248,1069.350,3.545
23661,04/11/26 07:20:53 PM,2.34,7.01,206.4,8.134,71.218,1069.350,3.244
23662,04/11/26 07:30:53 PM,1.67,3.01,233.1,8.303,73.065,1069.350,3.770
23663,04/11/26 07:40:53 PM,1.34,2.00,219.0,7.314,81.863,1069.350,4.429
23664,04/11/26 07:50:53 PM,1.00,1.34,237.3,7.150,82.251,1069.350,4.336
23665,04/11/26 08:00:53 PM,0.67,1.34,252.7,7.022,82.684,1069.350,4.285
23666,04/11/26 08:10:53 PM,0.33,1.34,252.7,7.258,80.462,1069.350,4.128
23667,04/11/26 08:20:53 PM,0.67,1.67,289.2,6.740,82.396,1069.350,3.959
23668,04/11/26 08:30:53 PM,0.67,2.67,271.0,6.625,81.904,1069.350,3.762
23669,04/11/26 08:40:53 PM,1.00,2.00,286.4,6.070,83.542,1069.350,3.499
23670,04/11/26 08:50:53 PM,0.00,0.67,301.8,5.802,84.543,1069.350,3.405
23671,04/11/26 09:00:53 PM,0.33,1.00,301.8,5.898,83.853,1069.350,3.383
23672,04/11/26 09:10:53 PM,1.00,1.67,322.9,4.845,88.098,1069.350,3.045
23673,04/11/26 09:20:53 PM,1.67,2.34,5.6,4.440,90.426,1069.350,3.013
23674,04/11/26 09:30:53 PM,1.00,2.34,314.5,4.365,90.495,1069.350,2.950
23675,04/11/26 09:40:53 PM,1.00,2.00,327.1,4.743,88.307,1069.350,2.978
23676,04/11/26 09:50:53 PM,0.00,0.33,321.5,4.738,87.391,1069.350,2.826
23677,04/11/26 10:00:53 PM,0.00,0.00,321.5,4.019,89.895,1069.350,2.514
23678,04/11/26 10:10:53 PM,1.00,1.67,230.2,3.413,91.838,1069.350,2.214
23679,04/11/26 10:20:53 PM,0.67,1.34,282.2,3.807,90.567,1069.350,2.409
23680,04/11/26 10:30:53 PM,0.00,0.00,289.2,3.333,92.158,1069.350,2.183
23681,04/11/26 10:40:53 PM,0.00,0.33,289.2,3.684,91.102,1069.350,2.369
23682,04/11/26 10:50:53 PM,0.00,0.00,289.2,3.346,92.979,1069.350,2.320
23683,04/11/26 11:00:53 PM,0.67,1.34,290.6,2.965,92.680,1069.350,1.897
23684,04/11/26 11:10:53 PM,1.00,1.67,287.8,2.392,94.170,1069.350,1.550
23685,04/11/26 11:20:53 PM,1.00,1.34,292.0,2.325,94.343,1069.350,1.509
23686,04/11/26 11:30:53 PM,0.67,1.34,293.4,2.330,94.153,1069.350,1.486
23687,04/11/26 11:40:53 PM,1.00,1.67,293.4,1.743,94.211,1069.350,0.911
23688,04/11/26 11:50:53 PM,0.67,1.34,293.4,1.754,95.612,1069.350,1.127
23689,04/12/26 12:00:53 AM,0.00,0.00,293.4,2.590,93.281,1069.350,1.615
23690,04/12/26 12:10:53 AM,0.67,1.00,293.4,1.856,93.803,1069.350,0.963
23691,04/12/26 12:20:53 AM,0.00,0.67,293.4,2.108,94.917,1069.350,1.378
23692,04/12/26 12:30:53 AM,0.67,1.00,293.4,1.853,94.830,1069.350,1.111
23693,04/12/26 12:40:53 AM,0.67,1.34,293.4,1.435,94.847,1069.350,0.698
23694,04/12/26 12:50:53 AM,1.00,1.34,293.4,0.786,95.785,1069.350,0.187
23695,04/12/26 01:00:53 AM,1.00,1.34,293.4,0.306,97.339,1069.350,-0.070
23696,04/12/26 01:10:53 AM,0.67,1.34,293.4,0.748,97.244,1069.350,0.358
23697,04/12/26 01:20:53 AM,1.00,1.34,293.4,1.191,96.666,1069.350,0.717
23698,04/12/26 01:30:53 AM,0.67,1.00,293.4,0.960,96.439,1069.350,0.455
23699,04/12/26 01:40:53 AM,1.00,2.00,335.5,1.027,96.068,1069.350,0.468
23700,04/12/26 01:50:53 AM,2.00,3.01,7.0,0.957,95.825,1069.350,0.363
23701,04/12/26 02:00:53 AM,2.00,3.01,28.1,1.196,95.625,1069.350,0.573
23702,04/12/26 02:10:53 AM,1.00,2.00,75.8,1.499,94.861,1069.350,0.763
23703,04/12/26 02:20:53 AM,2.00,4.01,148.8,0.874,95.441,1069.350,0.225
23704,04/12/26 02:30:53 AM,0.67,3.67,167.1,0.713,97.568,1069.350,0.369
23705,04/12/26 02:40:53 AM,1.34,1.67,8.4,0.845,97.839,1069.350,0.539
23706,04/12/26 02:50:53 AM,0.67,2.00,334.1,1.059,97.684,1069.350,0.731
23707,04/12/26 03:00:53 AM,0.67,1.67,209.2,1.196,97.400,1069.350,0.827
23708,04/12/26 03:10:53 AM,0.33,1.00,186.7,1.242,97.556,1069.350,0.895
23709,04/12/26 03:20:53 AM,0.00,0.00,186.7,1.335,97.319,1069.350,0.955
23710,04/12/26 03:30:53 AM,0.00,0.00,186.7,1.271,97.383,1069.350,0.900
23711,04/12/26 03:40:53 AM,0.00,0.00,186.7,1.373,97.333,1069.350,0.994
23712,04/12/26 03:50:53 AM,0.00,0.00,186.7,1.365,97.270,1069.350,0.977
23713,04/12/26 04:00:53 AM,0.00,0.00,186.7,1.488,97.053,1069.350,1.069
23714,04/12/26 04:10:53 AM,1.34,2.00,228.8,0.831,98.202,1069.350,0.576
23715,04/12/26 04:20:53 AM,1.34,2.00,269.6,0.802,99.507,1069.350,0.730
23716,04/12/26 04:30:53 AM,1.34,2.00,307.5,1.188,99.754,1069.350,1.151
23717,04/12/26 04:40:53 AM,1.00,2.00,345.4,1.944,98.259,1069.350,1.697
23718,04/12/26 04:50:53 AM,0.67,1.67,11.2,2.673,95.506,1069.350,2.027
23719,04/12/26 05:00:53 AM,0.67,2.34,75.8,2.775,95.938,1069.350,2.192
23720,04/12/26 05:10:53 AM,0.67,2.67,214.8,2.290,96.802,1069.350,1.834
23721,04/12/26 05:20:53 AM,1.00,1.67,242.9,2.137,97.685,1069.350,1.808
23722,04/12/26 05:30:53 AM,0.67,2.00,269.6,2.545,96.922,1069.350,2.105
23723,04/12/26 05:40:53 AM,0.33,2.00,200.8,2.515,98.219,1069.350,2.262
23724,04/12/26 05:50:53 AM,0.67,1.67,252.7,2.515,99.202,1069.350,2.401
23725,04/12/26 06:00:53 AM,1.34,2.00,276.6,2.539,99.528,1069.350,2.472
23726,04/12/26 06:10:53 AM,1.34,2.00,282.2,2.732,99.780,1069.350,2.700
23727,04/12/26 06:20:53 AM,1.00,2.00,280.8,3.065,98.401,1069.350,2.838
23728,04/12/26 06:30:53 AM,0.67,1.67,265.3,3.239,97.824,1069.350,2.929
23729,04/12/26 06:40:53 AM,1.00,1.67,318.7,3.362,98.025,1069.350,3.080
23730,04/12/26 06:50:53 AM,1.34,2.34,4.2,3.467,98.619,1069.350,3.271
23731,04/12/26 07:00:53 AM,1.34,2.34,304.7,3.491,98.447,1069.350,3.270
23732,04/12/26 07:10:53 AM,2.00,3.01,314.5,3.518,98.862,1069.350,3.357
23733,04/12/26 07:20:53 AM,2.34,3.34,311.7,3.593,98.001,1069.350,3.308
23734,04/12/26 07:30:53 AM,2.67,5.34,299.0,3.553,97.806,1069.350,3.240
23735,04/12/26 07:40:53 AM,3.67,5.68,299.0,3.512,97.613,1069.350,3.171
23736,04/12/26 07:50:53 AM,3.67,6.01,287.8,3.258,97.482,1069.350,2.898
23737,04/12/26 08:00:53 AM,3.67,5.01,306.1,3.067,97.128,1069.350,2.656
23738,04/12/26 08:10:53 AM,3.67,6.01,308.9,3.193,96.741,1069.350,2.726
23739,04/12/26 08:20:53 AM,3.34,5.68,308.9,3.177,96.812,1069.350,2.720
23740,04/12/26 08:30:53 AM,3.34,4.68,317.3,3.255,96.588,1069.350,2.765
23741,04/12/26 08:40:53 AM,2.67,5.34,318.7,3.338,96.933,1069.350,2.898
23742,04/12/26 08:50:53 AM,3.67,5.34,324.3,3.330,96.831,1069.350,2.875
23743,04/12/26 09:00:53 AM,4.34,6.68,313.1,3.314,97.450,1069.350,2.949
23744,04/12/26 09:10:53 AM,4.34,5.68,315.9,3.400,97.325,1069.350,3.017
23745,04/12/26 09:20:53 AM,4.68,6.68,313.1,3.890,96.271,1069.350,3.352
23746,04/12/26 09:30:53 AM,3.34,5.68,301.8,4.290,96.231,1069.350,3.745
23747,04/12/26 09:40:53 AM,3.34,5.01,272.4,4.512,94.859,1069.350,3.762
23748,04/12/26 09:50:53 AM,3.34,5.01,279.4,4.695,94.710,1069.350,3.922
23749,04/12/26 10:00:53 AM,3.01,4.68,278.0,5.134,94.517,1069.350,4.330
23750,04/12/26 10:10:53 AM,3.34,5.01,294.8,4.906,93.851,1069.350,4.002
23751,04/12/26 10:20:53 AM,3.01,5.68,321.5,5.011,94.055,1069.350,4.138
23752,04/12/26 10:30:53 AM,2.34,3.67,317.3,5.445,92.461,1069.350,4.325
23753,04/12/26 10:40:53 AM,2.00,3.01,314.5,5.813,90.764,1069.350,4.425
23754,04/12/26 10:50:53 AM,1.34,3.01,307.5,5.901,89.262,1069.350,4.274
23755,04/12/26 11:00:53 AM,1.34,3.34,283.6,6.630,88.269,1069.350,4.834
23756,04/12/26 11:10:53 AM,0.67,2.00,285.0,7.419,84.889,1069.350,5.051
23757,04/12/26 11:20:53 AM,0.67,1.67,329.9,7.537,84.811,1069.350,5.154
23758,04/12/26 11:30:53 AM,1.00,2.00,213.4,7.622,85.113,1069.350,5.289
23759,04/12/26 11:40:53 AM,0.67,2.00,96.9,8.456,83.185,1069.350,5.777
23760,04/12/26 11:50:53 AM,0.33,1.67,63.2,9.834,80.011,1069.350,6.560
23761,04/12/26 12:00:53 PM,1.34,3.01,143.2,8.684,81.767,1069.350,5.752
23762,04/12/26 12:10:53 PM,1.00,3.01,108.1,8.928,82.429,1069.350,6.107
23763,04/12/26 12:20:53 PM,1.67,3.67,88.4,9.116,82.147,1069.350,6.241
23764,04/12/26 12:30:53 PM,2.67,4.34,92.7,8.949,82.254,1069.350,6.097
23765,04/12/26 12:40:53 PM,3.67,11.69,120.7,8.242,83.336,1069.350,5.593
23766,04/12/26 12:50:53 PM,7.68,12.02,165.7,5.242,90.323,1069.350,3.791
23767,04/12/26 01:00:53 PM,10.35,16.03,183.9,3.124,93.783,1069.350,2.221
23768,04/12/26 01:10:53 PM,10.35,15.70,210.6,2.772,95.105,1069.350,2.067
23769,04/12/26 01:20:53 PM,8.35,13.36,221.8,2.158,95.917,1069.350,1.574
23770,04/12/26 01:30:53 PM,6.35,10.35,216.2,1.906,96.532,1069.350,1.411
23771,04/12/26 01:40:53 PM,7.35,13.02,219.0,1.435,96.394,1069.350,0.922
23772,04/12/26 01:50:53 PM,6.35,10.69,233.1,0.319,99.083,1069.350,0.187
23773,04/12/26 02:00:53 PM,4.34,6.01,237.3,0.341,99.997,1069.350,0.336
23774,04/12/26 02:10:53 PM,3.34,5.68,238.7,0.821,99.895,1069.350,0.803
23775,04/12/26 02:20:53 PM,2.67,4.34,248.5,1.767,98.915,1069.350,1.613
23776,04/12/26 02:30:53 PM,2.67,4.68,278.0,2.247,97.549,1069.350,1.898
23777,04/12/26 02:40:53 PM,4.68,7.68,299.0,2.343,96.350,1069.350,1.821
23778,04/12/26 02:50:53 PM,5.34,8.35,286.4,2.719,95.801,1069.350,2.116
23779,04/12/26 03:00:53 PM,6.01,8.68,283.6,2.386,94.784,1069.350,1.635
23780,04/12/26 03:10:53 PM,5.68,8.35,263.9,2.815,94.437,1069.350,2.011
23781,04/12/26 03:20:53 PM,4.68,7.01,259.7,3.912,93.816,1069.350,3.009
23782,04/12/26 03:30:53 PM,4.68,7.01,261.1,3.864,92.486,1069.350,2.760
23783,04/12/26 03:40:53 PM,4.68,6.68,290.6,3.973,91.109,1069.350,2.657
23784,04/12/26 03:50:53 PM,3.67,6.68,254.1,4.059,91.106,1069.350,2.742
23785,04/12/26 04:00:53 PM,6.01,9.35,210.6,3.837,89.441,1069.350,2.263
23786,04/12/26 04:10:53 PM,4.34,6.68,212.0,3.976,89.369,1069.350,2.389
23787,04/12/26 04:20:53 PM,3.01,5.68,228.8,5.295,87.243,1069.350,3.351
23788,04/12/26 04:30:53 PM,4.34,7.35,237.3,5.389,83.601,1069.350,2.841
23789,04/12/26 04:40:53 PM,3.67,6.01,245.7,5.864,82.939,1069.350,3.195
23790,04/12/26 04:50:53 PM,4.34,6.68,280.8,5.185,85.480,1069.350,2.954
23791,04/12/26 05:00:53 PM,4.34,6.35,282.2,5.118,81.518,1069.350,2.221
23792,04/12/26 05:10:53 PM,4.68,7.35,278.0,5.263,81.035,1069.350,2.280
23793,04/12/26 05:20:53 PM,4.34,6.35,278.0,4.772,82.951,1069.350,2.127
23794,04/12/26 05:30:53 PM,3.67,6.01,268.1,6.188,78.674,1069.350,2.766
23795,04/12/26 05:40:53 PM,3.34,5.34,256.9,6.614,74.231,1069.350,2.362
23796,04/12/26 05:50:53 PM,2.67,5.34,310.3,5.992,76.977,1069.350,2.269
23797,04/12/26 06:00:53 PM,3.01,4.68,317.3,5.402,79.750,1069.350,2.191
23798,04/12/26 06:10:53 PM,2.67,5.01,318.7,4.368,79.921,1069.350,1.212
23799,04/12/26 06:20:53 PM,2.34,4.34,304.7,4.856,79.516,1069.350,1.618
23800,04/12/26 06:30:53 PM,2.67,5.34,294.8,6.014,75.729,1069.350,2.061
23801,04/12/26 06:40:53 PM,3.01,5.01,265.3,5.807,73.771,1069.350,1.495
23802,04/12/26 06:50:53 PM,3.34,4.68,279.4,5.928,74.261,1069.350,1.704
23803,04/12/26 07:00:53 PM,2.34,3.67,286.4,4.579,79.382,1069.350,1.324
23804,04/12/26 07:10:53 PM,3.01,4.68,292.0,4.234,79.835,1069.350,1.067
23805,04/12/26 07:20:53 PM,3.34,5.01,287.8,4.016,80.346,1069.350,0.943
23806,04/12/26 07:30:53 PM,3.01,5.01,301.8,3.990,81.059,1069.350,1.040
23807,04/12/26 07:40:53 PM,2.34,3.67,278.0,3.794,81.506,1069.350,0.924
23808,04/12/26 07:50:53 PM,2.67,4.01,271.0,3.499,83.134,1069.350,0.910
23809,04/12/26 08:00:53 PM,2.34,3.67,263.9,3.306,84.013,1069.350,0.866
23810,04/12/26 08:10:53 PM,2.00,3.34,282.2,2.687,85.400,1069.350,0.485
23811,04/12/26 08:20:53 PM,1.34,2.00,292.0,1.869,88.913,1069.350,0.235
23812,04/12/26 08:30:53 PM,2.00,2.34,285.0,1.156,90.887,1069.350,-0.168
23813,04/12/26 08:40:53 PM,1.67,2.34,287.8,0.931,92.290,1069.350,-0.180
23814,04/12/26 08:50:53 PM,1.67,2.34,273.8,0.807,93.146,1069.350,-0.177
23815,04/12/26 09:00:53 PM,1.34,2.00,290.6,0.437,93.902,1069.350,-0.433
23816,04/12/26 09:10:53 PM,2.00,3.34,307.5,0.223,95.285,1069.350,-0.446
23817,04/12/26 09:20:53 PM,1.67,2.67,307.5,0.368,95.180,1069.350,-0.316
23818,04/12/26 09:30:53 PM,1.67,2.00,252.7,-0.153,95.409,1069.350,-0.802
23819,04/12/26 09:40:53 PM,1.00,1.67,283.6,-0.482,96.732,1069.350,-0.942
23820,04/12/26 09:50:53 PM,1.67,2.34,251.3,-0.244,96.941,1069.350,-0.675
23821,04/12/26 10:00:53 PM,1.34,2.34,278.0,-0.560,96.681,1069.350,-1.027
23822,04/12/26 10:10:53 PM,1.34,2.00,310.3,-0.788,98.128,1069.350,-1.052
23823,04/12/26 10:20:53 PM,1.34,2.00,276.6,-0.632,97.766,1069.350,-0.947
23824,04/12/26 10:30:53 PM,1.34,2.67,304.7,-1.161,97.626,1069.350,-1.495
23825,04/12/26 10:40:53 PM,1.34,2.34,294.8,-1.043,98.813,1069.350,-1.212
23826,04/12/26 10:50:53 PM,1.34,2.00,265.3,-0.434,98.563,1069.350,-0.638
23827,04/12/26 11:00:53 PM,1.34,2.00,240.1,-0.673,97.879,1069.350,-0.972
23828,04/12/26 11:10:53 PM,1.34,2.00,244.3,-1.496,97.992,1069.350,-1.779
23829,04/12/26 11:20:53 PM,1.00,1.67,223.2,-1.311,98.593,1069.350,-1.511
23830,04/12/26 11:30:53 PM,0.00,0.00,245.7,-1.348,98.602,1069.350,-1.547
23831,04/12/26 11:40:53 PM,1.00,2.00,311.7,-0.992,98.534,1069.350,-1.200
23832,04/12/26 11:50:53 PM,1.00,1.67,297.6,-0.654,97.638,1069.350,-0.987
23833,04/13/26 12:00:53 AM,1.00,1.67,321.5,-0.978,97.458,1069.350,-1.335
23834,04/13/26 12:10:53 AM,0.00,0.67,310.3,-0.657,97.343,1069.350,-1.031
23835,04/13/26 12:20:53 AM,0.00,0.00,327.1,-0.606,96.933,1069.350,-1.038
23836,04/13/26 12:30:53 AM,0.67,1.34,294.8,-0.968,97.105,1069.350,-1.375
23837,04/13/26 12:40:53 AM,0.67,1.67,301.8,-0.903,97.890,1069.350,-1.200
23838,04/13/26 12:50:53 AM,0.67,1.67,224.6,-1.726,97.258,1069.350,-2.110
23839,04/13/26 01:00:53 AM,1.00,1.67,308.9,-1.911,98.802,1069.350,-2.082
23840,04/13/26 01:10:53 AM,0.33,1.00,335.5,-1.453,99.220,1069.350,-1.567
23841,04/13/26 01:20:53 AM,0.00,0.00,335.5,-1.547,97.754,1069.350,-1.863
23842,04/13/26 01:30:53 AM,0.00,0.00,335.5,-1.257,98.395,1069.350,-1.484
23843,04/13/26 01:40:53 AM,0.00,0.00,335.5,-0.793,97.130,1069.350,-1.197
23844,04/13/26 01:50:53 AM,0.00,0.00,328.5,-0.791,96.507,1069.350,-1.282
23845,04/13/26 02:00:53 AM,0.33,1.67,245.7,-0.388,96.254,1069.350,-0.916
23846,04/13/26 02:10:53 AM,0.67,1.67,155.8,-0.619,95.717,1069.350,-1.223
23847,04/13/26 02:20:53 AM,1.34,3.67,80.0,-0.611,96.042,1069.350,-1.169
23848,04/13/26 02:30:53 AM,1.00,1.67,54.8,-0.064,93.849,1069.350,-0.939
23849,04/13/26 02:40:53 AM,1.34,3.34,96.9,0.625,90.802,1069.350,-0.707
23850,04/13/26 02:50:53 AM,1.34,4.01,158.6,1.172,89.255,1069.350,-0.401
23851,04/13/26 03:00:53 AM,0.00,1.00,190.9,1.113,89.601,1069.350,-0.406
23852,04/13/26 03:10:53 AM,0.33,1.67,344.0,1.293,88.725,1069.350,-0.363
23853,04/13/26 03:20:53 AM,1.34,3.67,91.3,1.362,88.502,1069.350,-0.329
23854,04/13/26 03:30:53 AM,2.34,3.67,148.8,1.394,89.348,1069.350,-0.167
23855,04/13/26 03:40:53 AM,2.67,5.01,150.2,1.445,89.583,1069.350,-0.080
23856,04/13/26 03:50:53 AM,2.34,4.34,165.7,1.507,89.313,1069.350,-0.061
23857,04/13/26 04:00:53 AM,1.67,3.01,168.5,1.510,88.998,1069.350,-0.106
23858,04/13/26 04:10:53 AM,1.00,2.00,155.8,1.225,90.269,1069.350,-0.193
23859,04/13/26 04:20:53 AM,1.00,2.67,192.3,1.236,89.950,1069.350,-0.231
23860,04/13/26 04:30:53 AM,1.67,3.01,198.0,1.209,90.025,1069.350,-0.246
23861,04/13/26 04:40:53 AM,1.34,2.67,198.0,1.303,89.261,1069.350,-0.270
23862,04/13/26 04:50:53 AM,0.33,1.67,169.9,1.303,88.977,1069.350,-0.314
23863,04/13/26 05:00:53 AM,0.00,0.67,168.5,1.113,89.433,1069.350,-0.432
23864,04/13/26 05:10:53 AM,0.67,3.01,193.7,1.250,88.913,1069.350,-0.376
23865,04/13/26 05:20:53 AM,0.33,1.00,216.2,1.193,89.017,1069.350,-0.417
23866,04/13/26 05:30:53 AM,0.00,0.00,223.2,0.995,89.393,1069.350,-0.555
23867,04/13/26 05:40:53 AM,0.00,0.00,223.2,1.000,89.397,1069.350,-0.549
23868,04/13/26 05:50:53 AM,0.33,1.67,192.3,0.984,89.131,1069.350,-0.606
23869,04/13/26 06:00:53 AM,0.33,1.00,185.3,0.866,89.813,1069.350,-0.618
23870,04/13/26 06:10:53 AM,0.33,1.34,186.7,0.705,90.329,1069.350,-0.699
23871,04/13/26 06:20:53 AM,0.00,0.00,186.7,0.392,91.966,1069.350,-0.763
23872,04/13/26 06:30:53 AM,0.33,1.34,160.0,0.247,93.782,1069.350,-0.640
23873,04/13/26 06:40:53 AM,1.00,1.34,54.8,0.472,92.795,1069.350,-0.561
23874,04/13/26 06:50:53 AM,0.67,1.34,88.4,0.397,93.208,1069.350,-0.575
23875,04/13/26 07:00:53 AM,0.00,0.00,98.3,0.314,93.489,1069.350,-0.616
23876,04/13/26 07:10:53 AM,0.33,1.67,103.9,0.298,93.165,1069.350,-0.679
23877,04/13/26 07:20:53 AM,1.00,2.00,115.1,0.491,92.340,1069.350,-0.609
23878,04/13/26 07:30:53 AM,1.34,3.01,122.1,0.641,91.373,1069.350,-0.605
23879,04/13/26 07:40:53 AM,1.00,2.00,134.8,0.813,90.282,1069.350,-0.599
23880,04/13/26 07:50:53 AM,1.34,2.00,129.2,0.864,90.608,1069.350,-0.499
23881,04/13/26 08:00:53 AM,1.34,2.34,130.6,0.960,90.301,1069.350,-0.451
23882,04/13/26 08:10:53 AM,1.00,1.67,119.3,0.971,90.904,1069.350,-0.348
23883,04/13/26 08:20:53 AM,0.67,2.34,143.2,1.124,90.506,1069.350,-0.257
23884,04/13/26 08:30:53 AM,1.34,2.34,167.1,0.845,93.304,1069.350,-0.115
23885,04/13/26 08:40:53 AM,1.34,2.00,161.5,0.488,96.133,1069.350,-0.060
23886,04/13/26 08:50:53 AM,1.00,2.00,160.0,0.349,97.600,1069.350,0.010
23887,04/13/26 09:00:53 AM,1.34,2.34,133.4,0.309,98.567,1069.350,0.106
23888,04/13/26 09:10:53 AM,1.67,2.34,124.9,0.298,99.214,1069.350,0.185
23889,04/13/26 09:20:53 AM,1.00,2.34,150.2,0.566,98.535,1069.350,0.358
23890,04/13/26 09:30:53 AM,0.67,1.34,123.5,0.952,96.825,1069.350,0.502
23891,04/13/26 09:40:53 AM,0.33,1.34,167.1,1.158,96.481,1069.350,0.658
23892,04/13/26 09:50:53 AM,0.67,2.00,193.7,1.483,96.153,1069.350,0.935
23893,04/13/26 10:00:53 AM,2.67,4.01,209.2,1.775,94.125,1069.350,0.930
23894,04/13/26 10:10:53 AM,2.34,4.01,214.8,2.032,92.952,1069.350,1.011
23895,04/13/26 10:20:53 AM,3.01,4.34,209.2,2.370,91.934,1069.350,1.194
23896,04/13/26 10:30:53 AM,2.67,5.01,221.8,2.837,91.209,1069.350,1.547
23897,04/13/26 10:40:53 AM,4.01,6.01,212.0,2.721,89.899,1069.350,1.230
23898,04/13/26 10:50:53 AM,4.01,5.68,227.4,2.780,89.659,1069.350,1.252
23899,04/13/26 11:00:53 AM,4.01,6.35,220.4,2.708,90.553,1069.350,1.318
23900,04/13/26 11:10:53 AM,3.67,6.01,216.2,2.614,91.019,1069.350,1.297
23901,04/13/26 11:20:53 AM,3.34,5.01,227.4,2.893,90.535,1069.350,1.499
23902,04/13/26 11:30:53 AM,3.01,5.34,237.3,3.612,90.303,1069.350,2.175
23903,04/13/26 11:40:53 AM,4.68,7.01,258.3,3.563,89.471,1069.350,1.996
23904,04/13/26 11:50:53 AM,4.68,7.01,262.5,3.343,89.677,1069.350,1.811
23905,04/13/26 12:00:53 PM,4.34,6.68,256.9,3.630,88.708,1069.350,1.943
23906,04/13/26 12:10:53 PM,4.68,7.01,252.7,3.665,88.078,1069.350,1.878
23907,04/13/26 12:20:53 PM,4.01,6.35,255.5,4.105,88.470,1069.350,2.374
23908,04/13/26 12:30:53 PM,4.68,7.01,271.0,3.955,87.687,1069.350,2.102
23909,04/13/26 12:40:53 PM,4.34,6.01,268.1,4.319,87.918,1069.350,2.497
23910,04/13/26 12:50:53 PM,4.68,7.35,265.3,5.016,84.489,1069.350,2.624
23911,04/13/26 01:00:53 PM,5.01,7.35,263.9,4.885,85.821,1069.350,2.715
23912,04/13/26 01:10:53 PM,5.01,7.35,265.3,5.263,84.332,1069.350,2.840
23913,04/13/26 01:20:53 PM,5.01,7.68,262.5,5.252,85.025,1069.350,2.945
23914,04/13/26 01:30:53 PM,5.34,8.02,271.0,4.839,86.209,1069.350,2.734
23915,04/13/26 01:40:53 PM,5.34,7.68,268.1,5.306,85.389,1069.350,3.058
23916,04/13/26 01:50:53 PM,5.68,8.35,275.2,5.051,85.487,1069.350,2.824
23917,04/13/26 02:00:53 PM,6.01,8.35,273.8,5.059,85.808,1069.350,2.885
23918,04/13/26 02:10:53 PM,5.68,8.68,265.3,5.735,83.684,1069.350,3.195
23919,04/13/26 02:20:53 PM,5.68,8.68,266.7,4.931,83.893,1069.350,2.441
23920,04/13/26 02:30:53 PM,5.68,8.02,256.9,4.649,85.013,1069.350,2.350
23921,04/13/26 02:40:53 PM,5.34,7.68,268.1,5.145,84.907,1069.350,2.820
23922,04/13/26 02:50:53 PM,6.01,9.02,269.6,5.016,83.696,1069.350,2.491
23923,04/13/26 03:00:53 PM,6.35,9.02,273.8,4.831,84.413,1069.350,2.430
23924,04/13/26 03:10:53 PM,5.68,8.02,269.6,5.108,84.036,1069.350,2.639
23925,04/13/26 03:20:53 PM,5.68,9.02,265.3,4.931,85.486,1069.350,2.706
23926,04/13/26 03:30:53 PM,6.01,8.68,265.3,4.569,85.191,1069.350,2.301
23927,04/13/26 03:40:53 PM,6.01,8.35,268.1,5.059,84.314,1069.350,2.637
23928,04/13/26 03:50:53 PM,5.68,8.68,268.1,5.880,82.495,1069.350,3.135
23929,04/13/26 04:00:53 PM,5.68,8.35,263.9,5.960,81.975,1069.350,3.123
23930,04/13/26 04:10:53 PM,5.34,8.35,268.1,5.011,84.570,1069.350,2.633
23931,04/13/26 04:20:53 PM,5.34,7.35,275.2,4.915,84.807,1069.350,2.578
23932,04/13/26 04:30:53 PM,5.01,7.35,265.3,4.802,86.159,1069.350,2.689
23933,04/13/26 04:40:53 PM,5.01,8.02,271.0,5.598,84.648,1069.350,3.222
23934,04/13/26 04:50:53 PM,5.68,8.02,263.9,5.732,82.731,1069.350,3.030
23935,04/13/26 05:00:53 PM,5.34,7.68,259.7,5.389,84.439,1069.350,2.982
23936,04/13/26 05:10:53 PM,6.01,8.35,259.7,5.866,82.145,1069.350,3.061
23937,04/13/26 05:20:53 PM,5.68,7.68,262.5,5.759,82.724,1069.350,3.055
23938,04/13/26 05:30:53 PM,6.35,9.35,273.8,5.853,82.400,1069.350,3.092
23939,04/13/26 05:40:53 PM,6.68,10.35,266.7,6.188,79.634,1069.350,2.937
23940,04/13/26 05:50:53 PM,7.01,9.68,266.7,5.577,81.286,1069.350,2.630
23941,04/13/26 06:00:53 PM,6.68,10.02,268.1,5.260,82.739,1069.350,2.569
23942,04/13/26 06:10:53 PM,6.35,9.68,269.6,5.314,81.990,1069.350,2.494
23943,04/13/26 06:20:53 PM,6.35,9.02,262.5,4.775,83.781,1069.350,2.269
23944,04/13/26 06:30:53 PM,6.01,8.68,262.5,4.780,84.503,1069.350,2.395
23945,04/13/26 06:40:53 PM,6.01,9.35,262.5,5.939,80.764,1069.350,2.893
23946,04/13/26 06:50:53 PM,6.01,8.68,265.3,6.057,79.322,1069.350,2.754
23947,04/13/26 07:00:53 PM,6.68,9.68,266.7,5.612,79.585,1069.350,2.367
23948,04/13/26 07:10:53 PM,6.35,8.35,273.8,5.397,79.530,1069.350,2.148
23949,04/13/26 07:20:53 PM,5.68,8.02,283.6,4.716,81.662,1069.350,1.853
23950,04/13/26 07:30:53 PM,5.34,8.02,282.2,4.408,83.713,1069.350,1.898
23951,04/13/26 07:40:53 PM,5.01,7.35,286.4,4.172,84.692,1069.350,1.829
23952,04/13/26 07:50:53 PM,5.34,7.35,289.2,4.105,85.480,1069.350,1.892
23953,04/13/26 08:00:53 PM,5.01,7.01,280.8,3.826,86.665,1069.350,1.810
23954,04/13/26 08:10:53 PM,5.01,7.35,282.2,3.515,87.463,1069.350,1.632
23955,04/13/26 08:20:53 PM,4.68,6.68,279.4,2.917,90.004,1069.350,1.440
23956,04/13/26 08:30:53 PM,4.34,6.35,279.4,2.630,90.906,1069.350,1.295
23957,04/13/26 08:40:53 PM,4.68,6.35,286.4,2.676,89.944,1069.350,1.193
23958,04/13/26 08:50:53 PM,4.34,6.35,286.4,2.689,88.768,1069.350,1.023
23959,04/13/26 09:00:53 PM,2.67,5.01,282.2,2.405,89.776,1069.350,0.899
23960,04/13/26 09:10:53 PM,1.00,2.00,213.4,1.802,91.415,1069.350,0.552
23961,04/13/26 09:20:53 PM,1.00,2.34,150.2,0.912,94.166,1069.350,0.078
23962,04/13/26 09:30:53 PM,0.33,1.34,175.5,0.856,94.102,1069.350,0.013
23963,04/13/26 09:40:53 PM,1.67,3.34,315.9,1.038,92.470,1069.350,-0.047
23964,04/13/26 09:50:53 PM,1.67,2.34,292.0,0.622,92.805,1069.350,-0.411
23965,04/13/26 10:00:53 PM,2.00,3.67,286.4,0.590,93.994,1069.350,-0.268
23966,04/13/26 10:10:53 PM,2.67,4.01,303.2,0.882,93.159,1069.350,-0.100
23967,04/13/26 10:20:53 PM,2.34,3.34,299.0,0.984,92.749,1069.350,-0.059
23968,04/13/26 10:30:53 PM,2.34,3.67,290.6,0.821,93.149,1069.350,-0.162
23969,04/13/26 10:40:53 PM,3.67,4.68,293.4,1.040,91.531,1069.350,-0.186
23970,04/13/26 10:50:53 PM,4.01,5.01,292.0,1.011,91.690,1069.350,-0.191
23971,04/13/26 11:00:53 PM,4.01,5.34,299.0,1.091,91.736,1069.350,-0.104
23972,04/13/26 11:10:53 PM,3.34,4.34,293.4,0.933,91.740,1069.350,-0.260
23973,04/13/26 11:20:53 PM,2.67,3.67,293.4,0.705,92.067,1069.350,-0.438
23974,04/13/26 11:30:53 PM,2.00,3.01,287.8,0.469,91.713,1069.350,-0.725
23975,04/13/26 11:40:53 PM,1.67,2.34,259.7,-0.327,94.022,1069.350,-1.176
23976,04/13/26 11:50:53 PM,2.67,3.67,301.8,0.295,93.561,1069.350,-0.624
23977,04/14/26 12:00:53 AM,2.34,3.34,249.9,-0.220,93.121,1069.350,-1.200
23978,04/14/26 12:10:53 AM,1.67,3.34,252.7,-1.008,95.486,1069.350,-1.643
23979,04/14/26 12:20:53 AM,2.00,3.34,262.5,-1.120,96.487,1069.350,-1.613
23980,04/14/26 12:30:53 AM,2.67,4.34,290.6,-0.244,96.504,1069.350,-0.737
23981,04/14/26 12:40:53 AM,3.01,4.68,290.6,0.180,95.117,1069.350,-0.513
23982,04/14/26 12:50:53 AM,3.34,5.01,301.8,0.201,95.152,1069.350,-0.487
23983,04/14/26 01:00:53 AM,3.67,5.34,304.7,0.338,94.620,1069.350,-0.427
23984,04/14/26 01:10:53 AM,2.34,4.68,313.1,0.057,94.896,1069.350,-0.667
23985,04/14/26 01:20:53 AM,0.67,1.34,292.0,-0.528,95.543,1069.350,-1.157
23986,04/14/26 01:30:53 AM,0.00,1.34,273.8,-0.748,96.222,1069.350,-1.280
23987,04/14/26 01:40:53 AM,0.33,1.34,252.7,-0.796,96.478,1069.350,-1.291
23988,04/14/26 01:50:53 AM,1.34,3.01,230.2,-0.834,96.446,1069.350,-1.334
23989,04/14/26 02:00:53 AM,1.34,2.67,235.9,-0.799,96.229,1069.350,-1.330
23990,04/14/26 02:10:53 AM,1.67,2.67,234.5,-1.083,96.410,1069.350,-1.587
23991,04/14/26 02:20:53 AM,1.00,3.01,227.4,-1.284,96.902,1069.350,-1.719
23992,04/14/26 02:30:53 AM,2.00,3.34,235.9,-1.348,96.442,1069.350,-1.847
23993,04/14/26 02:40:53 AM,1.34,2.34,249.9,-1.718,96.724,1069.350,-2.177
23994,04/14/26 02:50:53 AM,1.34,2.67,234.5,-1.871,96.941,1069.350,-2.299
23995,04/14/26 03:00:53 AM,1.67,2.34,212.0,-1.882,97.397,1069.350,-2.247
23996,04/14/26 03:10:53 AM,1.00,2.34,228.8,-1.547,97.292,1069.350,-1.927
23997,04/14/26 03:20:53 AM,0.67,1.34,230.2,-1.876,96.899,1069.350,-2.310
23998,04/14/26 03:30:53 AM,1.00,2.34,252.7,-1.740,97.116,1069.350,-2.144
23999,04/14/26 03:40:53 AM,1.67,2.67,265.3,-1.903,97.201,1069.350,-2.295
24000,04/14/26 03:50:53 AM,1.67,3.01,252.7,-2.072,97.594,1069.350,-2.409
24001,04/14/26 04:00:53 AM,1.34,2.67,263.9,-1.691,97.052,1069.350,-2.104
24002,04/14/26 04:10:53 AM,3.01,5.01,307.5,-0.745,96.268,1069.350,-1.270
24003,04/14/26 04:20:53 AM,4.34,5.68,322.9,-0.179,94.830,1069.350,-0.912
24004,04/14/26 04:30:53 AM,4.01,5.68,324.3,-0.252,94.708,1069.350,-1.002
24005,04/14/26 04:40:53 AM,3.01,5.01,311.7,-0.740,95.528,1069.350,-1.370
24006,04/14/26 04:50:53 AM,3.67,6.01,313.1,-0.624,95.030,1069.350,-1.326
24007,04/14/26 05:00:53 AM,4.01,5.68,313.1,-0.397,93.904,1069.350,-1.262
24008,04/14/26 05:10:53 AM,3.34,5.01,313.1,-0.394,93.754,1069.350,-1.281
24009,04/14/26 05:20:53 AM,2.34,3.34,307.5,-0.662,94.328,1069.350,-1.465
24010,04/14/26 05:30:53 AM,3.01,4.68,304.7,-0.796,94.936,1069.350,-1.511
24011,04/14/26 05:40:53 AM,1.67,4.34,293.4,-1.021,94.716,1069.350,-1.766
24012,04/14/26 05:50:53 AM,1.00,2.67,279.4,-1.311,95.734,1069.350,-1.910
24013,04/14/26 06:00:53 AM,1.67,3.34,263.9,-1.721,96.500,1069.350,-2.211
24014,04/14/26 06:10:53 AM,3.01,4.68,287.8,-0.989,95.856,1069.350,-1.572
24015,04/14/26 06:20:53 AM,3.67,4.68,290.6,-1.029,95.331,1069.350,-1.686
24016,04/14/26 06:30:53 AM,3.01,5.01,294.8,-1.279,95.720,1069.350,-1.880
24017,04/14/26 06:40:53 AM,3.34,5.01,320.1,-0.836,94.588,1069.350,-1.600
24018,04/14/26 06:50:53 AM,1.34,4.34,268.1,-1.083,94.392,1069.350,-1.874
24019,04/14/26 07:00:53 AM,1.67,3.01,240.1,-1.415,95.245,1069.350,-2.083
24020,04/14/26 07:10:53 AM,1.67,3.67,280.8,-1.190,95.151,1069.350,-1.872
24021,04/14/26 07:20:53 AM,2.34,4.01,310.3,-0.383,93.181,1069.350,-1.354
24022,04/14/26 07:30:53 AM,3.01,5.68,314.5,-0.380,92.839,1069.350,-1.401
24023,04/14/26 07:40:53 AM,4.01,5.68,318.7,-0.225,93.156,1069.350,-1.200
24024,04/14/26 07:50:53 AM,3.34,5.34,315.9,0.309,92.490,1069.350,-0.768
24025,04/14/26 08:00:53 AM,3.67,5.34,315.9,0.923,91.630,1069.350,-0.287
24026,04/14/26 08:10:53 AM,3.67,5.68,311.7,1.579,90.846,1069.350,0.245
24027,04/14/26 08:20:53 AM,3.67,5.68,310.3,2.207,89.702,1069.350,0.691
24028,04/14/26 08:30:53 AM,3.34,4.68,297.6,2.708,89.093,1069.350,1.092
24029,04/14/26 08:40:53 AM,3.34,5.01,289.2,3.298,87.959,1069.350,1.497
24030,04/14/26 08:50:53 AM,3.67,5.68,271.0,3.861,85.875,1069.350,1.717
24031,04/14/26 09:00:53 AM,4.01,5.34,272.4,4.041,84.802,1069.350,1.718
24032,04/14/26 09:10:53 AM,3.34,5.01,271.0,4.569,83.450,1069.350,2.012
24033,04/14/26 09:20:53 AM,3.67,5.01,272.4,4.890,82.586,1069.350,2.181
24034,04/14/26 09:30:53 AM,3.67,4.68,271.0,5.228,81.260,1069.350,2.284
24035,04/14/26 09:40:53 AM,3.67,5.34,266.7,5.837,79.304,1069.350,2.537
24036,04/14/26 09:50:53 AM,4.01,6.01,261.1,6.204,77.276,1069.350,2.529
24037,04/14/26 10:00:53 AM,4.34,7.01,262.5,6.164,76.129,1069.350,2.281
24038,04/14/26 10:10:53 AM,4.34,6.68,268.1,6.266,75.044,1069.350,2.178
24039,04/14/26 10:20:53 AM,5.01,7.01,268.1,6.038,74.806,1069.350,1.913
24040,04/14/26 10:30:53 AM,5.34,7.68,268.1,6.472,73.101,1069.350,2.010
24041,04/14/26 10:40:53 AM,4.68,7.68,266.7,6.279,74.777,1069.350,2.141
24042,04/14/26 10:50:53 AM,4.68,7.35,259.7,7.140,72.946,1069.350,2.625
24043,04/14/26 11:00:53 AM,4.68,7.01,279.4,7.113,69.662,1069.350,1.953
24044,04/14/26 11:10:53 AM,5.34,7.68,282.2,6.679,69.178,1069.350,1.439
24045,04/14/26 11:20:53 AM,5.34,7.35,275.2,6.499,70.433,1069.350,1.517
24046,04/14/26 11:30:53 AM,4.01,7.35,271.0,6.842,70.799,1069.350,1.919
24047,04/14/26 11:40:53 AM,5.01,8.68,271.0,7.378,65.785,1069.350,1.407
24048,04/14/26 11:50:53 AM,5.01,9.02,271.0,7.654,65.399,1069.350,1.588
24049,04/14/26 12:00:53 PM,5.68,8.35,252.7,7.719,64.416,1069.350,1.438
24050,04/14/26 12:10:53 PM,5.68,9.02,254.1,7.722,64.526,1069.350,1.465
24051,04/14/26 12:20:53 PM,5.68,9.02,282.2,6.660,65.496,1069.350,0.661
24052,04/14/26 12:30:53 PM,5.68,9.02,283.6,6.947,65.238,1069.350,0.880
24053,04/14/26 12:40:53 PM,5.34,8.02,283.6,6.732,65.359,1069.350,0.701
24054,04/14/26 12:50:53 PM,5.01,7.68,282.2,6.537,66.786,1069.350,0.814
24055,04/14/26 01:00:53 PM,5.68,8.35,279.4,6.587,65.734,1069.350,0.642
24056,04/14/26 01:10:53 PM,5.68,9.02,251.3,8.775,59.747,1069.350,1.390
24057,04/14/26 01:20:53 PM,5.34,9.02,263.9,8.094,60.125,1069.350,0.836
24058,04/14/26 01:30:53 PM,6.01,10.02,263.9,7.923,59.226,1069.350,0.466
24059,04/14/26 01:40:53 PM,6.01,8.35,286.4,7.231,62.634,1069.350,0.586
24060,04/14/26 01:50:53 PM,6.01,8.68,279.4,7.250,61.901,1069.350,0.441
24061,04/14/26 02:00:53 PM,6.35,9.35,262.5,8.687,60.879,1069.350,1.569
24062,04/14/26 02:10:53 PM,6.68,9.68,276.6,8.537,58.903,1069.350,0.968
24063,04/14/26 02:20:53 PM,5.34,7.68,259.7,8.062,60.732,1069.350,0.945
24064,04/14/26 02:30:53 PM,5.01,8.68,276.6,7.504,60.476,1069.350,0.359
24065,04/14/26 02:40:53 PM,5.68,8.35,283.6,7.451,62.130,1069.350,0.682
24066,04/14/26 02:50:53 PM,6.01,9.02,282.2,7.684,60.589,1069.350,0.555
24067,04/14/26 03:00:53 PM,5.34,8.35,261.1,8.727,58.273,1069.350,0.998
24068,04/14/26 03:10:53 PM,5.68,8.68,258.3,9.091,57.786,1069.350,1.223
24069,04/14/26 03:20:53 PM,5.01,8.35,276.6,8.681,56.899,1069.350,0.624
24070,04/14/26 03:30:53 PM,4.68,7.01,258.3,8.949,57.086,1069.350,0.920
24071,04/14/26 03:40:53 PM,4.34,7.68,282.2,9.134,55.669,1069.350,0.745
24072,04/14/26 03:50:53 PM,4.68,8.35,290.6,9.097,57.243,1069.350,1.097
24073,04/14/26 04:00:53 PM,4.34,8.68,285.0,9.260,56.858,1069.350,1.156
24074,04/14/26 04:10:53 PM,4.68,6.68,271.0,9.220,54.635,1069.350,0.566
24075,04/14/26 04:20:53 PM,4.34,7.35,276.6,9.684,54.543,1069.350,0.975
24076,04/14/26 04:30:53 PM,4.68,8.68,275.2,9.285,53.902,1069.350,0.440
24077,04/14/26 04:40:53 PM,4.34,6.68,283.6,9.550,54.110,1069.350,0.740
24078,04/14/26 04:50:53 PM,4.34,8.02,282.2,9.429,53.677,1069.350,0.516
24079,04/14/26 05:00:53 PM,4.01,6.68,276.6,9.799,53.471,1069.350,0.807
24080,04/14/26 05:10:53 PM,4.68,7.35,289.2,9.620,54.611,1069.350,0.933
24081,04/14/26 05:20:53 PM,4.68,8.02,271.0,9.971,54.432,1069.350,1.215
24082,04/14/26 05:30:53 PM,4.34,7.01,262.5,10.092,52.535,1069.350,0.835
24083,04/14/26 05:40:53 PM,4.68,7.35,269.6,9.853,51.957,1069.350,0.460
24084,04/14/26 05:50:53 PM,3.67,6.01,261.1,9.992,51.781,1069.350,0.542
24085,04/14/26 06:00:53 PM,3.67,6.35,263.9,9.998,52.232,1069.350,0.667
24086,04/14/26 06:10:53 PM,3.67,7.01,261.1,9.909,50.817,1069.350,0.205
24087,04/14/26 06:20:53 PM,3.34,5.34,273.8,9.976,50.291,1069.350,0.124
24088,04/14/26 06:30:53 PM,4.01,7.01,294.8,9.732,49.999,1069.350,-0.181
24089,04/14/26 06:40:53 PM,4.01,6.01,296.2,9.504,52.151,1069.350,0.188
24090,04/14/26 06:50:53 PM,3.67,5.68,287.8,9.577,50.968,1069.350,-0.061
24091,04/14/26 07:00:53 PM,4.01,5.68,314.5,9.285,50.875,1069.350,-0.356
24092,04/14/26 07:10:53 PM,3.34,5.68,306.1,9.459,51.745,1069.350,0.038
24093,04/14/26 07:20:53 PM,3.01,5.01,299.0,9.226,51.467,1069.350,-0.252
24094,04/14/26 07:30:53 PM,2.00,3.67,304.7,8.625,53.407,1069.350,-0.301
24095,04/14/26 07:40:53 PM,2.00,3.01,314.5,8.496,54.720,1069.350,-0.088
24096,04/14/26 07:50:53 PM,1.34,2.34,310.3,7.909,56.495,1069.350,-0.198
24097,04/14/26 08:00:53 PM,2.34,3.01,313.1,6.660,60.229,1069.350,-0.494
24098,04/14/26 08:10:53 PM,2.67,3.34,318.7,5.856,64.028,1069.350,-0.416
24099,04/14/26 08:20:53 PM,2.67,3.34,320.1,5.290,66.004,1069.350,-0.539
24100,04/14/26 08:30:53 PM,2.34,3.01,321.5,4.920,65.893,1069.350,-0.915
24101,04/14/26 08:40:53 PM,1.67,2.34,329.9,4.201,68.103,1069.350,-1.152
24102,04/14/26 08:50:53 PM,2.00,2.67,331.3,3.236,71.402,1069.350,-1.435
24103,04/14/26 09:00:53 PM,1.00,2.34,325.7,2.547,73.619,1069.350,-1.684
24104,04/14/26 09:10:53 PM,0.67,1.67,248.5,2.325,74.783,1069.350,-1.686
24105,04/14/26 09:20:53 PM,0.33,1.34,240.1,2.376,74.260,1069.350,-1.732
24106,04/14/26 09:30:53 PM,0.00,0.00,240.1,1.861,76.597,1069.350,-1.811
24107,04/14/26 09:40:53 PM,0.33,1.67,252.7,2.207,75.547,1069.350,-1.663
24108,04/14/26 09:50:53 PM,1.34,2.00,297.6,1.735,78.093,1069.350,-1.671
24109,04/14/26 10:00:53 PM,1.00,1.34,310.3,2.089,77.557,1069.350,-1.420
24110,04/14/26 10:10:53 PM,0.67,1.00,314.5,2.408,76.008,1069.350,-1.385
24111,04/14/26 10:20:53 PM,1.00,1.34,311.7,2.486,76.503,1069.350,-1.221
24112,04/14/26 10:30:53 PM,1.00,1.34,275.2,2.697,75.361,1069.350,-1.221
24113,04/14/26 10:40:53 PM,1.34,1.67,276.6,2.016,79.680,1069.350,-1.124
24114,04/14/26 10:50:53 PM,1.00,1.34,275.2,2.054,80.423,1069.350,-0.960
24115,04/14/26 11:00:53 PM,1.34,1.34,282.2,2.207,79.855,1069.350,-0.907
24116,04/14/26 11:10:53 PM,1.00,1.34,282.2,2.386,79.515,1069.350,-0.791
24117,04/14/26 11:20:53 PM,1.34,1.67,272.4,2.614,79.481,1069.350,-0.575
24118,04/14/26 11:30:53 PM,1.34,2.00,271.0,2.260,82.856,1069.350,-0.351
24119,04/14/26 11:40:53 PM,1.67,2.34,317.3,2.705,80.128,1069.350,-0.375
24120,04/14/26 11:50:53 PM,1.34,2.34,325.7,3.676,75.274,1069.350,-0.288
24121,04/15/26 12:00:53 AM,1.00,1.67,313.1,3.979,74.150,1069.350,-0.201
24122,04/15/26 12:10:53 AM,0.67,1.00,304.7,3.898,75.399,1069.350,-0.050
24123,04/15/26 12:20:53 AM,1.00,2.00,296.2,4.188,74.043,1069.350,-0.019
24124,04/15/26 12:30:53 AM,1.34,2.00,294.8,4.451,71.626,1069.350,-0.222
24125,04/15/26 12:40:53 AM,1.34,2.67,261.1,4.475,71.562,1069.350,-0.211
24126,04/15/26 12:50:53 AM,1.34,3.01,271.0,4.325,72.320,1069.350,-0.211
24127,04/15/26 01:00:53 AM,1.67,2.67,266.7,4.024,74.708,1069.350,-0.055
24128,04/15/26 01:10:53 AM,2.00,3.34,272.4,4.134,73.988,1069.350,-0.082
24129,04/15/26 01:20:53 AM,1.67,3.01,242.9,3.869,76.307,1069.350,0.086
24130,04/15/26 01:30:53 AM,1.34,3.01,262.5,3.472,78.532,1069.350,0.096
24131,04/15/26 01:40:53 AM,1.67,3.67,271.0,3.880,74.907,1069.350,-0.158
24132,04/15/26 01:50:53 AM,2.00,3.01,276.6,4.201,72.642,1069.350,-0.269
24133,04/15/26 02:00:53 AM,1.67,2.34,247.1,3.333,76.616,1069.350,-0.378
24134,04/15/26 02:10:53 AM,1.67,2.67,263.9,2.931,78.715,1069.350,-0.398
24135,04/15/26 02:20:53 AM,1.67,3.01,287.8,2.931,78.680,1069.350,-0.405
24136,04/15/26 02:30:53 AM,2.67,3.67,321.5,3.526,77.638,1069.350,-0.009
24137,04/15/26 02:40:53 AM,3.01,4.68,313.1,3.536,76.994,1069.350,-0.114
24138,04/15/26 02:50:53 AM,3.34,5.34,311.7,4.043,77.900,1069.350,0.541
24139,04/15/26 03:00:53 AM,4.01,6.01,304.7,4.314,79.634,1069.350,1.110
24140,04/15/26 03:10:53 AM,4.34,6.01,307.5,4.577,79.397,1069.350,1.325
24141,04/15/26 03:20:53 AM,4.34,6.68,314.5,4.644,80.316,1069.350,1.550
24142,04/15/26 03:30:53 AM,4.34,6.01,310.3,4.472,81.923,1069.350,1.659
24143,04/15/26 03:40:53 AM,3.67,5.34,301.8,4.284,84.430,1069.350,1.896
24144,04/15/26 03:50:53 AM,2.67,5.34,293.4,4.054,88.627,1069.350,2.349
24145,04/15/26 04:00:53 AM,1.67,3.01,282.2,3.791,90.658,1069.350,2.407
24146,04/15/26 04:10:53 AM,1.34,3.01,306.1,3.625,90.698,1069.350,2.249
24147,04/15/26 04:20:53 AM,1.00,2.00,293.4,3.652,90.486,1069.350,2.243
24148,04/15/26 04:30:53 AM,1.34,2.00,307.5,3.563,91.362,1069.350,2.290
24149,04/15/26 04:40:53 AM,1.67,2.34,307.5,3.713,90.777,1069.350,2.348
24150,04/15/26 04:50:53 AM,1.67,3.34,304.7,3.767,90.881,1069.350,2.418
24151,04/15/26 05:00:53 AM,2.00,2.67,296.2,3.858,90.059,1069.350,2.380
24152,04/15/26 05:10:53 AM,1.67,3.01,276.6,3.805,90.080,1069.350,2.331
24153,04/15/26 05:20:53 AM,0.67,1.34,249.9,3.295,92.520,1069.350,2.200
24154,04/15/26 05:30:53 AM,1.00,1.67,245.7,3.067,93.814,1069.350,2.169
24155,04/15/26 05:40:53 AM,1.00,1.67,231.6,3.108,93.527,1069.350,2.166
24156,04/15/26 05:50:53 AM,1.00,1.67,235.9,3.078,93.719,1069.350,2.165
24157,04/15/26 06:00:53 AM,1.34,2.34,247.1,3.164,94.028,1069.350,2.297
24158,04/15/26 06:10:53 AM,0.67,1.34,258.3,3.199,94.699,1069.350,2.432
24159,04/15/26 06:20:53 AM,1.00,1.34,261.1,3.175,95.351,1069.350,2.504
24160,04/15/26 06:30:53 AM,1.34,3.01,263.9,3.220,93.913,1069.350,2.335
24161,04/15/26 06:40:53 AM,1.00,2.00,273.8,2.995,94.055,1069.350,2.133
24162,04/15/26 06:50:53 AM,0.67,1.00,273.8,2.802,94.400,1069.350,1.992
24163,04/15/26 07:00:53 AM,0.00,0.67,273.8,2.807,93.793,1069.350,1.907
24164,04/15/26 07:10:53 AM,0.00,0.00,273.8,2.767,93.753,1069.350,1.861
24165,04/15/26 07:20:53 AM,0.00,0.00,273.8,2.657,94.668,1069.350,1.888
24166,04/15/26 07:30:53 AM,0.00,1.34,273.8,2.612,94.734,1069.350,1.853
24167,04/15/26 07:40:53 AM,0.67,1.34,320.1,2.775,94.559,1069.350,1.989
24168,04/15/26 07:50:53 AM,0.00,0.00,338.3,2.957,93.925,1069.350,2.076
24169,04/15/26 08:00:53 AM,0.00,0.00,294.8,3.201,93.623,1069.350,2.273
24170,04/15/26 08:10:53 AM,1.00,2.34,283.6,3.440,92.628,1069.350,2.361
24171,04/15/26 08:20:53 AM,2.34,3.34,307.5,3.633,89.537,1069.350,2.076
24172,04/15/26 08:30:53 AM,2.34,3.34,308.9,3.622,88.878,1069.350,1.962
24173,04/15/26 08:40:53 AM,2.34,3.34,311.7,3.486,89.357,1069.350,1.902
24174,04/15/26 08:50:53 AM,2.00,3.01,318.7,3.247,91.325,1069.350,1.971
24175,04/15/26 09:00:53 AM,1.67,2.34,322.9,3.067,92.641,1069.350,1.992
24176,04/15/26 09:10:53 AM,1.34,2.34,327.1,3.043,93.243,1069.350,2.059
24177,04/15/26 09:20:53 AM,1.34,2.00,339.7,3.059,93.188,1069.350,2.067
24178,04/15/26 09:30:53 AM,0.67,1.34,335.5,3.046,93.639,1069.350,2.122
24179,04/15/26 09:40:53 AM,0.33,1.00,325.7,2.990,93.462,1069.350,2.039
24180,04/15/26 09:50:53 AM,0.00,0.00,324.3,3.075,93.706,1069.350,2.160
24181,04/15/26 10:00:53 AM,0.00,0.67,325.7,3.258,94.388,1069.350,2.444
24182,04/15/26 10:10:53 AM,0.33,1.00,351.0,3.255,92.709,1069.350,2.189
24183,04/15/26 10:20:53 AM,0.67,1.34,75.8,3.167,93.280,1069.350,2.188
24184,04/15/26 10:30:53 AM,0.00,0.00,99.7,3.158,93.706,1069.350,2.243
24185,04/15/26 10:40:53 AM,0.00,1.00,94.1,3.078,94.209,1069.350,2.238
24186,04/15/26 10:50:53 AM,0.33,1.00,110.9,3.038,94.658,1069.350,2.265
24187,04/15/26 11:00:53 AM,0.33,1.67,122.1,2.965,94.118,1069.350,2.112
24188,04/15/26 11:10:53 AM,0.33,1.34,124.9,2.949,95.038,1069.350,2.233
24189,04/15/26 11:20:53 AM,0.33,1.67,82.8,3.051,94.794,1069.350,2.298
24190,04/15/26 11:30:53 AM,0.00,0.67,73.0,3.193,94.684,1069.350,2.423
24191,04/15/26 11:40:53 AM,0.00,1.00,91.3,3.204,95.769,1069.350,2.595
24192,04/15/26 11:50:53 AM,0.33,1.34,116.5,3.381,95.399,1069.350,2.716
24193,04/15/26 12:00:53 PM,0.67,2.34,178.3,3.373,94.734,1069.350,2.610
24194,04/15/26 12:10:53 PM,1.00,2.34,199.4,3.461,94.340,1069.350,2.639
24195,04/15/26 12:20:53 PM,2.00,3.01,198.0,3.579,93.927,1069.350,2.695
24196,04/15/26 12:30:53 PM,1.67,3.01,196.5,3.622,93.617,1069.350,2.691
24197,04/15/26 12:40:53 PM,1.67,3.01,192.3,3.834,93.877,1069.350,2.941
24198,04/15/26 12:50:53 PM,1.34,2.67,185.3,4.046,93.526,1069.350,3.098
24199,04/15/26 01:00:53 PM,1.34,2.67,217.6,4.161,92.387,1069.350,3.040
24200,04/15/26 01:10:53 PM,0.33,1.00,199.4,4.585,92.764,1069.350,3.518
24201,04/15/26 01:20:53 PM,0.00,0.33,206.4,4.955,92.287,1069.350,3.812
24202,04/15/26 01:30:53 PM,0.00,1.34,303.2,4.866,92.618,1069.350,3.775
24203,04/15/26 01:40:53 PM,2.34,4.34,235.9,5.118,92.869,1069.350,4.063
24204,04/15/26 01:50:53 PM,3.67,5.68,217.6,5.338,91.600,1069.350,4.086
24205,04/15/26 02:00:53 PM,3.01,4.68,221.8,5.649,92.433,1069.350,4.523
24206,04/15/26 02:10:53 PM,3.34,5.01,223.2,5.681,91.478,1069.350,4.407
24207,04/15/26 02:20:53 PM,3.01,5.01,230.2,5.939,91.032,1069.350,4.592
24208,04/15/26 02:30:53 PM,3.67,5.68,228.8,5.979,90.976,1069.350,4.623
24209,04/15/26 02:40:53 PM,3.34,5.34,234.5,6.067,90.755,1069.350,4.676
24210,04/15/26 02:50:53 PM,2.34,4.68,226.0,6.488,90.603,1069.350,5.068
24211,04/15/26 03:00:53 PM,2.67,4.34,230.2,7.598,87.826,1069.350,5.717
24212,04/15/26 03:10:53 PM,2.67,5.34,212.0,7.826,85.861,1069.350,5.615
24213,04/15/26 03:20:53 PM,1.34,3.34,220.4,7.794,86.529,1069.350,5.695
24214,04/15/26 03:30:53 PM,1.00,2.67,176.9,7.169,86.154,1069.350,5.018
24215,04/15/26 03:40:53 PM,0.67,2.67,167.1,7.258,85.580,1069.350,5.009
24216,04/15/26 03:50:53 PM,2.34,6.35,175.5,7.432,85.451,1069.350,5.159
24217,04/15/26 04:00:53 PM,3.67,5.68,182.5,7.542,84.955,1069.350,5.183
24218,04/15/26 04:10:53 PM,3.67,5.01,193.7,7.504,85.194,1069.350,5.186
24219,04/15/26 04:20:53 PM,2.67,4.68,185.3,7.480,84.376,1069.350,5.024
24220,04/15/26 04:30:53 PM,1.67,3.34,169.9,7.392,86.200,1069.350,5.245
24221,04/15/26 04:40:53 PM,1.34,2.34,164.3,7.384,86.798,1069.350,5.336
24222,04/15/26 04:50:53 PM,1.67,4.01,175.5,7.400,86.485,1069.350,5.300
24223,04/15/26 05:00:53 PM,4.34,7.68,193.7,7.075,87.796,1069.350,5.196
24224,04/15/26 05:10:53 PM,4.01,7.35,209.2,6.102,92.947,1069.350,5.052
24225,04/15/26 05:20:53 PM,2.67,4.34,238.7,5.888,95.474,1069.350,5.225
24226,04/15/26 05:30:53 PM,2.67,3.67,234.5,5.799,94.713,1069.350,5.021
24227,04/15/26 05:40:53 PM,2.34,3.67,230.2,5.695,94.998,1069.350,4.961
24228,04/15/26 05:50:53 PM,2.34,3.34,244.3,5.625,95.789,1069.350,5.010
24229,04/15/26 06:00:53 PM,2.67,4.01,263.9,5.595,95.277,1069.350,4.903
24230,04/15/26 06:10:53 PM,2.67,5.01,248.5,5.515,96.471,1069.350,5.002
24231,04/15/26 06:20:53 PM,3.01,5.01,254.1,5.405,95.714,1069.350,4.780
24232,04/15/26 06:30:53 PM,1.67,3.34,258.3,5.435,97.218,1069.350,5.033
24233,04/15/26 06:40:53 PM,0.33,1.34,237.3,5.593,97.646,1069.350,5.254
24234,04/15/26 06:50:53 PM,0.00,0.00,230.2,5.617,96.153,1069.350,5.057
24235,04/15/26 07:00:53 PM,0.33,1.67,106.7,5.713,96.831,1069.350,5.253
24236,04/15/26 07:10:53 PM,2.67,4.68,32.3,5.713,97.089,1069.350,5.292
24237,04/15/26 07:20:53 PM,3.01,4.68,21.1,5.579,97.174,1069.350,5.170
24238,04/15/26 07:30:53 PM,0.67,3.01,352.4,5.657,95.947,1069.350,5.066
24239,04/15/26 07:40:53 PM,0.67,2.00,132.0,5.563,96.582,1069.350,5.067
24240,04/15/26 07:50:53 PM,0.33,1.67,74.4,5.625,95.871,1069.350,5.022
24241,04/15/26 08:00:53 PM,0.00,1.00,214.8,5.577,95.337,1069.350,4.894
24242,04/15/26 08:10:53 PM,2.00,3.67,237.3,6.142,92.482,1069.350,5.020
24243,04/15/26 08:20:53 PM,6.01,9.35,268.1,5.595,92.944,1069.350,4.548
24244,04/15/26 08:30:53 PM,5.34,8.02,276.6,4.469,95.460,1069.350,3.809
24245,04/15/26 08:40:53 PM,5.68,8.35,286.4,3.654,96.303,1069.350,3.122
24246,04/15/26 08:50:53 PM,5.34,8.02,272.4,3.295,96.709,1069.350,2.823
24247,04/15/26 09:00:53 PM,5.01,7.68,276.6,2.925,96.835,1069.350,2.472
24248,04/15/26 09:10:53 PM,4.68,7.35,283.6,2.378,97.502,1069.350,2.022
24249,04/15/26 09:20:53 PM,4.68,7.01,275.2,1.767,98.253,1069.350,1.519
24250,04/15/26 09:30:53 PM,4.01,6.01,269.6,0.984,99.049,1069.350,0.848
24251,04/15/26 09:40:53 PM,3.67,5.34,263.9,0.952,99.730,1069.350,0.911
24252,04/15/26 09:50:53 PM,4.01,7.01,263.9,1.381,99.503,1069.350,1.309
24253,04/15/26 10:00:53 PM,6.35,11.02,275.2,1.810,98.877,1069.350,1.650
24254,04/15/26 10:10:53 PM,8.35,12.36,276.6,1.038,96.660,1069.350,0.564
24255,04/15/26 10:20:53 PM,7.01,11.02,276.6,0.416,97.838,1069.350,0.110
24256,04/15/26 10:30:53 PM,5.01,8.68,286.4,0.397,98.328,1069.350,0.160
24257,04/15/26 10:40:53 PM,5.34,8.68,292.0,0.569,96.037,1069.350,0.007
24258,04/15/26 10:50:53 PM,3.67,6.35,290.6,0.424,97.316,1069.350,0.045
24259,04/15/26 11:00:53 PM,5.01,7.68,301.8,0.161,98.541,1069.350,-0.046
24260,04/15/26 11:10:53 PM,4.68,7.01,299.0,0.043,99.484,1069.350,-0.033
24261,04/15/26 11:20:53 PM,4.34,7.01,283.6,-0.024,99.255,1069.350,-0.132
24262,04/15/26 11:30:53 PM,4.34,7.35,273.8,-0.069,98.184,1069.350,-0.326
24263,04/15/26 11:40:53 PM,4.01,6.35,280.8,-0.153,97.768,1069.350,-0.468
24264,04/15/26 11:50:53 PM,4.34,6.35,278.0,-0.225,97.864,1069.350,-0.527
24265,04/16/26 12:00:53 AM,3.67,5.68,285.0,-0.281,98.759,1069.350,-0.458
24266,04/16/26 12:10:53 AM,4.01,6.01,278.0,-0.289,98.482,1069.350,-0.504
24267,04/16/26 12:20:53 AM,4.34,7.01,276.6,-0.145,97.961,1069.350,-0.433
24268,04/16/26 12:30:53 AM,4.34,7.01,300.4,-0.059,97.258,1069.350,-0.446
24269,04/16/26 12:40:53 AM,3.34,6.35,299.0,-0.035,96.400,1069.350,-0.543
24270,04/16/26 12:50:53 AM,4.01,6.01,301.8,0.019,97.240,1069.350,-0.371
24271,04/16/26 01:00:53 AM,2.34,3.67,310.3,0.030,96.806,1069.350,-0.421
24272,04/16/26 01:10:53 AM,2.67,5.34,310.3,0.040,94.781,1069.350,-0.701
24273,04/16/26 01:20:53 AM,2.67,4.68,268.1,-0.099,93.848,1069.350,-0.974
24274,04/16/26 01:30:53 AM,4.01,6.68,278.0,-0.150,88.344,1069.350,-1.847
24275,04/16/26 01:40:53 AM,4.34,7.01,275.2,-0.271,84.050,1069.350,-2.639
24276,04/16/26 01:50:53 AM,3.67,7.01,273.8,-0.474,84.903,1069.350,-2.702
24277,04/16/26 02:00:53 AM,3.01,4.01,265.3,-0.699,87.976,1069.350,-2.445
24278,04/16/26 02:10:53 AM,3.01,5.34,265.3,-0.745,88.930,1069.350,-2.345
24279,04/16/26 02:20:53 AM,4.34,6.68,273.8,-0.708,89.445,1069.350,-2.230
24280,04/16/26 02:30:53 AM,3.67,5.68,292.0,-1.000,93.243,1069.350,-1.958
24281,04/16/26 02:40:53 AM,3.01,4.68,300.4,-1.128,93.814,1069.350,-2.002
24282,04/16/26 02:50:53 AM,2.00,3.34,286.4,-1.238,93.628,1069.350,-2.138
24283,04/16/26 03:00:53 AM,1.67,4.01,252.7,-1.257,94.960,1069.350,-1.966
24284,04/16/26 03:10:53 AM,4.01,7.01,259.7,-0.989,93.794,1069.350,-1.867
24285,04/16/26 03:20:53 AM,5.68,10.02,256.9,-1.128,93.091,1069.350,-2.107
24286,04/16/26 03:30:53 AM,5.68,8.68,269.6,-1.410,92.547,1069.350,-2.466
24287,04/16/26 03:40:53 AM,6.01,9.02,272.4,-1.552,89.218,1069.350,-3.099
24288,04/16/26 03:50:53 AM,4.34,7.35,268.1,-1.705,88.368,1069.350,-3.378
24289,04/16/26 04:00:53 AM,3.34,6.01,247.1,-1.941,88.400,1069.350,-3.607
24290,04/16/26 04:10:53 AM,3.34,5.01,247.1,-2.163,88.235,1069.350,-3.851
24291,04/16/26 04:20:53 AM,3.34,6.01,248.5,-2.276,87.872,1069.350,-4.017
24292,04/16/26 04:30:53 AM,2.67,4.34,249.9,-2.447,88.264,1069.350,-4.127
24293,04/16/26 04:40:53 AM,3.01,4.68,254.1,-2.565,88.353,1069.350,-4.230
24294,04/16/26 04:50:53 AM,4.01,6.35,258.3,-2.608,86.587,1069.350,-4.540
24295,04/16/26 05:00:53 AM,4.34,6.68,268.1,-2.716,87.190,1069.350,-4.555
24296,04/16/26 05:10:53 AM,4.34,6.35,261.1,-2.783,87.541,1069.350,-4.568
24297,04/16/26 05:20:53 AM,4.34,6.35,255.5,-2.895,87.190,1069.350,-4.731
24298,04/16/26 05:30:53 AM,3.67,5.68,262.5,-3.002,87.414,1069.350,-4.803
24299,04/16/26 05:40:53 AM,3.67,5.68,268.1,-3.150,87.893,1069.350,-4.877
24300,04/16/26 05:50:53 AM,3.67,6.35,273.8,-3.287,87.555,1069.350,-5.063
24301,04/16/26 06:00:53 AM,4.01,5.68,273.8,-3.402,86.934,1069.350,-5.270
24302,04/16/26 06:10:53 AM,3.34,5.01,276.6,-3.549,86.934,1069.350,-5.415
24303,04/16/26 06:20:53 AM,4.34,7.35,263.9,-3.697,85.678,1069.350,-5.752
24304,04/16/26 06:30:53 AM,5.01,8.02,265.3,-3.842,84.314,1069.350,-6.104
24305,04/16/26 06:40:53 AM,3.34,5.34,279.4,-4.335,87.393,1069.350,-6.121
24306,04/16/26 06:50:53 AM,3.34,6.01,266.7,-4.517,88.241,1069.350,-6.174
24307,04/16/26 07:00:53 AM,3.67,5.34,263.9,-4.710,87.947,1069.350,-6.408
24308,04/16/26 07:10:53 AM,3.67,5.34,256.9,-4.799,87.713,1069.350,-6.531
24309,04/16/26 07:20:53 AM,3.34,5.34,259.7,-4.834,87.715,1069.350,-6.565
24310,04/16/26 07:30:53 AM,3.34,5.34,263.9,-4.839,88.063,1069.350,-6.519
24311,04/16/26 07:40:53 AM,4.34,7.01,265.3,-4.828,87.510,1069.350,-6.590
24312,04/16/26 07:50:53 AM,5.01,7.68,263.9,-4.445,86.528,1069.350,-6.359
24313,04/16/26 08:00:53 AM,5.01,8.02,269.6,-4.195,85.875,1069.350,-6.212
24314,04/16/26 08:10:53 AM,5.68,9.02,282.2,-3.852,84.555,1069.350,-6.077
24315,04/16/26 08:20:53 AM,4.34,6.68,285.0,-3.305,84.266,1069.350,-5.584
24316,04/16/26 08:30:53 AM,4.01,6.01,293.4,-3.110,83.380,1069.350,-5.531
24317,04/16/26 08:40:53 AM,4.01,6.35,290.6,-2.957,82.429,1069.350,-5.532
24318,04/16/26 08:50:53 AM,5.01,7.35,282.2,-2.823,80.362,1069.350,-5.734
24319,04/16/26 09:00:53 AM,5.34,8.02,282.2,-2.584,79.918,1069.350,-5.573
24320,04/16/26 09:10:53 AM,5.34,8.02,276.6,-2.517,79.750,1069.350,-5.536
24321,04/16/26 09:20:53 AM,6.35,9.68,263.9,-2.464,78.589,1069.350,-5.676
24322,04/16/26 09:30:53 AM,6.01,8.68,273.8,-2.308,79.435,1069.350,-5.384
24323,04/16/26 09:40:53 AM,5.68,9.02,261.1,-1.968,79.557,1069.350,-5.032
24324,04/16/26 09:50:53 AM,6.68,9.35,262.5,-2.045,79.446,1069.350,-5.125
24325,04/16/26 10:00:53 AM,7.35,10.02,275.2,-1.919,77.234,1069.350,-5.374
24326,04/16/26 10:10:53 AM,7.35,9.68,271.0,-1.860,76.265,1069.350,-5.483
24327,04/16/26 10:20:53 AM,6.35,9.68,279.4,-1.391,76.078,1069.350,-5.060
24328,04/16/26 10:30:53 AM,6.68,9.02,276.6,-1.161,73.136,1069.350,-5.356
24329,04/16/26 10:40:53 AM,7.01,9.68,266.7,-1.086,74.360,1069.350,-5.065
24330,04/16/26 10:50:53 AM,6.68,9.68,258.3,-1.217,76.115,1069.350,-4.884
24331,04/16/26 11:00:53 AM,6.01,9.68,268.1,-0.898,76.429,1069.350,-4.520
24332,04/16/26 11:10:53 AM,6.68,10.02,275.2,-1.053,74.888,1069.350,-4.940
24333,04/16/26 11:20:53 AM,7.01,10.35,269.6,-0.458,71.341,1069.350,-5.005
24334,04/16/26 11:30:53 AM,7.35,10.69,279.4,-0.276,68.145,1069.350,-5.433
24335,04/16/26 11:40:53 AM,7.35,10.69,286.4,-0.281,68.411,1069.350,-5.387
24336,04/16/26 11:50:53 AM,6.35,9.35,285.0,0.094,67.105,1069.350,-5.281
24337,04/16/26 12:00:53 PM,6.68,9.68,269.6,-0.128,69.732,1069.350,-4.988
24338,04/16/26 12:10:53 PM,7.01,10.35,282.2,-0.453,69.088,1069.350,-5.423
24339,04/16/26 12:20:53 PM,7.01,9.68,285.0,0.252,64.080,1069.350,-5.736
24340,04/16/26 12:30:53 PM,7.01,10.35,279.4,0.671,65.805,1069.350,-4.988
24341,04/16/26 12:40:53 PM,7.35,11.02,287.8,-0.120,69.421,1069.350,-5.040
24342,04/16/26 12:50:53 PM,6.68,10.02,307.5,-1.568,77.906,1069.350,-4.918
24343,04/16/26 01:00:53 PM,7.01,11.35,286.4,-0.512,74.006,1069.350,-4.572
24344,04/16/26 01:10:53 PM,5.34,8.68,279.4,-0.871,74.922,1069.350,-4.757
24345,04/16/26 01:20:53 PM,6.68,11.02,289.2,-0.823,74.244,1069.350,-4.831
24346,04/16/26 01:30:53 PM,6.35,8.68,285.0,0.183,68.447,1069.350,-4.935
24347,04/16/26 01:40:53 PM,6.35,10.02,275.2,1.164,62.731,1069.350,-5.149
24348,04/16/26 01:50:53 PM,7.35,11.02,283.6,0.982,64.474,1069.350,-4.961
24349,04/16/26 02:00:53 PM,6.01,9.35,286.4,1.153,64.790,1069.350,-4.733
24350,04/16/26 02:10:53 PM,7.01,12.02,269.6,1.730,58.265,1069.350,-5.585
24351,04/16/26 02:20:53 PM,7.01,10.69,263.9,1.445,60.502,1069.350,-5.359
24352,04/16/26 02:30:53 PM,5.68,13.69,283.6,0.791,58.708,1069.350,-6.370
24353,04/16/26 02:40:53 PM,6.01,9.35,282.2,0.360,63.752,1069.350,-5.701
24354,04/16/26 02:50:53 PM,6.01,8.68,300.4,-0.957,72.076,1069.350,-5.351
24355,04/16/26 03:00:53 PM,5.34,10.02,306.1,-0.978,74.040,1069.350,-5.017
24356,04/16/26 03:10:53 PM,7.35,11.02,317.3,-2.809,85.739,1069.350,-4.868
24357,04/16/26 03:20:53 PM,5.68,8.35,308.9,-2.179,82.446,1069.350,-4.767
24358,04/16/26 03:30:53 PM,6.01,9.68,296.2,-0.981,74.826,1069.350,-4.881
24359,04/16/26 03:40:53 PM,5.34,8.02,287.8,0.225,73.213,1069.350,-4.003
24360,04/16/26 03:50:53 PM,6.35,10.35,287.8,0.794,68.421,1069.350,-4.354
24361,04/16/26 04:00:53 PM,7.35,11.69,269.6,0.030,72.024,1069.350,-4.408
24362,04/16/26 04:10:53 PM,7.68,12.69,278.0,0.893,70.542,1069.350,-3.853
24363,04/16/26 04:20:53 PM,8.02,12.36,276.6,-0.549,75.601,1069.350,-4.326
24364,04/16/26 04:30:53 PM,7.01,11.69,301.8,-2.094,79.655,1069.350,-5.138
24365,04/16/26 04:40:53 PM,7.68,13.36,336.9,-2.742,86.703,1069.350,-4.654
24366,04/16/26 04:50:53 PM,7.35,12.02,311.7,-3.498,85.223,1069.350,-5.626
24367,04/16/26 05:00:53 PM,5.34,9.02,275.2,-3.946,90.903,1069.350,-5.220
24368,04/16/26 05:10:53 PM,4.01,6.01,273.8,-3.051,83.572,1069.350,-5.443
24369,04/16/26 05:20:53 PM,4.68,9.35,289.2,-1.614,77.597,1069.350,-5.016
24370,04/16/26 05:30:53 PM,6.01,8.68,294.8,-1.086,74.305,1069.350,-5.075
24371,04/16/26 05:40:53 PM,6.68,9.68,292.0,-0.954,73.234,1069.350,-5.138
24372,04/16/26 05:50:53 PM,6.01,9.68,276.6,0.231,71.408,1069.350,-4.329
24373,04/16/26 06:00:53 PM,7.68,11.35,300.4,0.531,68.830,1069.350,-4.528
24374,04/16/26 06:10:53 PM,7.35,11.69,307.5,-0.611,75.204,1069.350,-4.456
24375,04/16/26 06:20:53 PM,7.01,9.35,301.8,-1.056,80.475,1069.350,-3.989
24376,04/16/26 06:30:53 PM,5.68,8.35,299.0,-0.236,75.480,1069.350,-4.043
24377,04/16/26 06:40:53 PM,6.01,8.02,297.6,-0.855,71.884,1069.350,-5.288
24378,04/16/26 06:50:53 PM,5.68,9.35,286.4,0.011,72.480,1069.350,-4.343
24379,04/16/26 07:00:53 PM,6.68,10.69,268.1,-0.053,73.388,1069.350,-4.240
24380,04/16/26 07:10:53 PM,7.01,10.35,276.6,-0.388,76.370,1069.350,-4.035
24381,04/16/26 07:20:53 PM,6.35,9.68,276.6,-0.965,80.259,1069.350,-3.936
24382,04/16/26 07:30:53 PM,5.68,7.35,268.1,-1.161,82.208,1069.350,-3.808
24383,04/16/26 07:40:53 PM,4.68,7.01,271.0,-1.139,82.267,1069.350,-3.777
24384,04/16/26 07:50:53 PM,4.68,7.68,282.2,-1.136,78.619,1069.350,-4.377
24385,04/16/26 08:00:53 PM,4.68,6.68,283.6,-1.753,77.978,1069.350,-5.086
24386,04/16/26 08:10:53 PM,5.34,8.02,279.4,-2.193,79.319,1069.350,-5.291
24387,04/16/26 08:20:53 PM,4.68,7.68,283.6,-2.466,81.021,1069.350,-5.278
24388,04/16/26 08:30:53 PM,5.01,8.02,292.0,-2.480,79.843,1069.350,-5.484
24389,04/16/26 08:40:53 PM,5.34,8.68,292.0,-2.453,80.491,1069.350,-5.351
24390,04/16/26 08:50:53 PM,5.68,9.68,301.8,-2.777,83.722,1069.350,-5.151
24391,04/16/26 09:00:53 PM,6.01,9.02,301.8,-3.002,85.284,1069.350,-5.128
24392,04/16/26 09:10:53 PM,5.34,7.68,300.4,-3.354,87.726,1069.350,-5.103
24393,04/16/26 09:20:53 PM,5.01,6.68,300.4,-3.582,88.699,1069.350,-5.183
24394,04/16/26 09:30:53 PM,4.34,6.01,286.4,-3.804,89.155,1069.350,-5.335
24395,04/16/26 09:40:53 PM,3.67,5.34,287.8,-3.884,87.903,1069.350,-5.600
24396,04/16/26 09:50:53 PM,3.67,4.68,279.4,-4.268,89.398,1069.350,-5.758
24397,04/16/26 10:00:53 PM,4.01,5.34,273.8,-4.367,90.687,1069.350,-5.668
24398,04/16/26 10:10:53 PM,3.34,5.01,273.8,-4.549,90.582,1069.350,-5.864
24399,04/16/26 10:20:53 PM,2.67,4.01,275.2,-4.860,91.223,1069.350,-6.080
24400,04/16/26 10:30:53 PM,2.34,3.01,268.1,-5.150,91.577,1069.350,-6.317
24401,04/16/26 10:40:53 PM,2.00,2.67,268.1,-5.555,92.525,1069.350,-6.584
24402,04/16/26 10:50:53 PM,2.00,2.67,263.9,-5.616,93.016,1069.350,-6.576
24403,04/16/26 11:00:53 PM,2.34,3.34,259.7,-5.110,91.392,1069.350,-6.303
24404,04/16/26 11:10:53 PM,2.67,4.01,237.3,-5.209,90.317,1069.350,-6.555
24405,04/16/26 11:20:53 PM,1.34,2.67,234.5,-5.992,92.917,1069.350,-6.963
24406,04/16/26 11:30:53 PM,1.00,1.67,228.8,-6.713,94.847,1069.350,-7.414
24407,04/16/26 11:40:53 PM,1.00,1.67,254.1,-6.665,94.855,1069.350,-7.365
24408,04/16/26 11:50:53 PM,0.00,0.67,256.9,-6.627,93.756,1069.350,-7.478
24409,04/17/26 12:00:53 AM,0.33,2.67,276.6,-6.576,93.524,1069.350,-7.459
24410,04/17/26 12:10:53 AM,2.34,3.67,262.5,-5.708,89.921,1069.350,-7.107
24411,04/17/26 12:20:53 AM,2.34,4.01,278.0,-5.217,87.472,1069.350,-6.979
24412,04/17/26 12:30:53 AM,2.67,3.34,306.1,-4.767,83.951,1069.350,-7.069
24413,04/17/26 12:40:53 AM,2.00,3.67,313.1,-4.863,83.381,1069.350,-7.251
24414,04/17/26 12:50:53 AM,2.67,3.34,308.9,-4.737,81.827,1069.350,-7.371
24415,04/17/26 01:00:53 AM,2.34,3.34,283.6,-5.378,84.579,1069.350,-7.573
24416,04/17/26 01:10:53 AM,2.00,3.01,290.6,-5.694,85.794,1069.350,-7.700
24417,04/17/26 01:20:53 AM,2.00,3.01,296.2,-5.657,85.612,1069.350,-7.691
24418,04/17/26 01:30:53 AM,2.00,2.67,254.1,-6.397,88.663,1069.350,-7.970
24419,04/17/26 01:40:53 AM,2.67,3.34,251.3,-6.359,89.854,1069.350,-7.760
24420,04/17/26 01:50:53 AM,1.67,2.67,265.3,-6.737,90.095,1069.350,-8.100
24421,04/17/26 02:00:53 AM,1.34,2.00,275.2,-7.233,91.749,1069.350,-8.358
24422,04/17/26 02:10:53 AM,0.67,1.34,300.4,-7.145,92.320,1069.350,-8.191
24423,04/17/26 02:20:53 AM,0.67,1.67,280.8,-6.804,90.576,1069.350,-8.098
24424,04/17/26 02:30:53 AM,1.00,2.34,275.2,-7.094,91.339,1069.350,-8.278
24425,04/17/26 02:40:53 AM,1.00,2.00,286.4,-7.415,92.818,1069.350,-8.391
24426,04/17/26 02:50:53 AM,1.00,1.67,259.7,-6.804,91.151,1069.350,-8.017
24427,04/17/26 03:00:53 AM,0.67,1.34,278.0,-6.807,89.975,1069.350,-8.187
24428,04/17/26 03:10:53 AM,1.00,1.67,311.7,-7.576,91.418,1069.350,-8.745
24429,04/17/26 03:20:53 AM,1.34,2.00,311.7,-7.142,90.402,1069.350,-8.458
24430,04/17/26 03:30:53 AM,1.00,1.67,315.9,-7.630,89.833,1069.350,-9.021
24431,04/17/26 03:40:53 AM,1.00,1.34,313.1,-7.295,88.951,1069.350,-8.816
24432,04/17/26 03:50:53 AM,1.00,2.00,286.4,-7.380,88.794,1069.350,-8.922
24433,04/17/26 04:00:53 AM,1.34,1.67,300.4,-7.528,89.282,1069.350,-8.999
24434,04/17/26 04:10:53 AM,0.33,2.34,320.1,-7.767,90.176,1069.350,-9.108
24435,04/17/26 04:20:53 AM,1.67,3.34,321.5,-6.598,87.866,1069.350,-8.284
24436,04/17/26 04:30:53 AM,1.34,2.67,279.4,-6.512,87.105,1069.350,-8.311
24437,04/17/26 04:40:53 AM,0.67,1.34,261.1,-7.284,89.502,1069.350,-8.726
24438,04/17/26 04:50:53 AM,1.00,2.00,244.3,-7.096,88.644,1069.350,-8.663
24439,04/17/26 05:00:53 AM,1.34,2.34,245.7,-7.161,87.929,1069.350,-8.831
24440,04/17/26 05:10:53 AM,1.67,2.34,259.7,-7.037,87.962,1069.350,-8.704
24441,04/17/26 05:20:53 AM,1.67,3.34,308.9,-7.043,88.507,1069.350,-8.631
24442,04/17/26 05:30:53 AM,0.67,2.34,294.8,-7.448,88.769,1069.350,-8.993
24443,04/17/26 05:40:53 AM,2.00,2.67,303.2,-7.343,88.762,1069.350,-8.890
24444,04/17/26 05:50:53 AM,1.67,3.01,307.5,-6.852,87.573,1069.350,-8.578
24445,04/17/26 06:00:53 AM,3.01,4.01,325.7,-6.356,85.388,1069.350,-8.412
24446,04/17/26 06:10:53 AM,3.01,4.01,331.3,-6.402,85.199,1069.350,-8.486
24447,04/17/26 06:20:53 AM,2.67,3.67,332.7,-6.405,85.837,1069.350,-8.393
24448,04/17/26 06:30:53 AM,2.67,3.34,334.1,-6.370,84.756,1069.350,-8.521
24449,04/17/26 06:40:53 AM,2.67,3.67,320.1,-6.976,86.740,1069.350,-8.822
24450,04/17/26 06:50:53 AM,2.67,3.34,325.7,-7.493,88.563,1069.350,-9.067
24451,04/17/26 07:00:53 AM,2.67,3.67,327.1,-7.445,89.050,1069.350,-8.950
24452,04/17/26 07:10:53 AM,2.67,4.01,324.3,-6.925,88.498,1069.350,-8.515
24453,04/17/26 07:20:53 AM,2.67,4.01,325.7,-6.263,87.079,1069.350,-8.069
24454,04/17/26 07:30:53 AM,3.34,4.34,325.7,-5.665,84.923,1069.350,-7.803
24455,04/17/26 07:40:53 AM,2.67,3.67,322.9,-5.010,83.226,1069.350,-7.420
24456,04/17/26 07:50:53 AM,2.00,3.34,322.9,-4.380,81.520,1069.350,-7.070
24457,04/17/26 08:00:53 AM,1.34,3.01,322.9,-3.772,80.647,1069.350,-6.615
24458,04/17/26 08:10:53 AM,2.00,3.01,289.2,-3.378,79.475,1069.350,-6.421
24459,04/17/26 08:20:53 AM,1.34,3.01,266.7,-3.029,80.594,1069.350,-5.898
24460,04/17/26 08:30:53 AM,1.67,3.01,290.6,-2.447,78.601,1069.350,-5.658
24461,04/17/26 08:40:53 AM,2.00,3.01,300.4,-2.027,76.255,1069.350,-5.647
24462,04/17/26 08:50:53 AM,2.34,4.01,306.1,-1.606,74.066,1069.350,-5.621
24463,04/17/26 09:00:53 AM,2.00,3.34,314.5,-0.925,69.442,1069.350,-5.809
24464,04/17/26 09:10:53 AM,2.34,4.01,304.7,-0.442,65.101,1069.350,-6.191
24465,04/17/26 09:20:53 AM,2.34,4.34,301.8,-0.217,63.970,1069.350,-6.205
24466,04/17/26 09:30:53 AM,2.34,4.34,299.0,0.105,64.002,1069.350,-5.892
24467,04/17/26 09:40:53 AM,2.67,4.01,310.3,0.472,63.005,1069.350,-5.749
24468,04/17/26 09:50:53 AM,2.00,4.34,311.7,0.990,61.294,1069.350,-5.619
24469,04/17/26 10:00:53 AM,2.67,5.01,320.1,1.008,58.839,1069.350,-6.137
24470,04/17/26 10:10:53 AM,2.34,4.34,314.5,1.461,58.660,1069.350,-5.750
24471,04/17/26 10:20:53 AM,3.01,5.01,307.5,1.477,57.433,1069.350,-6.011
24472,04/17/26 10:30:53 AM,2.67,5.34,307.5,1.952,55.937,1069.350,-5.911
24473,04/17/26 10:40:53 AM,3.34,5.68,287.8,1.864,52.917,1069.350,-6.717
24474,04/17/26 10:50:53 AM,3.01,5.34,320.1,1.928,51.748,1069.350,-6.948
24475,04/17/26 11:00:53 AM,3.34,5.34,271.0,2.445,50.045,1069.350,-6.902
24476,04/17/26 11:10:53 AM,2.67,5.34,293.4,1.944,48.220,1069.350,-7.845
24477,04/17/26 11:20:53 AM,3.01,5.01,276.6,1.740,49.911,1069.350,-7.589
24478,04/17/26 11:30:53 AM,2.67,5.68,279.4,1.992,50.196,1069.350,-7.283
24479,04/17/26 11:40:53 AM,3.01,5.34,328.5,1.561,49.429,1069.350,-7.880
24480,04/17/26 11:50:53 AM,2.67,6.35,285.0,1.614,49.487,1069.350,-7.816
24481,04/17/26 12:00:53 PM,2.67,5.34,266.7,2.287,50.211,1069.350,-7.006
24482,04/17/26 12:10:53 PM,3.01,6.01,307.5,2.118,52.085,1069.350,-6.687
24483,04/17/26 12:20:53 PM,2.67,6.01,282.2,3.062,50.076,1069.350,-6.324
24484,04/17/26 12:30:53 PM,3.01,7.01,280.8,2.829,49.784,1069.350,-6.615
24485,04/17/26 12:40:53 PM,3.01,5.34,280.8,2.368,51.377,1069.350,-6.632
24486,04/17/26 12:50:53 PM,3.67,5.68,292.0,2.424,51.174,1069.350,-6.632
24487,04/17/26 01:00:53 PM,4.34,7.35,285.0,3.376,50.983,1069.350,-5.798
24488,04/17/26 01:10:53 PM,3.67,7.68,272.4,3.193,49.902,1069.350,-6.248
24489,04/17/26 01:20:53 PM,4.34,8.02,285.0,3.654,50.297,1069.350,-5.718
24490,04/17/26 01:30:53 PM,3.67,7.35,301.8,3.705,49.653,1069.350,-5.840
24491,04/17/26 01:40:53 PM,4.68,8.35,279.4,4.201,49.926,1069.350,-5.310
24492,04/17/26 01:50:53 PM,3.67,7.01,278.0,4.654,48.467,1069.350,-5.282
24493,04/17/26 02:00:53 PM,4.01,8.02,275.2,5.150,47.477,1069.350,-5.097
24494,04/17/26 02:10:53 PM,4.68,7.68,263.9,4.748,47.237,1069.350,-5.533
24495,04/17/26 02:20:53 PM,4.34,7.35,280.8,4.207,49.061,1069.350,-5.534
24496,04/17/26 02:30:53 PM,4.68,8.02,268.1,5.134,48.524,1069.350,-4.824
24497,04/17/26 02:40:53 PM,5.01,7.01,261.1,5.687,47.749,1069.350,-4.528
24498,04/17/26 02:50:53 PM,5.01,7.68,273.8,5.207,47.987,1069.350,-4.904
24499,04/17/26 03:00:53 PM,3.67,6.35,286.4,4.778,48.315,1069.350,-5.209
24500,04/17/26 03:10:53 PM,5.01,8.02,266.7,6.049,46.232,1069.350,-4.624
24501,04/17/26 03:20:53 PM,5.34,9.02,255.5,6.199,46.261,1069.350,-4.478
24502,04/17/26 03:30:53 PM,5.34,9.35,266.7,5.601,44.984,1069.350,-5.394
24503,04/17/26 03:40:53 PM,5.34,8.02,268.1,5.512,45.386,1069.350,-5.359
24504,04/17/26 03:50:53 PM,5.34,7.68,268.1,5.721,46.751,1069.350,-4.777
24505,04/17/26 04:00:53 PM,4.68,7.68,268.1,5.805,45.910,1069.350,-4.939
24506,04/17/26 04:10:53 PM,5.68,9.02,265.3,5.668,45.136,1069.350,-5.289
24507,04/17/26 04:20:53 PM,4.68,9.02,261.1,6.105,45.332,1069.350,-4.832
24508,04/17/26 04:30:53 PM,5.34,8.68,256.9,6.003,43.621,1069.350,-5.432
24509,04/17/26 04:40:53 PM,5.34,8.68,262.5,5.949,43.926,1069.350,-5.390
24510,04/17/26 04:50:53 PM,4.68,8.68,261.1,6.228,42.388,1069.350,-5.604
24511,04/17/26 05:00:53 PM,5.68,8.35,271.0,5.864,41.630,1069.350,-6.170
24512,04/17/26 05:10:53 PM,5.34,9.35,262.5,6.196,41.106,1069.350,-6.036
24513,04/17/26 05:20:53 PM,5.34,8.35,269.6,6.024,41.959,1069.350,-5.923
24514,04/17/26 05:30:53 PM,5.01,8.68,283.6,5.721,41.169,1069.350,-6.445
24515,04/17/26 05:40:53 PM,4.68,8.68,278.0,5.939,39.666,1069.350,-6.732
24516,04/17/26 05:50:53 PM,5.68,9.35,266.7,5.408,41.033,1069.350,-6.771
24517,04/17/26 06:00:53 PM,4.68,7.01,275.2,5.767,41.045,1069.350,-6.443
24518,04/17/26 06:10:53 PM,5.01,7.68,275.2,5.579,42.029,1069.350,-6.304
24519,04/17/26 06:20:53 PM,4.68,8.02,280.8,5.697,42.052,1069.350,-6.190
24520,04/17/26 06:30:53 PM,4.01,7.01,268.1,5.743,42.271,1069.350,-6.080
24521,04/17/26 06:40:53 PM,4.34,6.68,280.8,5.663,42.428,1069.350,-6.104
24522,04/17/26 06:50:53 PM,4.68,8.35,268.1,5.327,42.191,1069.350,-6.482
24523,04/17/26 07:00:53 PM,4.34,7.01,268.1,5.073,42.513,1069.350,-6.614
24524,04/17/26 07:10:53 PM,4.34,6.68,279.4,4.952,43.844,1069.350,-6.322
24525,04/17/26 07:20:53 PM,4.34,6.68,272.4,4.689,44.170,1069.350,-6.465
24526,04/17/26 07:30:53 PM,3.67,5.34,282.2,4.512,44.051,1069.350,-6.662
24527,04/17/26 07:40:53 PM,3.01,4.68,275.2,4.126,45.031,1069.350,-6.728
24528,04/17/26 07:50:53 PM,3.01,4.68,275.2,3.772,46.751,1069.350,-6.564
24529,04/17/26 08:00:53 PM,2.34,4.34,279.4,3.027,48.956,1069.350,-6.650
24530,04/17/26 08:10:53 PM,2.34,3.01,282.2,1.700,53.390,1069.350,-6.754
24531,04/17/26 08:20:53 PM,2.34,3.34,290.6,0.944,55.792,1069.350,-6.889
24532,04/17/26 08:30:53 PM,1.67,2.34,273.8,0.437,57.685,1069.350,-6.932
24533,04/17/26 08:40:53 PM,1.34,2.00,262.5,-0.496,62.336,1069.350,-6.807
24534,04/17/26 08:50:53 PM,1.67,2.00,283.6,-1.552,67.683,1069.350,-6.745
24535,04/17/26 09:00:53 PM,1.67,2.67,271.0,-1.077,64.594,1069.350,-6.898
24536,04/17/26 09:10:53 PM,0.67,2.00,287.8,-1.386,66.305,1069.350,-6.854
24537,04/17/26 09:20:53 PM,1.00,1.67,268.1,-2.029,68.975,1069.350,-6.957
24538,04/17/26 09:30:53 PM,2.00,3.34,322.9,-1.941,68.959,1069.350,-6.876
24539,04/17/26 09:40:53 PM,1.67,2.67,336.9,-1.600,67.004,1069.350,-6.922
24540,04/17/26 09:50:53 PM,1.34,2.34,254.1,-2.458,71.032,1069.350,-6.989
24541,04/17/26 10:00:53 PM,1.34,2.00,269.6,-2.501,70.900,1069.350,-7.054
24542,04/17/26 10:10:53 PM,1.34,2.00,273.8,-3.254,74.784,1069.350,-7.091
24543,04/17/26 10:20:53 PM,1.00,2.00,290.6,-3.313,75.598,1069.350,-7.008
24544,04/17/26 10:30:53 PM,1.34,2.67,248.5,-3.281,75.143,1069.350,-7.055
24545,04/17/26 10:40:53 PM,1.67,2.67,258.3,-3.145,74.508,1069.350,-7.033
24546,04/17/26 10:50:53 PM,1.00,2.34,269.6,-2.721,72.908,1069.350,-6.904
24547,04/17/26 11:00:53 PM,1.34,2.34,252.7,-3.139,74.656,1069.350,-7.002
24548,04/17/26 11:10:53 PM,1.67,2.67,261.1,-3.262,75.671,1069.350,-6.946
24549,04/17/26 11:20:53 PM,1.34,2.67,268.1,-3.287,75.926,1069.350,-6.926
24550,04/17/26 11:30:53 PM,1.67,2.34,255.5,-2.858,74.098,1069.350,-6.827
24551,04/17/26 11:40:53 PM,1.34,2.34,271.0,-3.193,75.753,1069.350,-6.865
24552,04/17/26 11:50:53 PM,2.00,3.01,321.5,-2.761,74.566,1069.350,-6.651
24553,04/18/26 12:00:53 AM,1.67,3.01,339.7,-2.158,71.955,1069.350,-6.532
24554,04/18/26 12:10:53 AM,2.34,3.34,346.8,-2.973,75.497,1069.350,-6.695
24555,04/18/26 12:20:53 AM,0.67,2.00,314.5,-3.359,77.061,1069.350,-6.804
24556,04/18/26 12:30:53 AM,0.33,1.34,202.2,-3.868,78.688,1069.350,-7.028
24557,04/18/26 12:40:53 AM,0.00,0.00,292.0,-3.102,75.409,1069.350,-6.836
24558,04/18/26 12:50:53 AM,0.00,0.00,266.7,-4.110,78.791,1069.350,-7.247
24559,04/18/26 01:00:53 AM,0.33,1.34,241.5,-4.694,81.547,1069.350,-7.373
24560,04/18/26 01:10:53 AM,1.34,3.01,221.8,-4.582,81.799,1069.350,-7.224
24561,04/18/26 01:20:53 AM,1.67,3.01,275.2,-3.941,79.588,1069.350,-6.952
24562,04/18/26 01:30:53 AM,1.67,2.34,287.8,-4.423,80.859,1069.350,-7.218
24563,04/18/26 01:40:53 AM,1.00,2.00,301.8,-5.284,84.630,1069.350,-7.473
24564,04/18/26 01:50:53 AM,2.00,3.01,278.0,-4.761,82.702,1069.350,-7.257
24565,04/18/26 02:00:53 AM,1.67,2.67,268.1,-5.086,84.421,1069.350,-7.310
24566,04/18/26 02:10:53 AM,1.67,2.34,287.8,-4.823,84.298,1069.350,-7.070
24567,04/18/26 02:20:53 AM,2.00,2.67,314.5,-3.828,79.886,1069.350,-6.793
24568,04/18/26 02:30:53 AM,1.34,2.00,263.9,-4.110,79.501,1069.350,-7.131
24569,04/18/26 02:40:53 AM,1.34,2.34,200.8,-5.437,84.884,1069.350,-7.584
24570,04/18/26 02:50:53 AM,1.34,2.00,265.3,-4.399,80.623,1069.350,-7.232
24571,04/18/26 03:00:53 AM,1.67,2.67,287.8,-5.364,84.184,1069.350,-7.619
24572,04/18/26 03:10:53 AM,2.00,3.01,292.0,-5.509,86.572,1069.350,-7.401
24573,04/18/26 03:20:53 AM,1.00,2.34,300.4,-4.571,83.500,1069.350,-6.946
24574,04/18/26 03:30:53 AM,0.33,1.67,169.9,-5.579,86.447,1069.350,-7.489
24575,04/18/26 03:40:53 AM,1.34,1.67,213.4,-4.767,82.966,1069.350,-7.222
24576,04/18/26 03:50:53 AM,1.34,2.00,259.7,-4.700,82.609,1069.350,-7.212
24577,04/18/26 04:00:53 AM,1.34,2.34,299.0,-4.860,83.574,1069.350,-7.218
24578,04/18/26 04:10:53 AM,1.34,2.00,307.5,-4.480,82.496,1069.350,-7.014
24579,04/18/26 04:20:53 AM,2.00,3.01,287.8,-3.780,79.780,1069.350,-6.764
24580,04/18/26 04:30:53 AM,2.34,3.34,332.7,-3.965,80.989,1069.350,-6.749
24581,04/18/26 04:40:53 AM,2.34,3.67,355.2,-4.142,81.640,1069.350,-6.818
24582,04/18/26 04:50:53 AM,1.34,2.67,327.1,-4.037,80.508,1069.350,-6.897
24583,04/18/26 05:00:53 AM,1.00,1.67,315.9,-4.501,82.080,1069.350,-7.100
24584,04/18/26 05:10:53 AM,0.33,2.00,339.7,-4.501,81.749,1069.350,-7.152
24585,04/18/26 05:20:53 AM,1.34,2.00,25.3,-4.560,80.879,1069.350,-7.348
24586,04/18/26 05:30:53 AM,0.67,1.67,49.1,-5.418,85.284,1069.350,-7.505
24587,04/18/26 05:40:53 AM,0.67,1.67,25.3,-5.407,85.463,1069.350,-7.467
24588,04/18/26 05:50:53 AM,0.33,1.34,21.1,-5.517,85.330,1069.350,-7.595
24589,04/18/26 06:00:53 AM,0.00,0.33,16.8,-5.748,85.954,1069.350,-7.729
24590,04/18/26 06:10:53 AM,0.33,1.34,355.2,-5.638,85.611,1069.350,-7.672
24591,04/18/26 06:20:53 AM,1.34,2.34,282.2,-6.657,89.393,1069.350,-8.121
24592,04/18/26 06:30:53 AM,1.00,1.34,294.8,-6.866,91.560,1069.350,-8.021
24593,04/18/26 06:40:53 AM,0.67,1.34,318.7,-6.756,89.216,1069.350,-8.245
24594,04/18/26 06:50:53 AM,0.33,1.00,322.9,-6.458,87.797,1069.350,-8.156
24595,04/18/26 07:00:53 AM,0.00,0.00,317.3,-6.252,86.224,1069.350,-8.185
24596,04/18/26 07:10:53 AM,0.67,1.34,261.1,-6.769,87.779,1069.350,-8.466
24597,04/18/26 07:20:53 AM,0.00,1.00,282.2,-6.836,89.253,1069.350,-8.319
24598,04/18/26 07:30:53 AM,0.33,1.34,306.1,-6.434,89.020,1069.350,-7.955
24599,04/18/26 07:40:53 AM,0.00,1.00,341.2,-5.072,85.313,1069.350,-7.160
24600,04/18/26 07:50:53 AM,0.33,1.00,5.6,-4.458,85.759,1069.350,-6.488
24601,04/18/26 08:00:53 AM,0.00,1.00,126.4,-5.027,86.755,1069.350,-6.899
24602,04/18/26 08:10:53 AM,0.00,0.33,129.2,-4.496,85.078,1069.350,-6.629
24603,04/18/26 08:20:53 AM,0.00,0.00,8.4,-3.734,82.953,1069.350,-6.211
24604,04/18/26 08:30:53 AM,0.00,0.67,1.4,-2.796,79.593,1069.350,-5.834
24605,04/18/26 08:40:53 AM,0.67,2.00,47.7,-1.619,74.421,1069.350,-5.570
24606,04/18/26 08:50:53 AM,1.00,2.00,96.9,-1.405,73.649,1069.350,-5.500
24607,04/18/26 09:00:53 AM,1.00,2.34,96.9,-0.968,72.544,1069.350,-5.277
24608,04/18/26 09:10:53 AM,1.00,2.67,81.4,0.094,69.549,1069.350,-4.810
24609,04/18/26 09:20:53 AM,1.67,3.01,98.3,0.263,67.024,1069.350,-5.136
24610,04/18/26 09:30:53 AM,2.00,3.34,101.1,0.662,66.526,1069.350,-4.852
24611,04/18/26 09:40:53 AM,2.00,3.67,113.7,0.662,68.528,1069.350,-4.460
24612,04/18/26 09:50:53 AM,2.00,4.01,92.7,1.719,67.207,1069.350,-3.706
24613,04/18/26 10:00:53 AM,3.01,5.01,98.3,2.821,60.517,1069.350,-4.055
24614,04/18/26 10:10:53 AM,3.34,5.68,89.9,3.703,54.740,1069.350,-4.557
24615,04/18/26 10:20:53 AM,3.67,6.35,87.0,4.137,50.706,1069.350,-5.165
24616,04/18/26 10:30:53 AM,4.01,7.01,96.9,4.523,49.186,1069.350,-5.209
24617,04/18/26 10:40:53 AM,4.34,6.35,81.4,4.877,48.121,1069.350,-5.171
24618,04/18/26 10:50:53 AM,4.68,7.01,82.8,5.486,46.085,1069.350,-5.181
24619,04/18/26 11:00:53 AM,4.34,7.01,66.0,5.679,45.779,1069.350,-5.092
24620,04/18/26 11:10:53 AM,4.68,7.35,73.0,6.290,42.866,1069.350,-5.401
24621,04/18/26 11:20:53 AM,4.68,7.01,68.8,6.349,41.016,1069.350,-5.926
24622,04/18/26 11:30:53 AM,4.01,6.68,70.2,6.952,42.396,1069.350,-4.946
24623,04/18/26 11:40:53 AM,4.34,7.01,74.4,6.965,43.215,1069.350,-4.681
24624,04/18/26 11:50:53 AM,4.34,7.35,71.6,6.949,44.123,1069.350,-4.420
24625,04/18/26 12:00:53 PM,4.68,8.35,63.2,7.033,43.790,1069.350,-4.444
24626,04/18/26 12:10:53 PM,4.68,7.68,61.8,7.397,42.489,1069.350,-4.513
24627,04/18/26 12:20:53 PM,4.34,7.01,60.4,8.126,41.602,1069.350,-4.133
24628,04/18/26 12:30:53 PM,4.68,8.02,56.2,8.073,40.607,1069.350,-4.502
24629,04/18/26 12:40:53 PM,5.01,7.68,71.6,8.523,39.660,1069.350,-4.410
24630,04/18/26 12:50:53 PM,5.01,8.02,64.6,8.856,39.223,1069.350,-4.257
24631,04/18/26 01:00:53 PM,5.01,9.68,68.8,9.242,38.729,1069.350,-4.080
24632,04/18/26 01:10:53 PM,5.01,9.02,71.6,9.461,38.524,1069.350,-3.954
24633,04/18/26 01:20:53 PM,5.01,9.02,67.4,10.118,38.509,1069.350,-3.371
24634,04/18/26 01:30:53 PM,5.01,10.35,63.2,10.086,37.885,1069.350,-3.618
24635,04/18/26 01:40:53 PM,5.01,8.35,70.2,10.298,37.644,1069.350,-3.513
24636,04/18/26 01:50:53 PM,5.34,8.35,70.2,10.274,37.029,1069.350,-3.755
24637,04/18/26 02:00:53 PM,5.01,8.02,77.2,10.641,37.128,1069.350,-3.392
24638,04/18/26 02:10:53 PM,5.01,7.35,80.0,10.858,35.528,1069.350,-3.787
24639,04/18/26 02:20:53 PM,5.01,7.68,82.8,11.582,35.134,1069.350,-3.294
24640,04/18/26 02:30:53 PM,4.68,8.68,68.8,11.394,35.067,1069.350,-3.486
24641,04/18/26 02:40:53 PM,5.34,8.02,71.6,11.802,33.599,1069.350,-3.697
24642,04/18/26 02:50:53 PM,4.68,7.68,88.4,11.979,32.967,1069.350,-3.794
24643,04/18/26 03:00:53 PM,4.68,8.02,98.3,12.293,33.411,1069.350,-3.340
24644,04/18/26 03:10:53 PM,4.34,8.68,77.2,11.944,32.486,1069.350,-4.021
24645,04/18/26 03:20:53 PM,4.34,7.01,94.1,12.287,32.596,1069.350,-3.675
24646,04/18/26 03:30:53 PM,4.68,7.35,66.0,12.223,32.535,1069.350,-3.756
24647,04/18/26 03:40:53 PM,4.68,8.02,77.2,12.641,32.155,1069.350,-3.546
24648,04/18/26 03:50:53 PM,5.01,8.02,75.8,12.805,33.577,1069.350,-2.822
24649,04/18/26 04:00:53 PM,4.34,7.01,89.9,13.062,30.451,1069.350,-3.905
24650,04/18/26 04:10:53 PM,5.01,8.35,77.2,13.038,30.727,1069.350,-3.805
24651,04/18/26 04:20:53 PM,5.34,7.68,63.2,12.944,32.625,1069.350,-3.086
24652,04/18/26 04:30:53 PM,5.01,9.02,77.2,13.215,29.468,1069.350,-4.208
24653,04/18/26 04:40:53 PM,4.68,8.02,73.0,13.148,30.518,1069.350,-3.800
24654,04/18/26 04:50:53 PM,5.01,7.68,75.8,13.008,31.318,1069.350,-3.577
24655,04/18/26 05:00:53 PM,4.34,7.68,81.4,13.392,30.361,1069.350,-3.657
24656,04/18/26 05:10:53 PM,5.01,8.02,80.0,13.362,28.205,1069.350,-4.662
24657,04/18/26 05:20:53 PM,4.34,7.01,74.4,13.403,27.413,1069.350,-5.002
24658,04/18/26 05:30:53 PM,4.34,7.68,80.0,13.456,27.831,1069.350,-4.757
24659,04/18/26 05:40:53 PM,4.68,8.35,67.4,13.453,27.559,1069.350,-4.889
24660,04/18/26 05:50:53 PM,4.34,7.68,68.8,13.531,27.572,1069.350,-4.816
24661,04/18/26 06:00:53 PM,5.01,7.01,66.0,13.201,27.295,1069.350,-5.233
24662,04/18/26 06:10:53 PM,4.68,7.35,73.0,13.180,26.883,1069.350,-5.451
24663,04/18/26 06:20:53 PM,4.34,6.68,67.4,13.129,27.115,1069.350,-5.382
24664,04/18/26 06:30:53 PM,4.34,6.68,77.2,13.083,30.759,1069.350,-3.752
24665,04/18/26 06:40:53 PM,5.01,8.02,63.2,12.775,31.115,1069.350,-3.868
24666,04/18/26 06:50:53 PM,5.01,7.68,64.6,12.523,31.279,1069.350,-4.018
24667,04/18/26 07:00:53 PM,4.68,7.35,59.0,12.228,31.958,1069.350,-3.990
24668,04/18/26 07:10:53 PM,4.68,7.68,57.6,12.054,31.553,1069.350,-4.312
24669,04/18/26 07:20:53 PM,4.34,6.35,59.0,11.429,31.983,1069.350,-4.679
24670,04/18/26 07:30:53 PM,4.01,6.01,56.2,10.952,34.035,1069.350,-4.275
24671,04/18/26 07:40:53 PM,3.67,5.68,46.3,10.429,35.358,1069.350,-4.231
24672,04/18/26 07:50:53 PM,3.34,5.01,42.1,9.831,38.009,1069.350,-3.802
24673,04/18/26 08:00:53 PM,3.01,4.01,43.5,8.917,40.732,1069.350,-3.700
24674,04/18/26 08:10:53 PM,3.01,4.34,40.7,7.971,42.174,1069.350,-4.092
24675,04/18/26 08:20:53 PM,3.34,4.68,37.9,7.360,42.657,1069.350,-4.494
24676,04/18/26 08:30:53 PM,4.01,5.34,30.9,7.362,41.282,1069.350,-4.926
24677,04/18/26 08:40:53 PM,3.34,4.68,29.5,6.888,41.698,1069.350,-5.222
24678,04/18/26 08:50:53 PM,1.67,4.01,99.7,5.483,48.513,1069.350,-4.506
24679,04/18/26 09:00:53 PM,1.34,3.01,117.9,4.963,50.126,1069.350,-4.552
24680,04/18/26 09:10:53 PM,1.00,1.67,116.5,4.633,51.925,1069.350,-4.391
24681,04/18/26 09:20:53 PM,0.67,1.67,129.2,4.622,53.515,1069.350,-4.001
24682,04/18/26 09:30:53 PM,0.00,0.67,134.8,4.046,55.065,1069.350,-4.158
24683,04/18/26 09:40:53 PM,0.33,1.34,94.1,3.869,54.159,1069.350,-4.544
24684,04/18/26 09:50:53 PM,0.67,1.34,7.0,3.204,53.631,1069.350,-5.293
24685,04/18/26 10:00:53 PM,0.67,1.67,269.6,2.097,56.501,1069.350,-5.644
24686,04/18/26 10:10:53 PM,1.00,1.67,261.1,1.070,61.396,1069.350,-5.521
24687,04/18/26 10:20:53 PM,1.00,1.67,279.4,0.255,63.450,1069.350,-5.863
24688,04/18/26 10:30:53 PM,0.67,1.34,280.8,1.443,59.095,1069.350,-5.670
24689,04/18/26 10:40:53 PM,1.00,1.34,285.0,1.322,59.727,1069.350,-5.644
24690,04/18/26 10:50:53 PM,1.00,1.34,301.8,0.957,62.104,1069.350,-5.478
24691,04/18/26 11:00:53 PM,0.67,1.00,301.8,1.644,60.244,1069.350,-5.227
24692,04/18/26 11:10:53 PM,0.67,1.00,301.8,1.472,60.931,1069.350,-5.240
24693,04/18/26 11:20:53 PM,0.67,1.00,301.8,0.662,63.149,1069.350,-5.538
24694,04/18/26 11:30:53 PM,0.67,1.67,322.9,0.609,62.594,1069.350,-5.705
24695,04/18/26 11:40:53 PM,1.34,2.00,2.8,1.510,58.859,1069.350,-5.659
24696,04/18/26 11:50:53 PM,1.67,2.34,7.0,1.566,58.526,1069.350,-5.681
24697,04/19/26 12:00:53 AM,1.34,2.00,12.6,0.856,61.225,1069.350,-5.760
24698,04/19/26 12:10:53 AM,1.34,2.00,11.2,1.054,60.128,1069.350,-5.810
24699,04/19/26 12:20:53 AM,1.00,1.67,0.0,1.191,58.999,1069.350,-5.929
24700,04/19/26 12:30:53 AM,0.67,1.34,0.0,0.949,59.614,1069.350,-6.021
24701,04/19/26 12:40:53 AM,0.67,1.00,25.3,0.480,60.969,1069.350,-6.171
24702,04/19/26 12:50:53 AM,0.67,1.67,1.4,0.384,61.135,1069.350,-6.226
24703,04/19/26 01:00:53 AM,1.00,1.67,2.8,0.440,60.726,1069.350,-6.261
24704,04/19/26 01:10:53 AM,1.00,1.67,1.4,0.073,62.028,1069.350,-6.332
24705,04/19/26 01:20:53 AM,1.34,1.67,32.3,0.360,60.842,1069.350,-6.312
24706,04/19/26 01:30:53 AM,0.67,1.67,1.4,0.271,60.993,1069.350,-6.364
24707,04/19/26 01:40:53 AM,0.33,1.00,349.6,-0.506,63.520,1069.350,-6.572
24708,04/19/26 01:50:53 AM,1.00,1.34,338.3,-1.195,66.191,1069.350,-6.693
24709,04/19/26 02:00:53 AM,1.00,2.00,355.2,-0.603,63.799,1069.350,-6.607
24710,04/19/26 02:10:53 AM,1.00,1.67,12.6,-0.112,61.581,1069.350,-6.602
24711,04/19/26 02:20:53 AM,0.67,1.34,344.0,-1.035,64.587,1069.350,-6.859
24712,04/19/26 02:30:53 AM,0.00,0.67,345.4,-1.179,64.947,1069.350,-6.924
24713,04/19/26 02:40:53 AM,0.67,1.00,304.7,-2.201,68.896,1069.350,-7.137
24714,04/19/26 02:50:53 AM,0.67,1.00,301.8,-2.075,68.568,1069.350,-7.078
24715,04/19/26 03:00:53 AM,0.67,1.34,320.1,-1.847,67.092,1069.350,-7.141
24716,04/19/26 03:10:53 AM,0.67,1.34,320.1,-2.276,68.461,1069.350,-7.291
24717,04/19/26 03:20:53 AM,1.00,1.34,308.9,-2.523,69.552,1069.350,-7.324
24718,04/19/26 03:30:53 AM,0.33,1.34,341.2,-1.783,66.468,1069.350,-7.201
24719,04/19/26 03:40:53 AM,0.67,1.34,322.9,-2.565,69.386,1069.350,-7.395
24720,04/19/26 03:50:53 AM,1.00,1.34,289.2,-3.244,72.189,1069.350,-7.538
24721,04/19/26 04:00:53 AM,1.00,1.34,300.4,-2.984,71.279,1069.350,-7.451
24722,04/19/26 04:10:53 AM,1.00,1.67,301.8,-3.051,71.337,1069.350,-7.505
24723,04/19/26 04:20:53 AM,1.00,1.34,311.7,-3.024,71.098,1069.350,-7.522
24724,04/19/26 04:30:53 AM,1.00,2.00,344.0,-2.447,68.872,1069.350,-7.378
24725,04/19/26 04:40:53 AM,0.33,1.34,336.9,-2.919,70.619,1069.350,-7.508
24726,04/19/26 04:50:53 AM,0.00,0.00,336.9,-3.303,71.859,1069.350,-7.654
24727,04/19/26 05:00:53 AM,0.33,1.00,335.5,-3.608,73.249,1069.350,-7.702
24728,04/19/26 05:10:53 AM,0.67,1.00,334.1,-3.447,72.821,1069.350,-7.621
24729,04/19/26 05:20:53 AM,0.67,1.00,334.1,-3.284,71.923,1069.350,-7.624
24730,04/19/26 05:30:53 AM,0.00,0.67,334.1,-2.887,70.240,1069.350,-7.547
24731,04/19/26 05:40:53 AM,0.00,0.00,334.1,-2.876,69.763,1069.350,-7.624
24732,04/19/26 05:50:53 AM,0.00,0.00,334.1,-2.866,69.856,1069.350,-7.597
24733,04/19/26 06:00:53 AM,0.00,0.00,334.1,-3.879,73.336,1069.350,-7.948
24734,04/19/26 06:10:53 AM,0.00,0.00,334.1,-4.010,74.702,1069.350,-7.838
24735,04/19/26 06:20:53 AM,0.33,1.00,334.1,-3.080,70.510,1069.350,-7.683
24736,04/19/26 06:30:53 AM,1.00,1.34,334.1,-3.799,72.708,1069.350,-7.982
24737,04/19/26 06:40:53 AM,0.67,1.00,334.1,-3.791,73.256,1069.350,-7.877
24738,04/19/26 06:50:53 AM,1.00,1.34,336.9,-3.563,72.531,1069.350,-7.785
24739,04/19/26 07:00:53 AM,1.00,1.34,336.9,-2.887,71.135,1069.350,-7.383
24740,04/19/26 07:10:53 AM,1.00,1.34,342.6,-2.190,69.433,1069.350,-7.026
24741,04/19/26 07:20:53 AM,0.33,1.00,342.6,-1.399,67.370,1069.350,-6.659
24742,04/19/26 07:30:53 AM,0.00,0.00,342.6,-2.037,72.624,1069.350,-6.294
24743,04/19/26 07:40:53 AM,0.00,0.00,342.6,-1.876,74.566,1069.350,-5.794
24744,04/19/26 07:50:53 AM,0.00,0.00,342.6,-1.193,76.109,1069.350,-4.862
24745,04/19/26 08:00:53 AM,0.00,0.33,342.6,-0.453,74.888,1069.350,-4.358
24746,04/19/26 08:10:53 AM,0.00,0.00,342.6,0.968,68.011,1069.350,-4.267
24747,04/19/26 08:20:53 AM,0.00,0.00,342.6,3.032,56.843,1069.350,-4.687
24748,04/19/26 08:30:53 AM,0.67,1.34,78.6,2.856,57.594,1069.350,-4.679
24749,04/19/26 08:40:53 AM,1.00,1.67,126.4,2.676,57.031,1069.350,-4.977
24750,04/19/26 08:50:53 AM,1.00,1.67,130.6,3.019,57.554,1069.350,-4.535
24751,04/19/26 09:00:53 AM,0.67,1.67,109.5,4.008,54.932,1069.350,-4.226
24752,04/19/26 09:10:53 AM,0.33,1.34,113.7,4.630,53.449,1069.350,-4.009
24753,04/19/26 09:20:53 AM,1.34,2.67,82.8,5.735,51.832,1069.350,-3.392
24754,04/19/26 09:30:53 AM,2.00,3.34,110.9,6.764,53.230,1069.350,-2.078
24755,04/19/26 09:40:53 AM,2.67,3.67,103.9,7.456,52.726,1069.350,-1.563
24756,04/19/26 09:50:53 AM,3.34,5.68,102.5,8.920,44.839,1069.350,-2.409
24757,04/19/26 10:00:53 AM,3.67,5.68,113.7,9.445,43.792,1069.350,-2.250
24758,04/19/26 10:10:53 AM,3.34,5.68,81.4,10.925,39.506,1069.350,-2.304
24759,04/19/26 10:20:53 AM,4.68,8.35,77.2,11.472,36.272,1069.350,-2.965
24760,04/19/26 10:30:53 AM,6.01,9.35,75.8,11.770,33.492,1069.350,-3.768
24761,04/19/26 10:40:53 AM,6.35,9.35,77.2,12.266,32.558,1069.350,-3.709
24762,04/19/26 10:50:53 AM,6.01,9.02,80.0,12.550,32.839,1069.350,-3.345
24763,04/19/26 11:00:53 AM,5.68,9.68,78.6,13.118,32.499,1069.350,-2.986
24764,04/19/26 11:10:53 AM,5.68,8.68,80.0,13.705,31.727,1069.350,-2.794
24765,04/19/26 11:20:53 AM,5.68,8.68,89.9,14.121,31.173,1069.350,-2.668
24766,04/19/26 11:30:53 AM,5.68,9.35,80.0,14.735,28.359,1069.350,-3.405
24767,04/19/26 11:40:53 AM,5.01,8.35,75.8,15.386,28.460,1069.350,-2.795
24768,04/19/26 11:50:53 AM,5.68,9.35,71.6,15.250,28.994,1069.350,-2.663
24769,04/19/26 12:00:53 PM,6.01,9.02,63.2,15.384,29.128,1069.350,-2.485
24770,04/19/26 12:10:53 PM,6.01,9.02,70.2,15.818,28.290,1069.350,-2.503
24771,04/19/26 12:20:53 PM,6.01,9.02,61.8,16.212,28.861,1069.350,-1.893
24772,04/19/26 12:30:53 PM,5.34,8.68,74.4,16.834,28.075,1069.350,-1.731
24773,04/19/26 12:40:53 PM,5.68,9.68,74.4,16.912,27.970,1069.350,-1.715
24774,04/19/26 12:50:53 PM,6.68,9.68,63.2,16.974,27.494,1069.350,-1.894
24775,04/19/26 01:00:53 PM,6.01,9.35,73.0,17.164,27.555,1069.350,-1.701
24776,04/19/26 01:10:53 PM,5.34,9.35,73.0,17.636,27.930,1069.350,-1.112
24777,04/19/26 01:20:53 PM,5.34,8.02,91.3,17.907,26.065,1069.350,-1.819
24778,04/19/26 01:30:53 PM,5.34,8.68,73.0,17.263,26.415,1069.350,-2.189
24779,04/19/26 01:40:53 PM,5.01,7.68,77.2,17.877,25.060,1069.350,-2.377
24780,04/19/26 01:50:53 PM,5.01,7.68,77.2,17.692,24.121,1069.350,-3.047
24781,04/19/26 02:00:53 PM,5.01,7.68,85.6,18.703,23.870,1069.350,-2.334
24782,04/19/26 02:10:53 PM,4.68,7.35,88.4,19.185,25.217,1069.350,-1.181
24783,04/19/26 02:20:53 PM,5.34,9.35,81.4,18.818,24.675,1069.350,-1.788
24784,04/19/26 02:30:53 PM,5.01,8.02,96.9,18.601,25.560,1069.350,-1.494
24785,04/19/26 02:40:53 PM,4.68,8.35,106.7,18.858,25.397,1069.350,-1.362
24786,04/19/26 02:50:53 PM,5.01,9.02,80.0,18.478,24.678,1069.350,-2.074
24787,04/19/26 03:00:53 PM,4.68,7.01,92.7,18.403,25.072,1069.350,-1.924
24788,04/19/26 03:10:53 PM,4.68,6.68,84.2,18.668,25.095,1069.350,-1.686
24789,04/19/26 03:20:53 PM,5.34,8.35,80.0,19.968,23.444,1069.350,-1.512
24790,04/19/26 03:30:53 PM,5.01,8.02,78.6,19.708,24.396,1069.350,-1.189
24791,04/19/26 03:40:53 PM,4.68,8.68,82.8,19.837,23.601,1069.350,-1.531
24792,04/19/26 03:50:53 PM,4.68,8.35,85.6,19.478,23.116,1069.350,-2.115
24793,04/19/26 04:00:53 PM,4.68,7.68,84.2,19.365,23.703,1069.350,-1.871
24794,04/19/26 04:10:53 PM,5.01,7.01,95.5,19.065,23.804,1069.350,-2.066
24795,04/19/26 04:20:53 PM,4.68,8.02,78.6,19.161,23.647,1069.350,-2.074
24796,04/19/26 04:30:53 PM,4.68,7.01,74.4,18.652,24.814,1069.350,-1.853
24797,04/19/26 04:40:53 PM,4.68,7.01,81.4,18.805,24.694,1069.350,-1.789
24798,04/19/26 04:50:53 PM,4.68,7.68,82.8,18.502,26.146,1069.350,-1.270
24799,04/19/26 05:00:53 PM,4.68,7.68,74.4,19.161,26.172,1069.350,-0.694
24800,04/19/26 05:10:53 PM,4.68,7.01,80.0,19.169,23.899,1069.350,-1.924
24801,04/19/26 05:20:53 PM,4.68,7.01,78.6,18.378,24.743,1069.350,-2.124
24802,04/19/26 05:30:53 PM,4.01,6.01,75.8,18.008,26.546,1069.350,-1.485
24803,04/19/26 05:40:53 PM,4.34,6.68,74.4,18.486,25.689,1069.350,-1.523
24804,04/19/26 05:50:53 PM,5.01,8.02,68.8,19.250,25.527,1069.350,-0.960
24805,04/19/26 06:00:53 PM,4.68,7.01,68.8,18.529,26.372,1069.350,-1.129
24806,04/19/26 06:10:53 PM,5.34,8.02,66.0,19.075,26.268,1069.350,-0.718
24807,04/19/26 06:20:53 PM,5.01,7.68,68.8,19.073,25.982,1069.350,-0.869
24808,04/19/26 06:30:53 PM,5.68,8.35,59.0,18.740,25.690,1069.350,-1.307
24809,04/19/26 06:40:53 PM,5.01,7.35,73.0,18.381,26.729,1069.350,-1.073
24810,04/19/26 06:50:53 PM,5.01,7.68,64.6,18.405,26.526,1069.350,-1.156
24811,04/19/26 07:00:53 PM,4.68,7.68,67.4,17.638,27.547,1069.350,-1.298
24812,04/19/26 07:10:53 PM,4.68,7.01,64.6,17.078,28.197,1069.350,-1.462
24813,04/19/26 07:20:53 PM,4.01,7.68,67.4,16.437,29.694,1069.350,-1.312
24814,04/19/26 07:30:53 PM,3.34,5.01,66.0,15.928,31.652,1069.350,-0.884
24815,04/19/26 07:40:53 PM,2.67,4.34,59.0,15.030,33.806,1069.350,-0.772
24816,04/19/26 07:50:53 PM,2.67,4.68,54.8,14.164,35.064,1069.350,-1.037
24817,04/19/26 08:00:53 PM,2.34,3.67,46.3,13.346,37.447,1069.350,-0.865
24818,04/19/26 08:10:53 PM,2.34,3.34,46.3,12.644,39.994,1069.350,-0.593
24819,04/19/26 08:20:53 PM,1.34,2.67,70.2,12.153,40.696,1069.350,-0.796
24820,04/19/26 08:30:53 PM,1.34,2.34,122.1,11.668,42.303,1069.350,-0.704
24821,04/19/26 08:40:53 PM,1.34,3.01,112.3,11.759,42.551,1069.350,-0.542
24822,04/19/26 08:50:53 PM,1.00,2.34,137.6,10.432,50.285,1069.350,0.543
24823,04/19/26 09:00:53 PM,0.33,1.00,136.2,10.183,51.411,1069.350,0.619
24824,04/19/26 09:10:53 PM,0.00,0.33,136.2,10.027,50.944,1069.350,0.349
24825,04/19/26 09:20:53 PM,0.00,0.33,136.2,10.175,50.246,1069.350,0.295
24826,04/19/26 09:30:53 PM,0.00,0.33,136.2,9.931,49.731,1069.350,-0.072
24827,04/19/26 09:40:53 PM,0.00,0.00,136.2,9.834,49.023,1069.350,-0.358
24828,04/19/26 09:50:53 PM,0.00,0.00,136.2,9.896,48.429,1069.350,-0.468
24829,04/19/26 10:00:53 PM,0.00,0.67,136.2,9.499,49.064,1069.350,-0.655
24830,04/19/26 10:10:53 PM,0.33,1.00,136.2,8.630,50.767,1069.350,-0.991
24831,04/19/26 10:20:53 PM,0.67,1.00,136.2,8.738,49.909,1069.350,-1.123
24832,04/19/26 10:30:53 PM,0.00,0.33,136.2,8.553,49.938,1069.350,-1.286
24833,04/19/26 10:40:53 PM,0.33,1.00,136.2,7.617,49.807,1069.350,-2.186
24834,04/19/26 10:50:53 PM,1.00,1.34,123.5,6.746,51.328,1069.350,-2.586
24835,04/19/26 11:00:53 PM,1.00,1.67,331.3,6.571,52.021,1069.350,-2.567
24836,04/19/26 11:10:53 PM,1.34,2.67,7.0,7.043,50.575,1069.350,-2.510
24837,04/19/26 11:20:53 PM,1.00,2.34,85.6,6.949,51.257,1069.350,-2.416
24838,04/19/26 11:30:53 PM,1.00,2.00,181.1,6.357,53.062,1069.350,-2.499
24839,04/19/26 11:40:53 PM,0.67,1.34,209.2,5.373,56.805,1069.350,-2.500
24840,04/19/26 11:50:53 PM,1.00,1.34,221.8,5.917,54.731,1069.350,-2.492
24841,04/20/26 12:00:53 AM,0.67,1.00,283.6,5.928,54.562,1069.350,-2.523
24842,04/20/26 12:10:53 AM,0.67,1.00,287.8,5.681,54.737,1069.350,-2.711
24843,04/20/26 12:20:53 AM,0.67,1.34,346.8,5.976,53.573,1069.350,-2.725
24844,04/20/26 12:30:53 AM,1.00,1.34,26.7,5.625,54.443,1069.350,-2.835
24845,04/20/26 12:40:53 AM,0.67,1.00,355.2,5.132,55.776,1069.350,-2.971
24846,04/20/26 12:50:53 AM,0.67,1.00,355.2,5.150,55.666,1069.350,-2.981
24847,04/20/26 01:00:53 AM,0.67,1.00,355.2,4.965,56.338,1069.350,-2.993
24848,04/20/26 01:10:53 AM,1.00,1.34,355.2,4.437,57.736,1069.350,-3.160
24849,04/20/26 01:20:53 AM,1.00,1.34,327.1,3.574,59.695,1069.350,-3.526
24850,04/20/26 01:30:53 AM,0.67,1.34,332.7,3.721,59.124,1069.350,-3.516
24851,04/20/26 01:40:53 AM,1.00,1.34,334.1,3.612,59.582,1069.350,-3.516
24852,04/20/26 01:50:53 AM,1.00,1.34,327.1,2.772,62.530,1069.350,-3.665
24853,04/20/26 02:00:53 AM,0.67,1.34,327.1,3.188,61.285,1069.350,-3.540
24854,04/20/26 02:10:53 AM,0.67,1.67,344.0,3.577,60.102,1069.350,-3.432
24855,04/20/26 02:20:53 AM,1.34,2.00,0.0,4.319,57.708,1069.350,-3.277
24856,04/20/26 02:30:53 AM,1.00,1.67,1.4,4.652,56.129,1069.350,-3.336
24857,04/20/26 02:40:53 AM,1.00,1.67,329.9,3.890,58.001,1069.350,-3.613
24858,04/20/26 02:50:53 AM,1.00,1.67,325.7,3.220,59.774,1069.350,-3.843
24859,04/20/26 03:00:53 AM,1.00,1.34,345.4,3.917,56.825,1069.350,-3.861
24860,04/20/26 03:10:53 AM,0.67,1.00,352.4,4.587,53.985,1069.350,-3.917
24861,04/20/26 03:20:53 AM,0.67,1.00,352.4,4.293,54.543,1069.350,-4.054
24862,04/20/26 03:30:53 AM,1.34,2.00,278.0,1.638,63.607,1069.350,-4.515
24863,04/20/26 03:40:53 AM,1.67,2.00,278.0,-0.423,72.543,1069.350,-4.751
24864,04/20/26 03:50:53 AM,1.00,1.34,280.8,1.188,65.647,1069.350,-4.526
24865,04/20/26 04:00:53 AM,1.34,2.00,282.2,0.856,66.235,1069.350,-4.725
24866,04/20/26 04:10:53 AM,1.34,1.67,293.4,1.357,64.356,1069.350,-4.628
24867,04/20/26 04:20:53 AM,1.00,1.67,321.5,2.695,59.542,1069.350,-4.390
24868,04/20/26 04:30:53 AM,1.00,2.00,324.3,2.453,60.162,1069.350,-4.481
24869,04/20/26 04:40:53 AM,1.67,2.00,294.8,0.805,65.649,1069.350,-4.891
24870,04/20/26 04:50:53 AM,1.67,2.00,306.1,0.566,66.622,1069.350,-4.925
24871,04/20/26 05:00:53 AM,1.34,2.34,320.1,1.794,61.158,1069.350,-4.887
24872,04/20/26 05:10:53 AM,1.34,2.00,327.1,1.054,63.783,1069.350,-5.034
24873,04/20/26 05:20:53 AM,1.00,1.67,271.0,1.252,62.631,1069.350,-5.086
24874,04/20/26 05:30:53 AM,0.67,1.34,286.4,0.507,65.765,1069.350,-5.152
24875,04/20/26 05:40:53 AM,0.00,0.33,286.4,0.794,64.570,1069.350,-5.120
24876,04/20/26 05:50:53 AM,0.33,1.00,286.4,0.389,66.226,1069.350,-5.173
24877,04/20/26 06:00:53 AM,0.00,0.67,286.4,0.700,65.400,1069.350,-5.041
24878,04/20/26 06:10:53 AM,1.00,1.67,294.8,-0.303,68.048,1069.350,-5.478
24879,04/20/26 06:20:53 AM,0.33,1.34,308.9,0.898,63.536,1069.350,-5.234
24880,04/20/26 06:30:53 AM,0.33,2.34,304.7,0.850,63.508,1069.350,-5.285
24881,04/20/26 06:40:53 AM,1.34,2.34,293.4,-1.027,70.330,1069.350,-5.741
24882,04/20/26 06:50:53 AM,0.67,1.00,300.4,1.073,63.041,1069.350,-5.170
24883,04/20/26 07:00:53 AM,1.34,1.67,299.0,-0.654,68.687,1069.350,-5.692
24884,04/20/26 07:10:53 AM,1.67,2.00,287.8,-1.670,73.899,1069.350,-5.712
24885,04/20/26 07:20:53 AM,1.34,1.67,307.5,0.266,67.935,1069.350,-4.955
24886,04/20/26 07:30:53 AM,0.67,1.34,322.9,2.067,63.088,1069.350,-4.216
24887,04/20/26 07:40:53 AM,0.00,1.00,322.9,2.700,66.040,1069.350,-3.003
24888,04/20/26 07:50:53 AM,0.00,0.00,322.9,2.987,69.857,1069.350,-1.971
24889,04/20/26 08:00:53 AM,0.00,0.00,322.9,3.542,70.225,1069.350,-1.366
24890,04/20/26 08:10:53 AM,0.00,0.00,322.9,3.987,70.533,1069.350,-0.879
24891,04/20/26 08:20:53 AM,0.00,0.00,322.9,5.510,63.854,1069.350,-0.783
24892,04/20/26 08:30:53 AM,0.00,0.00,322.9,6.212,60.494,1069.350,-0.856
24893,04/20/26 08:40:53 AM,0.00,1.00,313.1,7.247,49.732,1069.350,-2.548
24894,04/20/26 08:50:53 AM,0.33,1.34,240.1,7.764,50.671,1069.350,-1.817
24895,04/20/26 09:00:53 AM,0.67,1.67,172.7,8.464,50.256,1069.350,-1.282
24896,04/20/26 09:10:53 AM,0.33,2.00,140.4,8.917,48.077,1069.350,-1.468
24897,04/20/26 09:20:53 AM,1.00,2.00,119.3,9.081,49.049,1069.350,-1.044
24898,04/20/26 09:30:53 AM,1.00,2.00,127.8,9.161,50.591,1069.350,-0.547
24899,04/20/26 09:40:53 AM,1.34,2.00,132.0,9.354,52.233,1069.350,0.070
24900,04/20/26 09:50:53 AM,1.34,2.00,124.9,9.700,53.628,1069.350,0.756
24901,04/20/26 10:00:53 AM,1.34,2.67,102.5,11.864,50.468,1069.350,1.916
24902,04/20/26 10:10:53 AM,2.34,4.34,110.9,13.344,47.097,1069.350,2.308
24903,04/20/26 10:20:53 AM,4.01,6.68,75.8,14.671,39.725,1069.350,1.133
24904,04/20/26 10:30:53 AM,5.01,8.02,75.8,15.764,35.668,1069.350,0.614
24905,04/20/26 10:40:53 AM,4.68,6.68,80.0,15.411,35.337,1069.350,0.173
24906,04/20/26 10:50:53 AM,4.68,7.01,82.8,15.596,36.068,1069.350,0.619
24907,04/20/26 11:00:53 AM,4.68,6.68,74.4,16.392,34.574,1069.350,0.737
24908,04/20/26 11:10:53 AM,4.01,6.35,80.0,16.890,32.486,1069.350,0.314
24909,04/20/26 11:20:53 AM,4.34,6.68,73.0,17.700,30.135,1069.350,-0.016
24910,04/20/26 11:30:53 AM,4.34,7.01,73.0,18.153,29.865,1069.350,0.253
24911,04/20/26 11:40:53 AM,4.01,6.35,84.2,18.521,29.837,1069.350,0.559
24912,04/20/26 11:50:53 AM,4.68,8.35,71.6,18.992,28.278,1069.350,0.224
24913,04/20/26 12:00:53 PM,4.34,8.35,77.2,19.470,27.892,1069.350,0.445
24914,04/20/26 12:10:53 PM,4.34,6.68,113.7,19.344,24.430,1069.350,-1.478
24915,04/20/26 12:20:53 PM,3.01,4.68,101.1,19.781,23.160,1069.350,-1.834
24916,04/20/26 12:30:53 PM,3.34,6.01,101.1,20.116,22.327,1069.350,-2.050
24917,04/20/26 12:40:53 PM,3.67,6.35,109.5,20.244,23.038,1069.350,-1.517
24918,04/20/26 12:50:53 PM,4.01,6.35,127.8,19.754,23.113,1069.350,-1.885
24919,04/20/26 01:00:53 PM,3.34,5.34,119.3,20.360,22.873,1069.350,-1.518
24920,04/20/26 01:10:53 PM,3.67,6.01,112.3,20.531,23.354,1069.350,-1.091
24921,04/20/26 01:20:53 PM,4.34,7.01,129.2,20.421,22.634,1069.350,-1.609
24922,04/20/26 01:30:53 PM,3.67,6.35,126.4,20.223,21.886,1069.350,-2.230
24923,04/20/26 01:40:53 PM,2.67,5.68,120.7,20.781,22.499,1069.350,-1.389
24924,04/20/26 01:50:53 PM,3.34,5.01,116.5,21.156,23.021,1069.350,-0.762
24925,04/20/26 02:00:53 PM,2.67,5.68,130.6,20.759,21.541,1069.350,-1.998
24926,04/20/26 02:10:53 PM,3.34,6.01,101.1,21.368,23.006,1069.350,-0.593
24927,04/20/26 02:20:53 PM,3.67,6.68,133.4,21.000,22.322,1069.350,-1.313
24928,04/20/26 02:30:53 PM,2.67,4.34,143.2,21.226,22.954,1069.350,-0.743
24929,04/20/26 02:40:53 PM,3.01,6.01,112.3,21.636,22.066,1069.350,-0.939
24930,04/20/26 02:50:53 PM,1.67,5.68,182.5,21.671,21.723,1069.350,-1.124
24931,04/20/26 03:00:53 PM,1.34,4.68,153.0,21.950,20.606,1069.350,-1.610
24932,04/20/26 03:10:53 PM,1.00,2.34,11.2,22.081,21.006,1069.350,-1.240
24933,04/20/26 03:20:53 PM,2.67,6.68,123.5,22.692,21.724,1069.350,-0.273
24934,04/20/26 03:30:53 PM,3.34,7.68,183.9,21.628,22.202,1069.350,-0.862
24935,04/20/26 03:40:53 PM,2.00,5.01,147.4,22.250,21.831,1069.350,-0.574
24936,04/20/26 03:50:53 PM,3.34,6.35,185.3,22.118,22.591,1069.350,-0.214
24937,04/20/26 04:00:53 PM,2.34,5.34,167.1,22.625,22.524,1069.350,0.169
24938,04/20/26 04:10:53 PM,3.34,6.68,178.3,22.373,22.237,1069.350,-0.218
24939,04/20/26 04:20:53 PM,3.67,7.01,185.3,22.215,21.588,1069.350,-0.756
24940,04/20/26 04:30:53 PM,1.34,4.34,202.2,22.625,20.235,1069.350,-1.299
24941,04/20/26 04:40:53 PM,2.67,4.68,143.2,22.703,22.162,1069.350,0.011
24942,04/20/26 04:50:53 PM,3.01,5.68,150.2,22.360,21.875,1069.350,-0.454
24943,04/20/26 05:00:53 PM,2.00,4.68,193.7,22.102,20.233,1069.350,-1.733
24944,04/20/26 05:10:53 PM,0.67,2.67,235.9,23.143,20.253,1069.350,-0.859
24945,04/20/26 05:20:53 PM,1.67,3.67,120.7,22.773,20.862,1069.350,-0.760
24946,04/20/26 05:30:53 PM,3.01,4.68,127.8,22.352,21.764,1069.350,-0.531
24947,04/20/26 05:40:53 PM,2.00,3.01,151.6,22.539,20.323,1069.350,-1.311
24948,04/20/26 05:50:53 PM,1.67,3.01,119.3,22.574,21.180,1069.350,-0.719
24949,04/20/26 06:00:53 PM,2.34,4.68,99.7,22.435,20.943,1069.350,-0.988
24950,04/20/26 06:10:53 PM,2.00,4.01,71.6,22.456,20.855,1069.350,-1.028
24951,04/20/26 06:20:53 PM,2.00,4.01,64.6,22.033,21.413,1069.350,-1.019
24952,04/20/26 06:30:53 PM,2.00,3.34,95.5,22.395,21.813,1069.350,-0.464
24953,04/20/26 06:40:53 PM,2.34,4.34,78.6,22.293,21.242,1069.350,-0.912
24954,04/20/26 06:50:53 PM,2.67,4.01,60.4,21.824,23.012,1069.350,-0.207
24955,04/20/26 07:00:53 PM,2.00,3.67,77.2,21.738,24.120,1069.350,0.368
24956,04/20/26 07:10:53 PM,2.00,3.01,67.4,21.467,25.725,1069.350,1.031
24957,04/20/26 07:20:53 PM,1.67,3.01,56.2,20.494,27.486,1069.350,1.120
24958,04/20/26 07:30:53 PM,2.00,2.67,35.1,19.558,29.917,1069.350,1.494
24959,04/20/26 07:40:53 PM,2.00,3.01,25.3,18.628,32.258,1069.350,1.736
24960,04/20/26 07:50:53 PM,2.34,3.01,8.4,17.019,35.883,1069.350,1.808
24961,04/20/26 08:00:53 PM,2.67,3.34,5.6,15.695,37.288,1069.350,1.168
24962,04/20/26 08:10:53 PM,2.67,3.67,5.6,15.164,35.373,1069.350,-0.032
24963,04/20/26 08:20:53 PM,3.01,3.67,5.6,14.596,34.994,1069.350,-0.682
24964,04/20/26 08:30:53 PM,1.67,3.34,4.2,14.006,35.840,1069.350,-0.878
24965,04/20/26 08:40:53 PM,0.67,1.67,140.4,13.590,36.835,1069.350,-0.873
24966,04/20/26 08:50:53 PM,0.33,1.34,186.7,14.510,36.049,1069.350,-0.351
24967,04/20/26 09:00:53 PM,1.00,2.00,279.4,13.467,36.515,1069.350,-1.101
24968,04/20/26 09:10:53 PM,1.00,1.34,294.8,13.660,35.198,1069.350,-1.430
24969,04/20/26 09:20:53 PM,1.34,1.67,294.8,11.708,39.229,1069.350,-1.696
24970,04/20/26 09:30:53 PM,1.34,1.67,303.2,11.008,39.876,1069.350,-2.103
24971,04/20/26 09:40:53 PM,1.34,1.67,311.7,10.496,40.926,1069.350,-2.213
24972,04/20/26 09:50:53 PM,1.34,1.67,315.9,10.590,40.322,1069.350,-2.329
24973,04/20/26 10:00:53 PM,0.33,1.00,318.7,10.108,42.374,1069.350,-2.093
24974,04/20/26 10:10:53 PM,0.33,1.34,321.5,9.641,44.785,1069.350,-1.768
24975,04/20/26 10:20:53 PM,1.67,2.67,4.2,10.502,43.006,1069.350,-1.536
24976,04/20/26 10:30:53 PM,2.00,2.67,5.6,10.067,44.198,1069.350,-1.559
24977,04/20/26 10:40:53 PM,2.00,2.67,8.4,10.057,43.392,1069.350,-1.818
24978,04/20/26 10:50:53 PM,1.00,2.34,39.3,9.727,43.493,1069.350,-2.086
24979,04/20/26 11:00:53 PM,1.00,1.34,144.6,9.352,45.183,1069.350,-1.912
24980,04/20/26 11:10:53 PM,1.00,1.34,268.1,6.767,54.641,1069.350,-1.721
24981,04/20/26 11:20:53 PM,1.00,1.34,283.6,7.376,51.431,1069.350,-1.975
24982,04/20/26 11:30:53 PM,1.00,1.67,325.7,7.754,49.996,1069.350,-2.008
24983,04/20/26 11:40:53 PM,1.00,1.34,327.1,7.124,51.986,1069.350,-2.063
24984,04/20/26 11:50:53 PM,0.67,1.67,327.1,7.537,49.812,1069.350,-2.258
24985,04/21/26 12:00:53 AM,0.33,1.34,334.1,8.167,47.304,1069.350,-2.376
24986,04/21/26 12:10:53 AM,1.34,1.67,313.1,6.732,52.166,1069.350,-2.380
24987,04/21/26 12:20:53 AM,1.00,1.34,329.9,7.113,50.748,1069.350,-2.399
24988,04/21/26 12:30:53 AM,1.34,1.67,293.4,5.700,56.066,1069.350,-2.370
24989,04/21/26 12:40:53 AM,1.67,2.00,287.8,4.649,59.472,1069.350,-2.562
24990,04/21/26 12:50:53 AM,0.33,1.67,304.7,5.861,54.537,1069.350,-2.592
24991,04/21/26 01:00:53 AM,1.34,2.00,304.7,5.032,57.887,1069.350,-2.566
24992,04/21/26 01:10:53 AM,1.00,1.34,308.9,4.805,58.341,1069.350,-2.674
24993,04/21/26 01:20:53 AM,0.00,1.00,318.7,5.805,54.258,1069.350,-2.713
24994,04/21/26 01:30:53 AM,0.00,1.00,334.1,6.148,53.021,1069.350,-2.704
24995,04/21/26 01:40:53 AM,0.00,0.00,334.1,5.853,53.800,1069.350,-2.783
24996,04/21/26 01:50:53 AM,0.00,0.00,334.1,5.805,53.442,1069.350,-2.917
24997,04/21/26 02:00:53 AM,0.33,1.34,334.1,5.472,54.253,1069.350,-3.025
24998,04/21/26 02:10:53 AM,0.67,1.34,334.1,4.641,57.684,1069.350,-2.980
24999,04/21/26 02:20:53 AM,0.67,1.67,315.9,4.456,58.473,1069.350,-2.972
25000,04/21/26 02:30:53 AM,1.34,2.00,296.2,3.362,62.193,1069.350,-3.178
25001,04/21/26 02:40:53 AM,0.33,1.34,296.2,4.424,57.853,1069.350,-3.145
25002,04/21/26 02:50:53 AM,0.33,1.00,296.2,5.314,54.643,1069.350,-3.077
25003,04/21/26 03:00:53 AM,0.67,1.34,315.9,5.480,54.049,1069.350,-3.068
25004,04/21/26 03:10:53 AM,0.33,0.67,321.5,5.483,54.092,1069.350,-3.055
25005,04/21/26 03:20:53 AM,0.33,1.67,320.1,3.003,62.733,1069.350,-3.403
25006,04/21/26 03:30:53 AM,0.67,1.34,322.9,4.494,58.155,1069.350,-3.009
25007,04/21/26 03:40:53 AM,1.00,1.67,297.6,4.167,59.055,1069.350,-3.111
25008,04/21/26 03:50:53 AM,0.33,1.34,299.0,5.306,55.215,1069.350,-2.944
25009,04/21/26 04:00:53 AM,1.00,1.34,299.0,4.405,58.038,1069.350,-3.120
25010,04/21/26 04:10:53 AM,0.67,1.67,301.8,4.845,56.545,1069.350,-3.056
25011,04/21/26 04:20:53 AM,1.00,1.67,325.7,4.898,56.130,1069.350,-3.106
25012,04/21/26 04:30:53 AM,0.67,1.34,322.9,4.638,56.806,1069.350,-3.189
25013,04/21/26 04:40:53 AM,1.34,2.00,293.4,3.343,60.897,1069.350,-3.478
25014,04/21/26 04:50:53 AM,1.34,2.00,294.8,3.043,61.962,1069.350,-3.530
25015,04/21/26 05:00:53 AM,1.34,2.00,304.7,3.721,59.385,1069.350,-3.457
25016,04/21/26 05:10:53 AM,0.33,1.67,315.9,4.349,57.156,1069.350,-3.378
25017,04/21/26 05:20:53 AM,0.67,1.67,313.1,3.968,58.250,1069.350,-3.482
25018,04/21/26 05:30:53 AM,1.00,1.67,324.3,3.571,59.417,1069.350,-3.591
25019,04/21/26 05:40:53 AM,1.34,1.67,318.7,2.751,62.312,1069.350,-3.732
25020,04/21/26 05:50:53 AM,0.67,1.67,322.9,3.965,58.647,1069.350,-3.394
25021,04/21/26 06:00:53 AM,1.00,1.34,324.3,3.376,60.639,1069.350,-3.503
25022,04/21/26 06:10:53 AM,1.00,1.34,324.3,2.360,64.187,1069.350,-3.708
25023,04/21/26 06:20:53 AM,1.34,2.00,327.1,3.054,62.213,1069.350,-3.466
25024,04/21/26 06:30:53 AM,1.34,2.67,355.2,3.223,62.292,1069.350,-3.289
25025,04/21/26 06:40:53 AM,1.34,2.34,5.6,3.711,62.112,1069.350,-2.865
25026,04/21/26 06:50:53 AM,1.00,1.67,12.6,3.813,62.382,1069.350,-2.710
25027,04/21/26 07:00:53 AM,1.00,1.67,26.7,3.923,61.988,1069.350,-2.691
25028,04/21/26 07:10:53 AM,0.33,1.00,32.3,3.641,63.033,1069.350,-2.733
25029,04/21/26 07:20:53 AM,0.33,1.34,26.7,3.309,64.608,1069.350,-2.717
25030,04/21/26 07:30:53 AM,0.67,1.34,294.8,2.507,67.846,1069.350,-2.825
25031,04/21/26 07:40:53 AM,0.00,1.00,304.7,4.507,63.157,1069.350,-1.885
25032,04/21/26 07:50:53 AM,0.00,0.67,307.5,5.915,59.651,1069.350,-1.328
25033,04/21/26 08:00:53 AM,0.00,0.67,315.9,6.461,58.071,1069.350,-1.180
25034,04/21/26 08:10:53 AM,0.00,0.33,315.9,6.217,58.961,1069.350,-1.202
25035,04/21/26 08:20:53 AM,0.67,1.67,234.5,6.059,59.501,1069.350,-1.227
25036,04/21/26 08:30:53 AM,0.67,1.34,179.7,5.735,63.615,1069.350,-0.620
25037,04/21/26 08:40:53 AM,1.00,1.67,196.5,6.247,64.108,1069.350,-0.028
25038,04/21/26 08:50:53 AM,0.00,0.00,171.3,7.057,63.159,1069.350,0.536
25039,04/21/26 09:00:53 AM,0.00,1.34,171.3,7.628,63.545,1069.350,1.163
25040,04/21/26 09:10:53 AM,0.33,1.00,171.3,8.276,62.400,1069.350,1.524
25041,04/21/26 09:20:53 AM,0.00,1.00,153.0,8.976,61.213,1069.350,1.918
25042,04/21/26 09:30:53 AM,0.67,1.67,154.4,9.059,63.426,1069.350,2.495
25043,04/21/26 09:40:53 AM,0.67,1.67,151.6,9.515,64.608,1069.350,3.188
25044,04/21/26 09:50:53 AM,0.33,1.00,162.9,10.470,61.572,1069.350,3.413
25045,04/21/26 10:00:53 AM,0.67,1.34,153.0,11.148,61.653,1069.350,4.072
25046,04/21/26 10:10:53 AM,0.67,1.34,134.8,12.314,60.122,1069.350,4.813
25047,04/21/26 10:20:53 AM,1.34,2.34,132.0,14.078,57.313,1069.350,5.782
25048,04/21/26 10:30:53 AM,2.34,5.68,108.1,15.110,49.664,1069.350,4.681
25049,04/21/26 10:40:53 AM,4.01,6.01,67.4,17.424,40.433,1069.350,3.852
25050,04/21/26 10:50:53 AM,4.01,6.35,78.6,17.789,39.750,1069.350,3.937
25051,04/21/26 11:00:53 AM,3.01,5.01,108.1,17.630,44.472,1069.350,5.400
25052,04/21/26 11:10:53 AM,2.34,3.34,130.6,17.403,49.252,1069.350,6.670
25053,04/21/26 11:20:53 AM,2.00,4.01,101.1,19.293,39.478,1069.350,5.185
25054,04/21/26 11:30:53 AM,3.01,6.68,112.3,20.022,32.560,1069.350,3.085
25055,04/21/26 11:40:53 AM,4.34,7.35,119.3,20.132,29.911,1069.350,1.988
25056,04/21/26 11:50:53 AM,4.68,7.35,109.5,20.202,28.696,1069.350,1.469
25057,04/21/26 12:00:53 PM,4.68,7.35,129.2,20.338,28.902,1069.350,1.686
25058,04/21/26 12:10:53 PM,5.34,8.02,127.8,20.159,30.732,1069.350,2.391
25059,04/21/26 12:20:53 PM,5.01,7.68,113.7,20.269,30.149,1069.350,2.217
25060,04/21/26 12:30:53 PM,5.34,7.68,126.4,20.577,29.957,1069.350,2.394
25061,04/21/26 12:40:53 PM,5.01,7.68,123.5,20.821,30.867,1069.350,3.027
25062,04/21/26 12:50:53 PM,4.68,8.02,122.1,20.979,30.501,1069.350,2.996
25063,04/21/26 01:00:53 PM,5.01,10.02,137.6,21.210,29.952,1069.350,2.940
25064,04/21/26 01:10:53 PM,4.68,9.02,120.7,21.504,29.560,1069.350,3.008
25065,04/21/26 01:20:53 PM,6.01,8.68,115.1,21.376,28.658,1069.350,2.461
25066,04/21/26 01:30:53 PM,6.01,9.35,115.1,21.387,29.325,1069.350,2.794
25067,04/21/26 01:40:53 PM,5.01,9.35,109.5,22.051,29.012,1069.350,3.215
25068,04/21/26 01:50:53 PM,6.01,9.68,133.4,21.885,29.876,1069.350,3.487
25069,04/21/26 02:00:53 PM,6.01,11.35,116.5,22.282,28.823,1069.350,3.322
25070,04/21/26 02:10:53 PM,5.68,9.35,140.4,22.089,29.239,1069.350,3.358
25071,04/21/26 02:20:53 PM,6.35,11.69,124.9,21.301,30.045,1069.350,3.062
25072,04/21/26 02:30:53 PM,6.68,15.36,126.4,22.298,29.754,1069.350,3.786
25073,04/21/26 02:40:53 PM,6.68,12.02,140.4,22.086,27.428,1069.350,2.454
25074,04/21/26 02:50:53 PM,7.35,12.36,132.0,22.311,27.585,1069.350,2.727
25075,04/21/26 03:00:53 PM,7.68,12.02,141.8,22.462,27.449,1069.350,2.786
25076,04/21/26 03:10:53 PM,6.68,10.35,140.4,22.113,27.410,1069.350,2.468
25077,04/21/26 03:20:53 PM,7.01,10.69,143.2,21.609,27.897,1069.350,2.283
25078,04/21/26 03:30:53 PM,6.35,10.02,147.4,21.349,27.597,1069.350,1.909
25079,04/21/26 03:40:53 PM,5.68,8.35,143.2,22.086,27.791,1069.350,2.639
25080,04/21/26 03:50:53 PM,6.68,9.35,116.5,22.507,27.178,1069.350,2.685
25081,04/21/26 04:00:53 PM,6.68,10.69,123.5,22.813,27.204,1069.350,2.960
25082,04/21/26 04:10:53 PM,6.35,10.02,129.2,21.395,28.608,1069.350,2.453
25083,04/21/26 04:20:53 PM,6.35,9.02,137.6,21.813,27.553,1069.350,2.284
25084,04/21/26 04:30:53 PM,6.68,10.69,129.2,20.963,27.918,1069.350,1.740
25085,04/21/26 04:40:53 PM,6.68,10.02,124.9,20.563,28.122,1069.350,1.498
25086,04/21/26 04:50:53 PM,7.01,11.02,137.6,20.813,27.140,1069.350,1.217
25087,04/21/26 05:00:53 PM,6.68,11.02,144.6,20.984,27.098,1069.350,1.342
25088,04/21/26 05:10:53 PM,6.68,11.69,137.6,20.620,28.173,1069.350,1.572
25089,04/21/26 05:20:53 PM,5.01,7.01,140.4,20.606,29.148,1069.350,2.035
25090,04/21/26 05:30:53 PM,5.68,10.02,153.0,20.534,28.742,1069.350,1.777
25091,04/21/26 05:40:53 PM,5.68,10.35,148.8,20.076,29.381,1069.350,1.689
25092,04/21/26 05:50:53 PM,6.01,13.36,137.6,19.826,29.229,1069.350,1.401
25093,04/21/26 06:00:53 PM,8.02,13.02,117.9,19.585,28.669,1069.350,0.924
25094,04/21/26 06:10:53 PM,8.02,16.36,112.3,19.429,28.336,1069.350,0.628
25095,04/21/26 06:20:53 PM,6.68,13.02,119.3,18.832,31.043,1069.350,1.378
25096,04/21/26 06:30:53 PM,6.35,19.04,139.0,18.274,32.902,1069.350,1.702
25097,04/21/26 06:40:53 PM,4.34,10.69,94.1,18.470,31.934,1069.350,1.457
25098,04/21/26 06:50:53 PM,4.68,8.35,75.8,18.017,32.526,1069.350,1.317
25099,04/21/26 07:00:53 PM,3.67,6.01,33.7,17.649,34.356,1069.350,1.757
25100,04/21/26 07:10:53 PM,4.01,7.01,33.7,17.529,34.398,1069.350,1.669
25101,04/21/26 07:20:53 PM,4.01,6.68,84.2,17.751,33.530,1069.350,1.507
25102,04/21/26 07:30:53 PM,3.67,6.01,101.1,17.491,34.582,1069.350,1.710
25103,04/21/26 07:40:53 PM,6.01,9.02,110.9,17.893,32.984,1069.350,1.403
25104,04/21/26 07:50:53 PM,8.35,12.36,109.5,18.349,31.948,1069.350,1.358
25105,04/21/26 08:00:53 PM,5.34,11.02,132.0,18.429,31.350,1069.350,1.164
25106,04/21/26 08:10:53 PM,3.34,5.68,198.0,17.909,32.630,1069.350,1.267
25107,04/21/26 08:20:53 PM,7.68,11.69,242.9,14.574,50.709,1069.350,4.485
25108,04/21/26 08:30:53 PM,6.01,9.02,248.5,12.019,62.077,1069.350,4.994
25109,04/21/26 08:40:53 PM,7.68,15.36,247.1,12.435,57.192,1069.350,4.213
25110,04/21/26 08:50:53 PM,6.35,10.02,263.9,11.566,60.026,1069.350,4.086
25111,04/21/26 09:00:53 PM,7.01,11.35,256.9,10.711,62.284,1069.350,3.804
25112,04/21/26 09:10:53 PM,8.02,12.36,256.9,10.279,63.761,1069.350,3.727
25113,04/21/26 09:20:53 PM,10.02,14.69,258.3,9.290,65.966,1069.350,3.268
25114,04/21/26 09:30:53 PM,10.02,14.03,251.3,8.453,67.962,1069.350,2.890
25115,04/21/26 09:40:53 PM,9.35,13.69,252.7,7.933,69.406,1069.350,2.688
25116,04/21/26 09:50:53 PM,7.01,10.35,252.7,7.630,71.012,1069.350,2.719
25117,04/21/26 10:00:53 PM,7.01,11.35,258.3,7.488,72.320,1069.350,2.839
25118,04/21/26 10:10:53 PM,6.68,10.35,263.9,7.250,73.985,1069.350,2.930
25119,04/21/26 10:20:53 PM,7.01,11.35,255.5,6.982,75.538,1069.350,2.964
25120,04/21/26 10:30:53 PM,8.02,11.35,271.0,6.901,76.323,1069.350,3.031
25121,04/21/26 10:40:53 PM,7.35,11.35,261.1,6.818,76.597,1069.350,3.001
25122,04/21/26 10:50:53 PM,7.68,11.02,275.2,6.730,76.323,1069.350,2.865
25123,04/21/26 11:00:53 PM,7.01,10.02,287.8,6.617,76.756,1069.350,2.836
25124,04/21/26 11:10:53 PM,7.01,12.02,296.2,6.478,77.279,1069.350,2.796
25125,04/21/26 11:20:53 PM,6.01,9.02,278.0,6.293,78.463,1069.350,2.831
25126,04/21/26 11:30:53 PM,5.34,8.68,280.8,6.188,78.943,1069.350,2.814
25127,04/21/26 11:40:53 PM,5.68,9.35,275.2,5.912,79.889,1069.350,2.713
25128,04/21/26 11:50:53 PM,4.34,6.68,268.1,5.786,80.508,1069.350,2.699
25129,04/22/26 12:00:53 AM,4.34,6.35,254.1,5.703,80.809,1069.350,2.670
25130,04/22/26 12:10:53 AM,4.34,6.01,263.9,5.499,81.695,1069.350,2.624
25131,04/22/26 12:20:53 AM,3.67,6.35,263.9,5.370,82.353,1069.350,2.611
25132,04/22/26 12:30:53 AM,4.34,7.35,266.7,5.338,82.783,1069.350,2.653
25133,04/22/26 12:40:53 AM,4.01,6.68,263.9,5.381,82.943,1069.350,2.722
25134,04/22/26 12:50:53 AM,4.34,6.68,262.5,5.394,83.104,1069.350,2.762
25135,04/22/26 01:00:53 AM,3.34,5.68,259.7,5.352,83.537,1069.350,2.794
25136,04/22/26 01:10:53 AM,2.67,4.68,252.7,5.263,83.978,1069.350,2.781
25137,04/22/26 01:20:53 AM,3.34,4.68,276.6,5.156,84.771,1069.350,2.808
25138,04/22/26 01:30:53 AM,2.67,4.68,265.3,4.933,85.867,1069.350,2.770
25139,04/22/26 01:40:53 AM,3.34,5.34,252.7,4.772,86.729,1069.350,2.752
25140,04/22/26 01:50:53 AM,3.01,4.68,271.0,4.684,87.085,1069.350,2.723
25141,04/22/26 02:00:53 AM,2.67,4.01,280.8,4.413,87.849,1069.350,2.579
25142,04/22/26 02:10:53 AM,3.01,4.68,265.3,4.234,88.724,1069.350,2.542
25143,04/22/26 02:20:53 AM,2.67,3.67,261.1,3.826,89.950,1069.350,2.331
25144,04/22/26 02:30:53 AM,3.34,4.34,271.0,4.041,89.953,1069.350,2.545
25145,04/22/26 02:40:53 AM,3.34,5.01,276.6,4.274,89.369,1069.350,2.683
25146,04/22/26 02:50:53 AM,2.67,5.01,273.8,4.488,88.954,1069.350,2.829
25147,04/22/26 03:00:53 AM,2.67,4.34,265.3,4.571,89.009,1069.350,2.920
25148,04/22/26 03:10:53 AM,2.00,3.67,276.6,4.770,88.710,1069.350,3.069
25149,04/22/26 03:20:53 AM,1.34,2.67,262.5,4.845,88.829,1069.350,3.162
25150,04/22/26 03:30:53 AM,1.67,3.34,262.5,4.885,88.148,1069.350,3.093
25151,04/22/26 03:40:53 AM,4.01,6.35,258.3,4.974,86.232,1069.350,2.870
25152,04/22/26 03:50:53 AM,3.01,5.34,269.6,4.821,87.135,1069.350,2.867
25153,04/22/26 04:00:53 AM,4.34,6.68,276.6,4.118,90.579,1069.350,2.718
25154,04/22/26 04:10:53 AM,3.67,5.34,271.0,3.644,92.432,1069.350,2.533
25155,04/22/26 04:20:53 AM,4.34,7.68,272.4,3.547,92.503,1069.350,2.448
25156,04/22/26 04:30:53 AM,4.68,8.35,271.0,3.258,92.746,1069.350,2.198
25157,04/22/26 04:40:53 AM,4.01,6.01,273.8,2.890,93.597,1069.350,1.960
25158,04/22/26 04:50:53 AM,3.67,7.68,268.1,2.721,94.846,1069.350,1.978
25159,04/22/26 05:00:53 AM,3.67,5.68,269.6,2.475,96.345,1069.350,1.952
25160,04/22/26 05:10:53 AM,3.67,6.68,261.1,2.271,95.801,1069.350,1.669
25161,04/22/26 05:20:53 AM,3.01,5.68,271.0,2.105,95.889,1069.350,1.517
25162,04/22/26 05:30:53 AM,3.01,5.01,282.2,1.864,96.870,1069.350,1.418
25163,04/22/26 05:40:53 AM,2.67,5.01,280.8,1.657,97.563,1069.350,1.311
25164,04/22/26 05:50:53 AM,3.01,5.01,273.8,1.488,97.865,1069.350,1.185
25165,04/22/26 06:00:53 AM,2.34,4.01,262.5,1.274,98.109,1069.350,1.006
25166,04/22/26 06:10:53 AM,1.34,2.67,263.9,0.877,98.567,1069.350,0.673
25167,04/22/26 06:20:53 AM,0.67,1.34,272.4,0.684,99.144,1069.350,0.561
25168,04/22/26 06:30:53 AM,0.67,1.67,259.7,0.547,99.510,1069.350,0.475
25169,04/22/26 06:40:53 AM,0.33,1.34,259.7,0.349,99.820,1069.350,0.320
25170,04/22/26 06:50:53 AM,0.00,0.00,263.9,0.295,99.997,1069.350,0.290
25171,04/22/26 07:00:53 AM,0.00,0.00,263.9,0.309,99.997,1069.350,0.304
25172,04/22/26 07:10:53 AM,0.00,0.00,263.9,0.314,99.997,1069.350,0.309
25173,04/22/26 07:20:53 AM,0.00,0.00,263.9,0.397,99.997,1069.350,0.392
25174,04/22/26 07:30:53 AM,0.00,0.67,263.9,0.520,99.997,1069.350,0.515
25175,04/22/26 07:40:53 AM,0.33,1.00,263.9,0.711,99.997,1069.350,0.707
25176,04/22/26 07:50:53 AM,1.00,2.00,249.9,0.813,99.997,1069.350,0.809
25177,04/22/26 08:00:53 AM,1.00,1.67,261.1,0.847,99.973,1069.350,0.840
25178,04/22/26 08:10:53 AM,1.00,2.00,278.0,1.027,99.965,1069.350,1.019
25179,04/22/26 08:20:53 AM,1.67,3.67,259.7,1.199,99.915,1069.350,1.184
25180,04/22/26 08:30:53 AM,4.34,6.68,252.7,1.357,99.080,1069.350,1.226
25181,04/22/26 08:40:53 AM,4.34,6.35,247.1,1.113,98.865,1069.350,0.951
25182,04/22/26 08:50:53 AM,4.34,6.35,251.3,0.818,99.251,1069.350,0.710
25183,04/22/26 09:00:53 AM,4.01,7.01,255.5,0.445,99.696,1069.350,0.399
25184,04/22/26 09:10:53 AM,5.01,7.35,259.7,0.145,99.997,1069.350,0.140
25185,04/22/26 09:20:53 AM,4.01,6.35,258.3,0.035,99.997,1069.350,0.030
25186,04/22/26 09:30:53 AM,3.67,5.34,263.9,0.046,99.997,1069.350,0.041
25187,04/22/26 09:40:53 AM,4.01,6.68,268.1,0.183,99.997,1069.350,0.178
25188,04/22/26 09:50:53 AM,4.34,7.68,268.1,0.569,99.997,1069.350,0.565
25189,04/22/26 10:00:53 AM,4.68,7.68,266.7,1.038,99.997,1069.350,1.034
25190,04/22/26 10:10:53 AM,5.01,7.35,263.9,1.054,99.956,1069.350,1.045
25191,04/22/26 10:20:53 AM,5.01,7.35,263.9,1.118,99.986,1069.350,1.113
25192,04/22/26 10:30:53 AM,4.68,7.35,263.9,1.614,99.915,1069.350,1.600
25193,04/22/26 10:40:53 AM,4.68,7.01,265.3,1.788,99.968,1069.350,1.781
25194,04/22/26 10:50:53 AM,6.01,9.35,269.6,1.850,99.763,1069.350,1.815
25195,04/22/26 11:00:53 AM,6.01,8.68,266.7,2.164,99.548,1069.350,2.099
25196,04/22/26 11:10:53 AM,6.35,9.68,268.1,2.089,99.295,1069.350,1.988
25197,04/22/26 11:20:53 AM,5.68,8.02,273.8,2.089,99.278,1069.350,1.986
25198,04/22/26 11:30:53 AM,5.01,7.35,271.0,1.912,99.542,1069.350,1.846
25199,04/22/26 11:40:53 AM,5.01,8.02,273.8,1.893,99.382,1069.350,1.804
25200,04/22/26 11:50:53 AM,5.01,7.35,275.2,1.700,99.431,1069.350,1.618
25201,04/22/26 12:00:53 PM,6.01,8.68,266.7,2.472,98.912,1069.350,2.317
25202,04/22/26 12:10:53 PM,5.68,8.02,268.1,2.976,98.747,1069.350,2.798
25203,04/22/26 12:20:53 PM,6.35,9.68,269.6,3.279,97.574,1069.350,2.932
25204,04/22/26 12:30:53 PM,6.01,9.35,272.4,2.963,97.740,1069.350,2.641
25205,04/22/26 12:40:53 PM,5.68,9.02,272.4,3.081,98.354,1069.350,2.847
25206,04/22/26 12:50:53 PM,6.01,8.68,268.1,3.137,98.013,1069.350,2.854
25207,04/22/26 01:00:53 PM,6.01,9.35,263.9,3.357,97.560,1069.350,3.008
25208,04/22/26 01:10:53 PM,6.68,12.02,265.3,3.998,96.553,1069.350,3.501
25209,04/22/26 01:20:53 PM,8.35,12.02,263.9,3.604,96.388,1069.350,3.084
25210,04/22/26 01:30:53 PM,9.68,13.02,271.0,3.558,95.238,1069.350,2.869
25211,04/22/26 01:40:53 PM,8.35,11.69,272.4,3.577,96.022,1069.350,3.003
25212,04/22/26 01:50:53 PM,7.68,11.69,272.4,3.657,95.836,1069.350,3.056
25213,04/22/26 02:00:53 PM,7.01,10.35,271.0,3.400,96.281,1069.350,2.865
25214,04/22/26 02:10:53 PM,7.01,10.69,272.4,3.054,97.011,1069.350,2.626
25215,04/22/26 02:20:53 PM,6.68,10.02,268.1,3.526,97.015,1069.350,3.098
25216,04/22/26 02:30:53 PM,6.68,9.68,272.4,3.392,96.687,1069.350,2.916
25217,04/22/26 02:40:53 PM,7.01,10.69,272.4,3.923,96.281,1069.350,3.387
25218,04/22/26 02:50:53 PM,7.35,12.02,269.6,4.298,95.073,1069.350,3.581
25219,04/22/26 03:00:53 PM,7.35,11.35,271.0,3.837,94.270,1069.350,3.002
25220,04/22/26 03:10:53 PM,7.01,10.69,272.4,3.612,94.069,1069.350,2.749
25221,04/22/26 03:20:53 PM,7.35,10.69,271.0,3.799,93.516,1069.350,2.851
25222,04/22/26 03:30:53 PM,7.01,10.02,273.8,3.689,93.793,1069.350,2.784
25223,04/22/26 03:40:53 PM,6.68,10.02,276.6,3.976,93.489,1069.350,3.023
25224,04/22/26 03:50:53 PM,7.01,11.69,276.6,4.223,91.713,1069.350,2.998
25225,04/22/26 04:00:53 PM,7.35,12.02,273.8,4.118,90.571,1069.350,2.717
25226,04/22/26 04:10:53 PM,7.35,11.69,273.8,4.156,90.282,1069.350,2.710
25227,04/22/26 04:20:53 PM,8.35,13.02,266.7,4.006,90.062,1069.350,2.527
25228,04/22/26 04:30:53 PM,7.35,12.36,268.1,3.671,92.760,1069.350,2.610
25229,04/22/26 04:40:53 PM,7.01,10.35,261.1,3.853,92.757,1069.350,2.790
25230,04/22/26 04:50:53 PM,5.68,9.35,269.6,4.303,92.192,1069.350,3.151
25231,04/22/26 05:00:53 PM,6.68,9.02,278.0,4.443,89.120,1069.350,2.811
25232,04/22/26 05:10:53 PM,6.35,10.02,282.2,4.488,89.563,1069.350,2.925
25233,04/22/26 05:20:53 PM,7.35,10.69,280.8,4.612,88.214,1069.350,2.834
25234,04/22/26 05:30:53 PM,7.35,10.69,285.0,4.384,88.051,1069.350,2.583
25235,04/22/26 05:40:53 PM,7.35,10.35,279.4,4.558,86.313,1069.350,2.474
25236,04/22/26 05:50:53 PM,6.35,9.35,280.8,4.539,85.943,1069.350,2.395
25237,04/22/26 06:00:53 PM,6.01,8.68,276.6,4.435,85.069,1069.350,2.149
25238,04/22/26 06:10:53 PM,5.34,8.68,278.0,4.475,84.878,1069.350,2.157
25239,04/22/26 06:20:53 PM,5.68,8.35,282.2,4.271,84.343,1069.350,1.868
25240,04/22/26 06:30:53 PM,5.34,8.35,279.4,4.062,84.434,1069.350,1.678
25241,04/22/26 06:40:53 PM,5.34,8.68,278.0,4.105,84.089,1069.350,1.663
25242,04/22/26 06:50:53 PM,6.01,9.35,279.4,4.373,82.618,1069.350,1.680
25243,04/22/26 07:00:53 PM,6.68,10.69,278.0,4.394,81.917,1069.350,1.581
25244,04/22/26 07:10:53 PM,6.35,10.35,283.6,4.325,81.634,1069.350,1.466
25245,04/22/26 07:20:53 PM,6.35,11.02,282.2,4.266,81.286,1069.350,1.348
25246,04/22/26 07:30:53 PM,5.68,9.35,278.0,4.223,81.382,1069.350,1.323
25247,04/22/26 07:40:53 PM,5.68,8.68,276.6,4.148,81.372,1069.350,1.248
25248,04/22/26 07:50:53 PM,5.01,7.68,272.4,4.003,82.393,1069.350,1.279
25249,04/22/26 08:00:53 PM,5.34,7.35,276.6,3.933,83.398,1069.350,1.379
25250,04/22/26 08:10:53 PM,4.68,7.01,287.8,3.665,85.499,1069.350,1.463
25251,04/22/26 08:20:53 PM,4.34,8.35,276.6,3.579,86.047,1069.350,1.467
25252,04/22/26 08:30:53 PM,6.35,10.69,282.2,3.421,86.070,1069.350,1.316
25253,04/22/26 08:40:53 PM,5.68,8.35,283.6,3.137,87.616,1069.350,1.283
25254,04/22/26 08:50:53 PM,5.34,8.02,283.6,2.861,89.305,1069.350,1.277
25255,04/22/26 09:00:53 PM,5.01,7.68,279.4,2.705,90.660,1069.350,1.332
25256,04/22/26 09:10:53 PM,5.01,8.02,279.4,2.435,93.246,1069.350,1.456
25257,04/22/26 09:20:53 PM,4.34,6.35,276.6,2.314,94.786,1069.350,1.564
25258,04/22/26 09:30:53 PM,4.68,7.35,279.4,2.252,94.746,1069.350,1.496
25259,04/22/26 09:40:53 PM,4.68,7.35,276.6,2.228,94.247,1069.350,1.399
25260,04/22/26 09:50:53 PM,4.01,5.68,272.4,2.244,93.883,1069.350,1.361
25261,04/22/26 10:00:53 PM,4.68,6.35,273.8,2.351,92.404,1069.350,1.246
25262,04/22/26 10:10:53 PM,5.34,8.02,272.4,2.392,91.789,1069.350,1.194
25263,04/22/26 10:20:53 PM,5.01,11.69,272.4,2.424,91.550,1069.350,1.189
25264,04/22/26 10:30:53 PM,5.68,9.02,273.8,2.443,90.669,1069.350,1.074
25265,04/22/26 10:40:53 PM,5.34,8.02,276.6,2.290,91.048,1069.350,0.980
25266,04/22/26 10:50:53 PM,4.68,6.35,279.4,2.094,91.708,1069.350,0.886
25267,04/22/26 11:00:53 PM,4.01,6.01,285.0,2.073,91.994,1069.350,0.908
25268,04/22/26 11:10:53 PM,4.01,6.01,279.4,2.008,92.923,1069.350,0.983
25269,04/22/26 11:20:53 PM,4.01,5.68,266.7,1.858,94.037,1069.350,1.000
25270,04/22/26 11:30:53 PM,4.01,6.01,262.5,1.636,95.680,1069.350,1.019
25271,04/22/26 11:40:53 PM,4.01,6.01,269.6,1.515,96.545,1069.350,1.023
25272,04/22/26 11:50:53 PM,4.68,7.01,268.1,1.467,96.689,1069.350,0.996
25273,04/23/26 12:00:53 AM,4.68,7.68,271.0,1.360,97.166,1069.350,0.958
25274,04/23/26 12:10:53 AM,5.01,7.35,271.0,1.242,97.546,1069.350,0.894
25275,04/23/26 12:20:53 AM,5.34,8.02,269.6,1.247,97.270,1069.350,0.860
25276,04/23/26 12:30:53 AM,5.68,7.68,272.4,1.263,97.350,1069.350,0.887
25277,04/23/26 12:40:53 AM,5.68,8.35,271.0,1.306,97.055,1069.350,0.888
25278,04/23/26 12:50:53 AM,5.01,8.35,272.4,1.298,97.145,1069.350,0.893
25279,04/23/26 01:00:53 AM,5.01,7.68,271.0,1.217,97.563,1069.350,0.871
25280,04/23/26 01:10:53 AM,5.68,8.35,271.0,1.188,97.449,1069.350,0.826
25281,04/23/26 01:20:53 AM,5.34,8.35,271.0,1.199,97.220,1069.350,0.805
25282,04/23/26 01:30:53 AM,5.34,8.68,271.0,1.231,97.092,1069.350,0.818
25283,04/23/26 01:40:53 AM,6.35,9.02,271.0,1.327,96.924,1069.350,0.890
25284,04/23/26 01:50:53 AM,6.68,9.68,271.0,1.349,97.014,1069.350,0.925
25285,04/23/26 02:00:53 AM,6.68,10.02,269.6,1.327,97.369,1069.350,0.954
25286,04/23/26 02:10:53 AM,5.68,9.02,273.8,1.311,97.627,1069.350,0.974
25287,04/23/26 02:20:53 AM,6.01,9.02,273.8,1.370,97.177,1069.350,0.969
25288,04/23/26 02:30:53 AM,6.68,10.02,272.4,1.338,97.212,1069.350,0.942
25289,04/23/26 02:40:53 AM,6.35,9.35,275.2,1.327,97.020,1069.350,0.904
25290,04/23/26 02:50:53 AM,6.35,9.68,276.6,1.421,96.770,1069.350,0.962
25291,04/23/26 03:00:53 AM,6.35,10.35,276.6,1.461,96.884,1069.350,1.018
25292,04/23/26 03:10:53 AM,6.35,9.68,276.6,1.510,97.021,1069.350,1.087
25293,04/23/26 03:20:53 AM,6.35,10.69,282.2,1.528,97.015,1069.350,1.104
25294,04/23/26 03:30:53 AM,6.68,9.68,282.2,1.587,96.837,1069.350,1.137
25295,04/23/26 03:40:53 AM,6.01,9.35,279.4,1.531,96.710,1069.350,1.063
25296,04/23/26 03:50:53 AM,5.34,8.68,279.4,1.520,96.655,1069.350,1.044
25297,04/23/26 04:00:53 AM,5.34,9.02,280.8,1.480,96.568,1069.350,0.992
25298,04/23/26 04:10:53 AM,5.68,9.35,280.8,1.483,96.292,1069.350,0.955
25299,04/23/26 04:20:53 AM,5.34,8.02,278.0,1.477,95.586,1069.350,0.847
25300,04/23/26 04:30:53 AM,5.34,7.68,273.8,1.435,95.319,1069.350,0.766
25301,04/23/26 04:40:53 AM,5.01,6.68,276.6,1.349,95.033,1069.350,0.639
25302,04/23/26 04:50:53 AM,4.68,7.35,269.6,1.330,94.736,1069.350,0.577
25303,04/23/26 05:00:53 AM,4.01,6.68,278.0,1.242,95.247,1069.350,0.564
25304,04/23/26 05:10:53 AM,3.67,6.35,271.0,1.236,95.152,1069.350,0.544
25305,04/23/26 05:20:53 AM,2.67,4.68,256.9,1.049,95.921,1069.350,0.469
25306,04/23/26 05:30:53 AM,0.67,2.34,263.9,0.716,96.324,1069.350,0.195
25307,04/23/26 05:40:53 AM,1.34,3.34,268.1,0.585,97.151,1069.350,0.182
25308,04/23/26 05:50:53 AM,2.67,4.34,271.0,0.732,97.267,1069.350,0.345
25309,04/23/26 06:00:53 AM,3.34,6.01,272.4,1.049,96.794,1069.350,0.594
25310,04/23/26 06:10:53 AM,3.67,5.68,266.7,1.209,95.537,1069.350,0.573
25311,04/23/26 06:20:53 AM,3.34,5.34,258.3,1.059,95.026,1069.350,0.349
25312,04/23/26 06:30:53 AM,2.34,4.01,248.5,0.671,95.598,1069.350,0.046
25313,04/23/26 06:40:53 AM,2.34,4.34,238.7,0.550,95.741,1069.350,-0.054
25314,04/23/26 06:50:53 AM,2.00,4.68,240.1,0.512,95.885,1069.350,-0.072
25315,04/23/26 07:00:53 AM,2.34,4.34,244.3,0.595,95.903,1069.350,0.014
25316,04/23/26 07:10:53 AM,2.67,5.34,248.5,0.772,95.470,1069.350,0.128
25317,04/23/26 07:20:53 AM,3.34,6.01,261.1,1.263,93.642,1069.350,0.350
25318,04/23/26 07:30:53 AM,3.67,6.35,261.1,1.563,92.903,1069.350,0.538
25319,04/23/26 07:40:53 AM,3.67,6.35,263.9,1.896,91.815,1069.350,0.706
25320,04/23/26 07:50:53 AM,4.01,6.35,263.9,2.191,90.671,1069.350,0.824
25321,04/23/26 08:00:53 AM,4.34,7.01,265.3,2.445,89.398,1069.350,0.880
25322,04/23/26 08:10:53 AM,4.34,6.35,263.9,2.724,88.624,1069.350,1.035
25323,04/23/26 08:20:53 AM,4.68,7.68,261.1,3.086,87.263,1069.350,1.177
25324,04/23/26 08:30:53 AM,6.01,8.35,268.1,3.129,86.517,1069.350,1.100
25325,04/23/26 08:40:53 AM,6.01,9.02,276.6,3.408,85.153,1069.350,1.154
25326,04/23/26 08:50:53 AM,5.68,9.02,279.4,3.665,83.807,1069.350,1.185
25327,04/23/26 09:00:53 AM,5.01,8.68,272.4,4.062,82.905,1069.350,1.423
25328,04/23/26 09:10:53 AM,5.01,7.68,279.4,3.740,82.634,1069.350,1.062
25329,04/23/26 09:20:53 AM,4.34,6.35,279.4,3.759,82.890,1069.350,1.124
25330,04/23/26 09:30:53 AM,4.01,5.68,271.0,4.453,80.948,1069.350,1.473
25331,04/23/26 09:40:53 AM,4.34,7.01,287.8,5.424,78.218,1069.350,1.941
25332,04/23/26 09:50:53 AM,4.68,7.35,273.8,4.081,81.286,1069.350,1.168
25333,04/23/26 10:00:53 AM,5.34,7.68,276.6,4.102,80.890,1069.350,1.120
25334,04/23/26 10:10:53 AM,5.68,8.35,276.6,4.590,79.084,1069.350,1.282
25335,04/23/26 10:20:53 AM,5.68,9.35,276.6,5.451,77.214,1069.350,1.787
25336,04/23/26 10:30:53 AM,6.35,10.02,278.0,5.590,76.083,1069.350,1.715
25337,04/23/26 10:40:53 AM,6.68,9.68,272.4,5.904,75.068,1069.350,1.832
25338,04/23/26 10:50:53 AM,7.01,10.35,287.8,6.282,72.537,1069.350,1.718
25339,04/23/26 11:00:53 AM,7.01,10.69,285.0,6.217,71.604,1069.350,1.475
25340,04/23/26 11:10:53 AM,6.35,10.69,282.2,6.593,70.802,1069.350,1.680
25341,04/23/26 11:20:53 AM,7.01,10.35,278.0,6.786,70.460,1069.350,1.798
25342,04/23/26 11:30:53 AM,5.34,8.02,279.4,6.451,74.113,1069.350,2.182
25343,04/23/26 11:40:53 AM,5.34,9.35,268.1,6.510,73.997,1069.350,2.217
25344,04/23/26 11:50:53 AM,5.68,8.68,272.4,5.472,76.278,1069.350,1.637
25345,04/23/26 12:00:53 PM,5.68,9.35,289.2,5.625,73.814,1069.350,1.327
25346,04/23/26 12:10:53 PM,6.35,9.68,276.6,6.252,70.944,1069.350,1.380
25347,04/23/26 12:20:53 PM,6.68,10.02,282.2,6.049,70.538,1069.350,1.105
25348,04/23/26 12:30:53 PM,6.01,9.02,271.0,5.888,71.693,1069.350,1.175
25349,04/23/26 12:40:53 PM,5.68,9.02,282.2,6.242,71.269,1069.350,1.434
25350,04/23/26 12:50:53 PM,6.01,10.02,282.2,6.301,72.120,1069.350,1.656
25351,04/23/26 01:00:53 PM,6.35,10.35,283.6,6.756,71.131,1069.350,1.901
25352,04/23/26 01:10:53 PM,7.01,11.02,265.3,7.027,70.799,1069.350,2.097
25353,04/23/26 01:20:53 PM,7.01,10.69,265.3,7.593,69.989,1069.350,2.479
25354,04/23/26 01:30:53 PM,7.35,11.35,265.3,7.665,69.325,1069.350,2.414
25355,04/23/26 01:40:53 PM,8.02,11.02,266.7,7.215,69.325,1069.350,1.983
25356,04/23/26 01:50:53 PM,8.68,12.36,268.1,7.373,68.487,1069.350,1.964
25357,04/23/26 02:00:53 PM,8.35,12.36,271.0,7.579,67.428,1069.350,1.943
25358,04/23/26 02:10:53 PM,8.35,12.36,271.0,7.424,66.043,1069.350,1.505
25359,04/23/26 02:20:53 PM,8.02,11.35,268.1,7.762,66.062,1069.350,1.831
25360,04/23/26 02:30:53 PM,7.01,10.35,265.3,7.030,67.666,1069.350,1.467
25361,04/23/26 02:40:53 PM,7.68,11.35,265.3,7.453,66.029,1069.350,1.530
25362,04/23/26 02:50:53 PM,7.35,11.35,265.3,7.604,66.418,1069.350,1.756
25363,04/23/26 03:00:53 PM,7.68,11.35,275.2,7.692,64.010,1069.350,1.325
25364,04/23/26 03:10:53 PM,7.68,11.69,263.9,7.730,64.727,1069.350,1.516
25365,04/23/26 03:20:53 PM,7.68,11.35,269.6,7.931,64.131,1069.350,1.578
25366,04/23/26 03:30:53 PM,8.35,11.69,266.7,7.861,64.283,1069.350,1.545
25367,04/23/26 03:40:53 PM,8.02,12.36,265.3,7.939,64.103,1069.350,1.580
25368,04/23/26 03:50:53 PM,7.68,11.35,279.4,7.976,62.754,1069.350,1.318
25369,04/23/26 04:00:53 PM,8.35,12.36,273.8,7.898,62.789,1069.350,1.252
25370,04/23/26 04:10:53 PM,7.68,12.36,286.4,7.888,62.361,1069.350,1.148
25371,04/23/26 04:20:53 PM,8.02,12.69,278.0,8.226,62.675,1069.350,1.538
25372,04/23/26 04:30:53 PM,7.68,11.69,283.6,8.523,62.557,1069.350,1.793
25373,04/23/26 04:40:53 PM,8.35,11.69,282.2,8.140,62.126,1069.350,1.334
25374,04/23/26 04:50:53 PM,8.02,13.36,279.4,8.110,61.364,1069.350,1.134
25375,04/23/26 05:00:53 PM,8.68,12.02,272.4,7.933,60.883,1069.350,0.857
25376,04/23/26 05:10:53 PM,9.02,14.03,272.4,7.957,60.873,1069.350,0.878
25377,04/23/26 05:20:53 PM,9.02,12.69,278.0,8.030,60.986,1069.350,0.972
25378,04/23/26 05:30:53 PM,9.02,12.69,282.2,8.134,60.441,1069.350,0.946
25379,04/23/26 05:40:53 PM,8.68,12.69,280.8,8.263,59.823,1069.350,0.925
25380,04/23/26 05:50:53 PM,8.35,11.35,278.0,8.132,60.357,1069.350,0.925
25381,04/23/26 06:00:53 PM,8.68,12.02,293.4,7.834,61.111,1069.350,0.816
25382,04/23/26 06:10:53 PM,7.68,11.02,297.6,8.019,61.440,1069.350,1.065
25383,04/23/26 06:20:53 PM,8.02,13.02,286.4,8.086,59.683,1069.350,0.726
25384,04/23/26 06:30:53 PM,8.35,12.36,286.4,8.105,58.117,1069.350,0.376
25385,04/23/26 06:40:53 PM,8.02,12.02,283.6,7.968,57.809,1069.350,0.174
25386,04/23/26 06:50:53 PM,7.35,11.02,297.6,8.008,58.126,1069.350,0.287
25387,04/23/26 07:00:53 PM,7.35,11.69,296.2,7.802,58.378,1069.350,0.153
25388,04/23/26 07:10:53 PM,6.68,10.02,301.8,7.713,59.753,1069.350,0.391
25389,04/23/26 07:20:53 PM,8.02,11.35,304.7,7.376,60.211,1069.350,0.178
25390,04/23/26 07:30:53 PM,7.01,10.69,306.1,7.274,59.684,1069.350,-0.039
25391,04/23/26 07:40:53 PM,7.01,10.35,300.4,6.807,59.887,1069.350,-0.433
25392,04/23/26 07:50:53 PM,5.68,8.68,292.0,6.882,59.921,1069.350,-0.354
25393,04/23/26 08:00:53 PM,5.68,8.35,285.0,6.705,60.017,1069.350,-0.499
25394,04/23/26 08:10:53 PM,5.01,7.68,282.2,6.250,62.043,1069.350,-0.474
25395,04/23/26 08:20:53 PM,4.68,8.02,289.2,5.713,63.015,1069.350,-0.771
25396,04/23/26 08:30:53 PM,5.34,7.35,287.8,5.628,62.693,1069.350,-0.921
25397,04/23/26 08:40:53 PM,4.68,7.35,282.2,5.378,63.902,1069.350,-0.898
25398,04/23/26 08:50:53 PM,4.68,7.01,279.4,5.242,64.552,1069.350,-0.889
25399,04/23/26 09:00:53 PM,4.34,6.35,279.4,4.872,65.875,1069.350,-0.964
25400,04/23/26 09:10:53 PM,4.01,6.01,275.2,4.778,65.998,1069.350,-1.029
25401,04/23/26 09:20:53 PM,3.34,4.68,266.7,4.172,68.792,1069.350,-1.042
25402,04/23/26 09:30:53 PM,2.67,3.67,256.9,2.992,73.858,1069.350,-1.210
25403,04/23/26 09:40:53 PM,2.34,3.34,268.1,2.231,77.348,1069.350,-1.319
25404,04/23/26 09:50:53 PM,2.67,4.34,271.0,1.963,78.210,1069.350,-1.429
25405,04/23/26 10:00:53 PM,2.34,3.67,279.4,2.386,76.184,1069.350,-1.375
25406,04/23/26 10:10:53 PM,2.00,2.67,278.0,2.614,74.487,1069.350,-1.460
25407,04/23/26 10:20:53 PM,2.67,4.01,287.8,2.939,72.538,1069.350,-1.507
25408,04/23/26 10:30:53 PM,3.01,4.34,283.6,3.311,70.561,1069.350,-1.524
25409,04/23/26 10:40:53 PM,1.34,3.67,268.1,2.384,73.474,1069.350,-1.869
25410,04/23/26 10:50:53 PM,0.00,1.34,290.6,1.662,75.895,1069.350,-2.129
25411,04/23/26 11:00:53 PM,1.00,3.01,110.9,0.027,82.945,1069.350,-2.525
25412,04/23/26 11:10:53 PM,0.33,1.34,117.9,-0.021,84.128,1069.350,-2.381
25413,04/23/26 11:20:53 PM,0.33,1.00,220.4,0.536,80.946,1069.350,-2.355
25414,04/23/26 11:30:53 PM,0.33,1.67,268.1,0.469,80.668,1069.350,-2.467
25415,04/23/26 11:40:53 PM,0.33,1.67,210.6,0.569,80.066,1069.350,-2.470
25416,04/23/26 11:50:53 PM,0.33,1.00,231.6,0.502,79.699,1069.350,-2.598
25417,04/24/26 12:00:53 AM,0.00,0.33,255.5,0.641,78.973,1069.350,-2.585
25418,04/24/26 12:10:53 AM,0.00,1.34,255.5,0.711,78.444,1069.350,-2.608
25419,04/24/26 12:20:53 AM,0.00,0.00,254.1,0.059,80.500,1069.350,-2.896
25420,04/24/26 12:30:53 AM,0.00,1.00,237.3,-0.354,82.081,1069.350,-3.039
25421,04/24/26 12:40:53 AM,1.67,3.34,269.6,-0.699,83.755,1069.350,-3.106
25422,04/24/26 12:50:53 AM,2.67,4.01,263.9,0.225,81.370,1069.350,-2.589
25423,04/24/26 01:00:53 AM,3.01,4.34,255.5,0.574,79.490,1069.350,-2.563
25424,04/24/26 01:10:53 AM,3.01,4.01,271.0,0.845,78.126,1069.350,-2.532
25425,04/24/26 01:20:53 AM,3.67,5.01,272.4,1.483,75.438,1069.350,-2.384
25426,04/24/26 01:30:53 AM,3.67,5.01,273.8,1.896,73.576,1069.350,-2.321
25427,04/24/26 01:40:53 AM,3.34,5.01,279.4,1.730,74.151,1069.350,-2.377
25428,04/24/26 01:50:53 AM,3.67,4.68,276.6,1.890,73.942,1069.350,-2.260
25429,04/24/26 02:00:53 AM,3.67,5.68,276.6,1.952,74.127,1069.350,-2.167
25430,04/24/26 02:10:53 AM,3.67,5.68,287.8,2.105,73.980,1069.350,-2.045
25431,04/24/26 02:20:53 AM,3.34,5.34,278.0,2.006,74.368,1069.350,-2.070
25432,04/24/26 02:30:53 AM,3.34,4.68,276.6,1.595,75.633,1069.350,-2.241
25433,04/24/26 02:40:53 AM,2.67,3.67,273.8,1.295,76.779,1069.350,-2.329
25434,04/24/26 02:50:53 AM,3.01,4.01,271.0,0.912,78.564,1069.350,-2.391
25435,04/24/26 03:00:53 AM,3.01,4.34,266.7,0.770,79.084,1069.350,-2.441
25436,04/24/26 03:10:53 AM,3.01,4.34,271.0,0.668,79.443,1069.350,-2.479
25437,04/24/26 03:20:53 AM,3.01,4.01,269.6,0.767,79.007,1069.350,-2.457
25438,04/24/26 03:30:53 AM,2.67,4.01,273.8,0.727,78.961,1069.350,-2.504
25439,04/24/26 03:40:53 AM,3.01,4.68,275.2,0.874,78.473,1069.350,-2.444
25440,04/24/26 03:50:53 AM,3.01,4.01,271.0,0.676,79.481,1069.350,-2.465
25441,04/24/26 04:00:53 AM,3.01,4.34,265.3,0.810,79.532,1069.350,-2.325
25442,04/24/26 04:10:53 AM,2.67,3.67,266.7,0.526,81.035,1069.350,-2.350
25443,04/24/26 04:20:53 AM,3.34,4.68,266.7,0.376,81.927,1069.350,-2.349
25444,04/24/26 04:30:53 AM,3.34,4.68,263.9,0.325,82.318,1069.350,-2.335
25445,04/24/26 04:40:53 AM,3.01,4.68,263.9,0.239,83.114,1069.350,-2.289
25446,04/24/26 04:50:53 AM,3.34,4.68,263.9,0.301,83.525,1069.350,-2.162
25447,04/24/26 05:00:53 AM,3.67,5.01,261.1,0.258,83.902,1069.350,-2.143
25448,04/24/26 05:10:53 AM,3.67,5.68,259.7,0.242,84.248,1069.350,-2.103
25449,04/24/26 05:20:53 AM,3.34,5.01,275.2,0.266,84.375,1069.350,-2.059
25450,04/24/26 05:30:53 AM,3.34,5.01,290.6,0.467,83.851,1069.350,-1.946
25451,04/24/26 05:40:53 AM,4.34,6.01,292.0,0.601,83.485,1069.350,-1.874
25452,04/24/26 05:50:53 AM,3.67,6.01,285.0,0.587,83.282,1069.350,-1.921
25453,04/24/26 06:00:53 AM,4.01,5.68,287.8,0.416,83.761,1069.350,-2.011
25454,04/24/26 06:10:53 AM,2.67,4.68,283.6,0.191,83.894,1069.350,-2.210
25455,04/24/26 06:20:53 AM,3.01,5.01,303.2,-0.040,81.082,1069.350,-2.896
25456,04/24/26 06:30:53 AM,3.34,4.68,307.5,0.062,76.794,1069.350,-3.524
25457,04/24/26 06:40:53 AM,3.01,4.34,307.5,0.019,73.622,1069.350,-4.128
25458,04/24/26 06:50:53 AM,3.67,5.68,310.3,0.081,71.258,1069.350,-4.501
25459,04/24/26 07:00:53 AM,3.34,4.68,303.2,0.108,70.820,1069.350,-4.557
25460,04/24/26 07:10:53 AM,2.00,3.67,296.2,0.274,70.703,1069.350,-4.419
25461,04/24/26 07:20:53 AM,1.67,2.34,287.8,0.877,69.009,1069.350,-4.161
25462,04/24/26 07:30:53 AM,2.00,3.01,276.6,1.603,66.098,1069.350,-4.039
25463,04/24/26 07:40:53 AM,2.67,4.01,266.7,2.239,65.138,1069.350,-3.627
25464,04/24/26 07:50:53 AM,2.34,4.01,262.5,2.413,65.759,1069.350,-3.334
25465,04/24/26 08:00:53 AM,2.00,3.01,245.7,2.349,73.680,1069.350,-1.864
25466,04/24/26 08:10:53 AM,2.00,4.01,241.5,2.311,75.172,1069.350,-1.629
25467,04/24/26 08:20:53 AM,2.00,4.34,249.9,2.751,73.466,1069.350,-1.515
25468,04/24/26 08:30:53 AM,3.67,6.01,266.7,3.075,67.723,1069.350,-2.306
25469,04/24/26 08:40:53 AM,5.01,8.68,268.1,3.161,60.713,1069.350,-3.690
25470,04/24/26 08:50:53 AM,5.68,8.68,269.6,3.156,59.734,1069.350,-3.912
25471,04/24/26 09:00:53 AM,6.01,9.02,269.6,3.078,60.432,1069.350,-3.831
25472,04/24/26 09:10:53 AM,5.68,9.35,271.0,3.322,59.361,1069.350,-3.839
25473,04/24/26 09:20:53 AM,6.01,9.35,271.0,3.314,57.464,1069.350,-4.278
25474,04/24/26 09:30:53 AM,6.01,9.02,273.8,2.925,56.252,1069.350,-4.925
25475,04/24/26 09:40:53 AM,6.68,9.68,273.8,3.614,53.074,1069.350,-5.049
25476,04/24/26 09:50:53 AM,6.68,10.69,268.1,3.813,50.579,1069.350,-5.498
25477,04/24/26 10:00:53 AM,6.01,10.02,271.0,4.099,50.394,1069.350,-5.281
25478,04/24/26 10:10:53 AM,6.68,11.02,263.9,4.263,49.372,1069.350,-5.399
25479,04/24/26 10:20:53 AM,8.02,11.02,271.0,4.185,43.180,1069.350,-7.218
25480,04/24/26 10:30:53 AM,8.68,12.36,280.8,4.019,39.579,1069.350,-8.489
25481,04/24/26 10:40:53 AM,8.02,11.35,283.6,4.362,39.202,1069.350,-8.303
25482,04/24/26 10:50:53 AM,8.02,12.69,276.6,4.271,39.664,1069.350,-8.235
25483,04/24/26 11:00:53 AM,7.68,11.35,303.2,4.553,36.407,1069.350,-9.077
25484,04/24/26 11:10:53 AM,7.68,10.35,292.0,4.523,35.705,1069.350,-9.351
25485,04/24/26 11:20:53 AM,6.35,10.35,287.8,4.780,36.747,1069.350,-8.756
25486,04/24/26 11:30:53 AM,7.35,11.02,278.0,5.030,36.497,1069.350,-8.620
25487,04/24/26 11:40:53 AM,6.01,10.69,280.8,5.167,36.820,1069.350,-8.385
25488,04/24/26 11:50:53 AM,5.34,10.02,296.2,5.574,37.586,1069.350,-7.757
25489,04/24/26 12:00:53 PM,5.68,10.02,303.2,5.295,38.329,1069.350,-7.754
25490,04/24/26 12:10:53 PM,6.68,12.36,290.6,5.392,38.216,1069.350,-7.705
25491,04/24/26 12:20:53 PM,6.01,11.69,301.8,5.156,39.007,1069.350,-7.653
25492,04/24/26 12:30:53 PM,5.68,9.68,280.8,4.512,38.076,1069.350,-8.542
25493,04/24/26 12:40:53 PM,6.01,9.35,310.3,4.834,40.552,1069.350,-7.442
25494,04/24/26 12:50:53 PM,6.68,11.02,304.7,4.451,39.184,1069.350,-8.229
25495,04/24/26 01:00:53 PM,7.68,11.69,311.7,3.837,46.682,1069.350,-6.524
25496,04/24/26 01:10:53 PM,5.68,9.02,327.1,4.834,45.618,1069.350,-5.912
25497,04/24/26 01:20:53 PM,6.01,11.69,306.1,5.480,41.607,1069.350,-6.525
25498,04/24/26 01:30:53 PM,6.35,9.68,297.6,5.435,37.923,1069.350,-7.766
25499,04/24/26 01:40:53 PM,6.35,9.68,301.8,4.534,40.285,1069.350,-7.798
25500,04/24/26 01:50:53 PM,6.68,9.68,293.4,4.172,42.016,1069.350,-7.583
25501,04/24/26 02:00:53 PM,5.68,8.35,286.4,4.598,43.450,1069.350,-6.762
25502,04/24/26 02:10:53 PM,5.68,9.68,286.4,5.649,38.155,1069.350,-7.496
25503,04/24/26 02:20:53 PM,6.35,10.35,283.6,5.217,38.575,1069.350,-7.742
25504,04/24/26 02:30:53 PM,5.68,10.69,310.3,5.223,40.311,1069.350,-7.168
25505,04/24/26 02:40:53 PM,7.01,11.35,308.9,5.362,35.322,1069.350,-8.742
25506,04/24/26 02:50:53 PM,5.68,10.02,286.4,6.228,35.956,1069.350,-7.744
25507,04/24/26 03:00:53 PM,6.01,10.69,292.0,6.153,35.610,1069.350,-7.935
25508,04/24/26 03:10:53 PM,5.68,9.68,308.9,6.188,34.701,1069.350,-8.236
25509,04/24/26 03:20:53 PM,6.68,9.68,314.5,5.504,35.386,1069.350,-8.593
25510,04/24/26 03:30:53 PM,5.68,8.35,328.5,5.360,35.657,1069.350,-8.624
25511,04/24/26 03:40:53 PM,4.34,6.68,329.9,4.842,35.436,1069.350,-9.164
25512,04/24/26 03:50:53 PM,5.01,9.02,314.5,5.062,37.552,1069.350,-8.226
25513,04/24/26 04:00:53 PM,4.34,8.02,310.3,4.641,37.459,1069.350,-8.635
25514,04/24/26 04:10:53 PM,4.34,9.02,307.5,4.652,37.845,1069.350,-8.494
25515,04/24/26 04:20:53 PM,5.01,9.68,317.3,4.620,37.406,1069.350,-8.672
25516,04/24/26 04:30:53 PM,4.68,7.01,315.9,4.780,38.581,1069.350,-8.132
25517,04/24/26 04:40:53 PM,4.68,8.35,318.7,4.955,36.934,1069.350,-8.535
25518,04/24/26 04:50:53 PM,5.01,9.02,311.7,6.464,33.327,1069.350,-8.510
25519,04/24/26 05:00:53 PM,4.01,7.68,304.7,6.831,34.531,1069.350,-7.730
25520,04/24/26 05:10:53 PM,6.35,9.68,304.7,6.250,33.736,1069.350,-8.543
25521,04/24/26 05:20:53 PM,4.01,8.02,308.9,6.518,34.446,1069.350,-8.038
25522,04/24/26 05:30:53 PM,4.34,7.01,303.2,6.483,32.580,1069.350,-8.783
25523,04/24/26 05:40:53 PM,5.01,8.35,290.6,6.671,31.884,1069.350,-8.893
25524,04/24/26 05:50:53 PM,5.01,7.35,294.8,6.376,32.042,1069.350,-9.089
25525,04/24/26 06:00:53 PM,3.67,5.68,299.0,6.679,32.940,1069.350,-8.470
25526,04/24/26 06:10:53 PM,3.67,6.01,287.8,6.357,33.783,1069.350,-8.430
25527,04/24/26 06:20:53 PM,3.67,5.68,301.8,6.373,33.016,1069.350,-8.710
25528,04/24/26 06:30:53 PM,3.01,5.68,268.1,6.756,32.502,1069.350,-8.573
25529,04/24/26 06:40:53 PM,5.01,7.35,318.7,6.207,32.619,1069.350,-9.010
25530,04/24/26 06:50:53 PM,4.34,6.35,304.7,6.335,32.581,1069.350,-8.913
25531,04/24/26 07:00:53 PM,4.01,6.35,307.5,6.311,33.033,1069.350,-8.758
25532,04/24/26 07:10:53 PM,4.01,7.01,292.0,6.263,34.247,1069.350,-8.339
25533,04/24/26 07:20:53 PM,4.01,6.35,301.8,6.006,35.053,1069.350,-8.268
25534,04/24/26 07:30:53 PM,4.68,7.35,303.2,5.590,36.112,1069.350,-8.256
25535,04/24/26 07:40:53 PM,3.67,5.68,294.8,5.298,37.433,1069.350,-8.056
25536,04/24/26 07:50:53 PM,3.01,5.34,286.4,5.062,38.482,1069.350,-7.912
25537,04/24/26 08:00:53 PM,3.34,5.68,287.8,4.571,39.165,1069.350,-8.127
25538,04/24/26 08:10:53 PM,3.67,5.68,279.4,3.963,42.762,1069.350,-7.546
25539,04/24/26 08:20:53 PM,3.34,5.68,272.4,3.089,48.132,1069.350,-6.814
25540,04/24/26 08:30:53 PM,2.67,3.67,268.1,1.818,53.405,1069.350,-6.640
25541,04/24/26 08:40:53 PM,2.67,3.67,276.6,0.856,56.959,1069.350,-6.703
25542,04/24/26 08:50:53 PM,3.01,4.34,276.6,0.705,57.571,1069.350,-6.706
25543,04/24/26 09:00:53 PM,3.01,4.68,279.4,0.850,56.641,1069.350,-6.781
25544,04/24/26 09:10:53 PM,2.67,3.67,263.9,0.357,58.723,1069.350,-6.776
25545,04/24/26 09:20:53 PM,2.67,3.67,266.7,-0.134,60.867,1069.350,-6.774
25546,04/24/26 09:30:53 PM,2.34,3.34,272.4,-0.453,62.353,1069.350,-6.763
25547,04/24/26 09:40:53 PM,2.34,3.01,280.8,-0.809,63.757,1069.350,-6.812
25548,04/24/26 09:50:53 PM,2.67,4.01,292.0,-0.657,63.381,1069.350,-6.744
25549,04/24/26 10:00:53 PM,2.67,4.01,301.8,-0.962,64.721,1069.350,-6.763
25550,04/24/26 10:10:53 PM,3.01,4.34,306.1,-1.037,64.820,1069.350,-6.814
25551,04/24/26 10:20:53 PM,2.67,3.67,304.7,-1.418,66.088,1069.350,-6.927
25552,04/24/26 10:30:53 PM,1.00,3.01,275.2,-1.895,67.958,1069.350,-7.021
25553,04/24/26 10:40:53 PM,1.34,2.34,235.9,-3.386,74.185,1069.350,-7.323
25554,04/24/26 10:50:53 PM,1.34,2.00,287.8,-2.729,72.114,1069.350,-7.054
25555,04/24/26 11:00:53 PM,1.00,2.34,272.4,-2.737,71.650,1069.350,-7.146
25556,04/24/26 11:10:53 PM,1.67,3.01,61.8,-3.348,73.816,1069.350,-7.351
25557,04/24/26 11:20:53 PM,1.34,3.01,346.8,-1.951,68.598,1069.350,-6.953
25558,04/24/26 11:30:53 PM,1.34,2.34,355.2,-1.279,64.714,1069.350,-7.066
25559,04/24/26 11:40:53 PM,1.34,2.00,0.0,-1.496,65.113,1069.350,-7.194
25560,04/24/26 11:50:53 PM,0.00,1.00,355.2,-1.665,66.711,1069.350,-7.041
25561,04/25/26 12:00:53 AM,0.33,1.34,1.4,-1.772,69.229,1069.350,-6.663
25562,04/25/26 12:10:53 AM,0.33,1.34,339.7,-2.544,72.378,1069.350,-6.828
25563,04/25/26 12:20:53 AM,0.00,1.00,29.5,-2.732,74.992,1069.350,-6.549
25564,04/25/26 12:30:53 AM,0.00,0.33,29.5,-3.300,76.071,1069.350,-6.914
25565,04/25/26 12:40:53 AM,0.00,0.00,29.5,-3.391,77.910,1069.350,-6.693
25566,04/25/26 12:50:53 AM,0.33,1.34,12.6,-3.190,79.025,1069.350,-6.312
25567,04/25/26 01:00:53 AM,0.33,1.34,308.9,-4.391,83.220,1069.350,-6.813
25568,04/25/26 01:10:53 AM,0.00,0.00,344.0,-3.024,80.566,1069.350,-5.897
25569,04/25/26 01:20:53 AM,0.33,1.67,335.5,-3.962,80.832,1069.350,-6.771
25570,04/25/26 01:30:53 AM,1.00,1.67,297.6,-5.501,86.114,1069.350,-7.462
25571,04/25/26 01:40:53 AM,0.00,0.00,301.8,-4.603,85.679,1069.350,-6.643
25572,04/25/26 01:50:53 AM,0.00,0.00,303.2,-4.193,83.714,1069.350,-6.542
25573,04/25/26 02:00:53 AM,1.34,1.67,300.4,-6.056,86.181,1069.350,-7.998
25574,04/25/26 02:10:53 AM,0.67,1.00,296.2,-5.847,88.290,1069.350,-7.481
25575,04/25/26 02:20:53 AM,0.67,1.34,306.1,-5.439,86.159,1069.350,-7.394
25576,04/25/26 02:30:53 AM,0.67,1.34,303.2,-5.817,87.735,1069.350,-7.532
25577,04/25/26 02:40:53 AM,0.00,0.00,304.7,-4.753,85.771,1069.350,-6.777
25578,04/25/26 02:50:53 AM,0.00,0.00,304.7,-4.742,84.930,1069.350,-6.894
25579,04/25/26 03:00:53 AM,0.33,1.34,304.7,-5.911,87.936,1069.350,-7.596
25580,04/25/26 03:10:53 AM,1.00,1.34,303.2,-6.448,89.889,1069.350,-7.843
25581,04/25/26 03:20:53 AM,0.33,1.00,331.3,-5.225,90.758,1069.350,-6.508
25582,04/25/26 03:30:53 AM,0.33,1.34,321.5,-5.493,88.618,1069.350,-7.083
25583,04/25/26 03:40:53 AM,1.00,1.34,306.1,-6.713,92.323,1069.350,-7.762
25584,04/25/26 03:50:53 AM,0.00,1.00,320.1,-5.742,93.223,1069.350,-6.672
25585,04/25/26 04:00:53 AM,1.00,1.67,307.5,-6.630,92.776,1069.350,-7.617
25586,04/25/26 04:10:53 AM,0.67,1.00,306.1,-6.362,93.945,1069.350,-7.189
25587,04/25/26 04:20:53 AM,1.00,2.00,324.3,-6.308,94.113,1069.350,-7.112
25588,04/25/26 04:30:53 AM,1.00,2.00,342.6,-6.051,94.160,1069.350,-6.850
25589,04/25/26 04:40:53 AM,1.00,1.67,325.7,-5.761,93.725,1069.350,-6.621
25590,04/25/26 04:50:53 AM,0.67,1.34,279.4,-6.737,93.114,1069.350,-7.676
25591,04/25/26 05:00:53 AM,1.00,1.34,285.0,-6.815,95.080,1069.350,-7.484
25592,04/25/26 05:10:53 AM,0.00,0.33,285.0,-6.402,95.198,1069.350,-7.057
25593,04/25/26 05:20:53 AM,0.67,1.34,271.0,-7.016,93.915,1069.350,-7.843
25594,04/25/26 05:30:53 AM,1.00,1.67,289.2,-7.686,96.115,1069.350,-8.213
25595,04/25/26 05:40:53 AM,0.33,0.67,296.2,-6.906,96.321,1069.350,-7.407
25596,04/25/26 05:50:53 AM,0.00,0.33,296.2,-6.587,96.077,1069.350,-7.122
25597,04/25/26 06:00:53 AM,0.33,0.67,296.2,-6.836,94.862,1069.350,-7.535
25598,04/25/26 06:10:53 AM,0.00,0.00,296.2,-7.638,95.900,1069.350,-8.194
25599,04/25/26 06:20:53 AM,0.00,0.67,301.8,-6.994,96.600,1069.350,-7.458
25600,04/25/26 06:30:53 AM,0.00,0.67,306.1,-6.868,95.468,1069.350,-7.484
25601,04/25/26 06:40:53 AM,0.00,0.00,307.5,-7.670,95.229,1069.350,-8.316
25602,04/25/26 06:50:53 AM,0.00,0.67,307.5,-7.624,96.248,1069.350,-8.133
25603,04/25/26 07:00:53 AM,0.33,0.67,307.5,-7.941,92.866,1069.350,-8.906
25604,04/25/26 07:10:53 AM,0.00,0.00,307.5,-6.834,93.043,1069.350,-7.782
25605,04/25/26 07:20:53 AM,0.00,0.00,307.5,-5.236,90.600,1069.350,-6.542
25606,04/25/26 07:30:53 AM,0.00,0.67,279.4,-4.402,89.355,1069.350,-5.897
25607,04/25/26 07:40:53 AM,0.00,0.33,237.3,-3.745,89.871,1069.350,-5.171
25608,04/25/26 07:50:53 AM,0.00,0.67,237.3,-2.638,87.295,1069.350,-4.462
25609,04/25/26 08:00:53 AM,0.33,1.34,172.7,-2.879,88.515,1069.350,-4.516
25610,04/25/26 08:10:53 AM,0.33,1.34,129.2,-2.901,89.212,1069.350,-4.434
25611,04/25/26 08:20:53 AM,0.33,1.00,157.2,-2.536,88.769,1069.350,-4.139
25612,04/25/26 08:30:53 AM,0.67,1.67,147.4,-2.136,87.098,1069.350,-3.997
25613,04/25/26 08:40:53 AM,1.00,1.67,140.4,-1.836,87.124,1069.350,-3.697
25614,04/25/26 08:50:53 AM,0.67,1.67,134.8,-1.407,87.591,1069.350,-3.203
25615,04/25/26 09:00:53 AM,1.67,3.01,133.4,-0.699,86.427,1069.350,-2.684
25616,04/25/26 09:10:53 AM,1.34,2.67,134.8,0.113,85.092,1069.350,-2.095
25617,04/25/26 09:20:53 AM,3.01,5.68,102.5,1.609,77.215,1069.350,-1.947
25618,04/25/26 09:30:53 AM,4.01,6.68,80.0,2.129,69.389,1069.350,-2.886
25619,04/25/26 09:40:53 AM,4.01,6.35,85.6,2.134,67.053,1069.350,-3.340
25620,04/25/26 09:50:53 AM,4.34,6.68,84.2,2.861,64.569,1069.350,-3.152
25621,04/25/26 10:00:53 AM,4.34,6.68,89.9,3.389,63.281,1069.350,-2.920
25622,04/25/26 10:10:53 AM,4.01,6.01,85.6,3.657,61.169,1069.350,-3.121
25623,04/25/26 10:20:53 AM,4.34,6.35,77.2,4.740,57.327,1069.350,-2.971
25624,04/25/26 10:30:53 AM,3.67,5.68,75.8,4.327,56.127,1069.350,-3.641
25625,04/25/26 10:40:53 AM,3.01,5.68,57.6,4.234,54.566,1069.350,-4.104
25626,04/25/26 10:50:53 AM,2.67,5.68,59.0,5.376,52.699,1069.350,-3.504
25627,04/25/26 11:00:53 AM,3.01,6.01,60.4,5.290,53.823,1069.350,-3.302
25628,04/25/26 11:10:53 AM,2.67,5.01,92.7,5.730,52.334,1069.350,-3.268
25629,04/25/26 11:20:53 AM,2.34,4.68,87.0,5.848,52.868,1069.350,-3.022
25630,04/25/26 11:30:53 AM,3.01,5.68,103.9,6.419,50.594,1069.350,-3.082
25631,04/25/26 11:40:53 AM,3.01,8.02,102.5,6.762,50.214,1069.350,-2.866
25632,04/25/26 11:50:53 AM,3.67,7.35,98.3,5.987,49.990,1069.350,-3.642
25633,04/25/26 12:00:53 PM,3.34,5.68,75.8,6.968,47.857,1069.350,-3.321
25634,04/25/26 12:10:53 PM,3.34,8.35,120.7,7.330,46.876,1069.350,-3.266
25635,04/25/26 12:20:53 PM,2.67,5.01,130.6,7.665,45.437,1069.350,-3.376
25636,04/25/26 12:30:53 PM,2.00,4.34,126.4,8.443,43.957,1069.350,-3.111
25637,04/25/26 12:40:53 PM,2.67,7.01,116.5,7.877,44.027,1069.350,-3.604
25638,04/25/26 12:50:53 PM,2.67,6.68,96.9,8.601,44.738,1069.350,-2.730
25639,04/25/26 01:00:53 PM,3.34,6.35,85.6,8.984,43.102,1069.350,-2.883
25640,04/25/26 01:10:53 PM,2.67,4.68,101.1,8.470,43.047,1069.350,-3.366
25641,04/25/26 01:20:53 PM,2.00,3.67,103.9,8.598,41.456,1069.350,-3.753
25642,04/25/26 01:30:53 PM,1.00,2.34,123.5,9.429,40.710,1069.350,-3.246
25643,04/25/26 01:40:53 PM,2.00,5.34,94.1,9.663,40.284,1069.350,-3.176
25644,04/25/26 01:50:53 PM,1.00,4.34,59.0,9.003,40.795,1069.350,-3.602
25645,04/25/26 02:00:53 PM,2.34,4.34,51.9,8.105,43.017,1069.350,-3.707
25646,04/25/26 02:10:53 PM,1.34,3.67,7.0,8.429,42.637,1069.350,-3.531
25647,04/25/26 02:20:53 PM,1.00,3.01,136.2,8.373,41.265,1069.350,-4.018
25648,04/25/26 02:30:53 PM,1.34,3.01,120.7,8.204,42.461,1069.350,-3.790
25649,04/25/26 02:40:53 PM,2.00,4.01,73.0,9.024,41.685,1069.350,-3.295
25650,04/25/26 02:50:53 PM,1.67,3.34,39.3,9.033,41.024,1069.350,-3.500
25651,04/25/26 03:00:53 PM,1.67,5.01,144.6,9.150,40.696,1069.350,-3.502
25652,04/25/26 03:10:53 PM,1.34,2.67,136.2,8.545,41.274,1069.350,-3.860
25653,04/25/26 03:20:53 PM,1.67,4.34,123.5,8.504,42.228,1069.350,-3.592
25654,04/25/26 03:30:53 PM,1.67,3.34,28.1,9.204,41.132,1069.350,-3.311
25655,04/25/26 03:40:53 PM,1.34,3.01,7.0,9.105,41.270,1069.350,-3.355
25656,04/25/26 03:50:53 PM,2.00,4.01,275.2,9.722,39.269,1069.350,-3.464
25657,04/25/26 04:00:53 PM,1.34,2.67,230.2,9.622,40.243,1069.350,-3.226
25658,04/25/26 04:10:53 PM,2.00,5.01,294.8,9.402,39.438,1069.350,-3.694
25659,04/25/26 04:20:53 PM,1.34,4.68,271.0,9.839,39.257,1069.350,-3.363
25660,04/25/26 04:30:53 PM,3.67,5.34,4.2,9.703,40.029,1069.350,-3.225
25661,04/25/26 04:40:53 PM,1.67,3.34,109.5,9.453,39.893,1069.350,-3.495
25662,04/25/26 04:50:53 PM,2.00,3.34,77.2,9.992,39.588,1069.350,-3.114
25663,04/25/26 05:00:53 PM,2.67,5.01,348.2,9.778,40.079,1069.350,-3.141
25664,04/25/26 05:10:53 PM,2.34,4.34,329.9,9.601,41.746,1069.350,-2.753
25665,04/25/26 05:20:53 PM,1.67,4.01,351.0,10.293,40.285,1069.350,-2.609
25666,04/25/26 05:30:53 PM,2.67,5.34,353.8,10.695,40.043,1069.350,-2.328
25667,04/25/26 05:40:53 PM,1.34,3.01,44.9,10.907,38.962,1069.350,-2.507
25668,04/25/26 05:50:53 PM,2.34,4.68,279.4,10.529,39.886,1069.350,-2.530
25669,04/25/26 06:00:53 PM,2.67,7.01,278.0,10.346,40.101,1069.350,-2.622
25670,04/25/26 06:10:53 PM,4.01,6.68,266.7,9.724,41.556,1069.350,-2.704
25671,04/25/26 06:20:53 PM,3.34,5.68,269.6,9.695,40.739,1069.350,-2.997
25672,04/25/26 06:30:53 PM,3.34,6.01,262.5,9.982,40.766,1069.350,-2.729
25673,04/25/26 06:40:53 PM,3.01,5.01,283.6,10.285,40.697,1069.350,-2.479
25674,04/25/26 06:50:53 PM,3.34,5.01,275.2,9.630,41.588,1069.350,-2.778
25675,04/25/26 07:00:53 PM,3.01,5.01,283.6,9.459,42.196,1069.350,-2.738
25676,04/25/26 07:10:53 PM,2.67,5.01,271.0,9.354,42.513,1069.350,-2.732
25677,04/25/26 07:20:53 PM,3.01,4.68,261.1,8.845,42.960,1069.350,-3.053
25678,04/25/26 07:30:53 PM,2.34,3.67,265.3,8.335,45.399,1069.350,-2.776
25679,04/25/26 07:40:53 PM,2.67,3.67,294.8,7.845,47.588,1069.350,-2.591
25680,04/25/26 07:50:53 PM,2.34,3.34,294.8,7.534,49.435,1069.350,-2.364
25681,04/25/26 08:00:53 PM,2.67,3.67,300.4,7.480,49.851,1069.350,-2.300
25682,04/25/26 08:10:53 PM,2.00,3.01,294.8,7.081,52.187,1069.350,-2.051
25683,04/25/26 08:20:53 PM,2.34,3.67,293.4,6.494,52.613,1069.350,-2.486
25684,04/25/26 08:30:53 PM,2.34,3.34,292.0,5.949,53.561,1069.350,-2.753
25685,04/25/26 08:40:53 PM,2.34,3.01,293.4,5.585,55.534,1069.350,-2.606
25686,04/25/26 08:50:53 PM,1.67,2.67,283.6,4.976,57.943,1069.350,-2.605
25687,04/25/26 09:00:53 PM,1.67,2.34,287.8,4.542,59.442,1069.350,-2.670
25688,04/25/26 09:10:53 PM,2.67,4.01,313.1,4.287,60.653,1069.350,-2.639
25689,04/25/26 09:20:53 PM,2.67,3.67,321.5,4.416,60.276,1069.350,-2.601
25690,04/25/26 09:30:53 PM,2.34,3.34,307.5,4.400,60.883,1069.350,-2.482
25691,04/25/26 09:40:53 PM,0.67,2.00,292.0,3.864,63.449,1069.350,-2.433
25692,04/25/26 09:50:53 PM,0.67,1.67,282.2,3.215,65.904,1069.350,-2.539
25693,04/25/26 10:00:53 PM,1.67,2.67,233.1,2.708,69.331,1069.350,-2.341
25694,04/25/26 10:10:53 PM,2.00,3.01,234.5,2.872,69.300,1069.350,-2.190
25695,04/25/26 10:20:53 PM,2.00,2.67,259.7,2.839,68.360,1069.350,-2.406
25696,04/25/26 10:30:53 PM,1.00,1.67,293.4,2.132,69.738,1069.350,-2.816
25697,04/25/26 10:40:53 PM,1.67,3.01,290.6,1.866,69.387,1069.350,-3.139
25698,04/25/26 10:50:53 PM,2.34,3.34,242.9,2.260,67.517,1069.350,-3.127
25699,04/25/26 11:00:53 PM,1.67,3.01,251.3,2.317,67.111,1069.350,-3.153
25700,04/25/26 11:10:53 PM,1.34,2.67,287.8,1.874,69.577,1069.350,-3.094
25701,04/25/26 11:20:53 PM,1.34,2.00,278.0,2.392,67.889,1069.350,-2.927
25702,04/25/26 11:30:53 PM,1.34,2.34,256.9,2.311,68.878,1069.350,-2.810
25703,04/25/26 11:40:53 PM,1.34,2.34,249.9,2.799,66.915,1069.350,-2.732
25704,04/25/26 11:50:53 PM,1.34,2.34,240.1,2.794,67.199,1069.350,-2.680
25705,04/26/26 12:00:53 AM,1.67,2.67,226.0,3.062,66.267,1069.350,-2.611
25706,04/26/26 12:10:53 AM,1.67,2.67,242.9,3.657,62.403,1069.350,-2.853
25707,04/26/26 12:20:53 AM,1.67,2.67,258.3,3.979,60.696,1069.350,-2.921
25708,04/26/26 12:30:53 AM,1.67,3.01,269.6,3.968,61.167,1069.350,-2.827
25709,04/26/26 12:40:53 AM,1.67,2.34,271.0,3.708,62.464,1069.350,-2.792
25710,04/26/26 12:50:53 AM,1.00,2.00,269.6,3.212,65.686,1069.350,-2.587
25711,04/26/26 01:00:53 AM,0.67,1.67,276.6,2.719,68.930,1069.350,-2.409
25712,04/26/26 01:10:53 AM,0.67,1.34,271.0,2.357,70.488,1069.350,-2.455
25713,04/26/26 01:20:53 AM,0.67,1.34,262.5,2.488,69.737,1069.350,-2.474
25714,04/26/26 01:30:53 AM,0.67,2.34,271.0,2.853,66.952,1069.350,-2.673
25715,04/26/26 01:40:53 AM,1.34,2.67,300.4,3.102,65.905,1069.350,-2.647
25716,04/26/26 01:50:53 AM,1.34,2.34,279.4,3.022,65.663,1069.350,-2.773
25717,04/26/26 02:00:53 AM,1.00,2.34,271.0,3.118,65.624,1069.350,-2.689
25718,04/26/26 02:10:53 AM,1.00,2.67,283.6,2.850,67.010,1069.350,-2.664
25719,04/26/26 02:20:53 AM,1.00,1.67,247.1,2.381,71.499,1069.350,-2.240
25720,04/26/26 02:30:53 AM,0.33,1.34,231.6,2.016,74.188,1069.350,-2.093
25721,04/26/26 02:40:53 AM,0.67,1.67,233.1,2.209,72.320,1069.350,-2.252
25722,04/26/26 02:50:53 AM,0.33,1.34,247.1,2.148,73.312,1069.350,-2.126
25723,04/26/26 03:00:53 AM,1.00,1.34,279.4,1.939,75.244,1069.350,-1.977
25724,04/26/26 03:10:53 AM,1.00,1.34,296.2,1.933,74.226,1069.350,-2.167
25725,04/26/26 03:20:53 AM,1.00,1.67,296.2,2.260,71.817,1069.350,-2.297
25726,04/26/26 03:30:53 AM,1.34,2.34,285.0,2.475,70.228,1069.350,-2.392
25727,04/26/26 03:40:53 AM,0.67,1.67,275.2,2.743,66.419,1069.350,-2.885
25728,04/26/26 03:50:53 AM,1.34,2.00,266.7,2.622,67.996,1069.350,-2.686
25729,04/26/26 04:00:53 AM,1.67,3.34,292.0,2.633,66.441,1069.350,-2.986
25730,04/26/26 04:10:53 AM,2.67,4.01,315.9,2.622,67.076,1069.350,-2.869
25731,04/26/26 04:20:53 AM,2.00,3.01,307.5,2.432,68.113,1069.350,-2.845
25732,04/26/26 04:30:53 AM,2.00,3.34,306.1,2.167,69.984,1069.350,-2.735
25733,04/26/26 04:40:53 AM,1.67,2.67,293.4,2.271,69.044,1069.350,-2.816
25734,04/26/26 04:50:53 AM,1.67,3.01,290.6,2.574,66.909,1069.350,-2.948
25735,04/26/26 05:00:53 AM,2.34,3.34,303.2,2.571,67.480,1069.350,-2.837
25736,04/26/26 05:10:53 AM,2.00,3.01,303.2,2.507,67.550,1069.350,-2.884
25737,04/26/26 05:20:53 AM,1.67,2.67,300.4,2.333,68.574,1069.350,-2.849
25738,04/26/26 05:30:53 AM,1.67,2.34,294.8,2.191,68.971,1069.350,-2.907
25739,04/26/26 05:40:53 AM,2.00,2.67,314.5,2.073,69.647,1069.350,-2.890
25740,04/26/26 05:50:53 AM,1.67,2.34,325.7,1.861,70.210,1069.350,-2.985
25741,04/26/26 06:00:53 AM,2.00,2.67,321.5,1.810,70.156,1069.350,-3.045
25742,04/26/26 06:10:53 AM,2.34,3.34,315.9,1.679,70.527,1069.350,-3.100
25743,04/26/26 06:20:53 AM,2.67,3.34,308.9,1.319,71.737,1069.350,-3.219
25744,04/26/26 06:30:53 AM,2.34,3.01,299.0,0.523,74.234,1069.350,-3.530
25745,04/26/26 06:40:53 AM,2.34,3.34,314.5,0.158,74.627,1069.350,-3.813
25746,04/26/26 06:50:53 AM,2.34,3.01,313.1,-0.118,75.003,1069.350,-4.013
25747,04/26/26 07:00:53 AM,1.67,2.34,289.2,-0.683,76.779,1069.350,-4.251
25748,04/26/26 07:10:53 AM,2.00,3.01,254.1,-1.335,79.374,1069.350,-4.444
25749,04/26/26 07:20:53 AM,1.67,3.34,256.9,-0.555,77.128,1069.350,-4.066
25750,04/26/26 07:30:53 AM,1.34,2.00,255.5,0.419,74.597,1069.350,-3.565
25751,04/26/26 07:40:53 AM,1.67,2.67,242.9,1.408,71.148,1069.350,-3.243
25752,04/26/26 07:50:53 AM,1.34,2.34,238.7,2.421,67.608,1069.350,-2.955
25753,04/26/26 08:00:53 AM,0.67,1.67,262.5,3.338,63.592,1069.350,-2.903
25754,04/26/26 08:10:53 AM,1.34,2.34,283.6,3.630,58.244,1069.350,-3.802
25755,04/26/26 08:20:53 AM,1.67,2.67,252.7,4.180,57.229,1069.350,-3.519
25756,04/26/26 08:30:53 AM,1.67,3.01,265.3,4.558,56.104,1069.350,-3.430
25757,04/26/26 08:40:53 AM,1.67,2.67,276.6,4.638,53.336,1069.350,-4.030
25758,04/26/26 08:50:53 AM,1.67,3.01,287.8,4.652,52.982,1069.350,-4.106
25759,04/26/26 09:00:53 AM,2.00,3.34,280.8,4.813,52.203,1069.350,-4.153
25760,04/26/26 09:10:53 AM,1.67,3.34,289.2,5.368,49.603,1069.350,-4.317
25761,04/26/26 09:20:53 AM,2.34,4.01,308.9,6.016,45.278,1069.350,-4.929
25762,04/26/26 09:30:53 AM,3.67,5.34,308.9,6.070,42.261,1069.350,-5.787
25763,04/26/26 09:40:53 AM,3.67,5.68,297.6,6.376,41.854,1069.350,-5.637
25764,04/26/26 09:50:53 AM,4.01,7.01,311.7,6.657,40.388,1069.350,-5.850
25765,04/26/26 10:00:53 AM,3.67,7.01,304.7,7.177,39.983,1069.350,-5.514
25766,04/26/26 10:10:53 AM,3.67,6.68,285.0,7.502,39.878,1069.350,-5.256
25767,04/26/26 10:20:53 AM,4.01,7.01,300.4,7.654,40.037,1069.350,-5.066
25768,04/26/26 10:30:53 AM,4.68,7.68,308.9,7.459,40.021,1069.350,-5.247
25769,04/26/26 10:40:53 AM,5.01,8.35,314.5,7.502,40.708,1069.350,-4.984
25770,04/26/26 10:50:53 AM,4.68,6.68,306.1,7.848,41.587,1069.350,-4.389
25771,04/26/26 11:00:53 AM,5.01,9.02,289.2,8.306,39.992,1069.350,-4.494
25772,04/26/26 11:10:53 AM,5.68,8.35,283.6,8.394,39.286,1069.350,-4.651
25773,04/26/26 11:20:53 AM,4.68,7.35,286.4,8.630,38.734,1069.350,-4.626
25774,04/26/26 11:30:53 AM,5.34,9.02,286.4,8.781,39.702,1069.350,-4.164
25775,04/26/26 11:40:53 AM,6.01,10.35,273.8,8.995,40.336,1069.350,-3.760
25776,04/26/26 11:50:53 AM,5.68,10.35,306.1,8.856,38.154,1069.350,-4.624
25777,04/26/26 12:00:53 PM,5.68,9.02,280.8,8.681,40.337,1069.350,-4.043
25778,04/26/26 12:10:53 PM,6.01,11.02,290.6,9.057,38.880,1069.350,-4.194
25779,04/26/26 12:20:53 PM,6.01,10.35,317.3,8.952,37.644,1069.350,-4.716
25780,04/26/26 12:30:53 PM,5.34,10.35,279.4,8.888,39.327,1069.350,-4.194
25781,04/26/26 12:40:53 PM,6.01,10.02,283.6,9.534,38.512,1069.350,-3.893
25782,04/26/26 12:50:53 PM,6.68,10.02,279.4,9.472,39.911,1069.350,-3.472
25783,04/26/26 01:00:53 PM,6.35,11.35,301.8,9.327,38.479,1069.350,-4.089
25784,04/26/26 01:10:53 PM,7.01,11.35,272.4,9.228,39.539,1069.350,-3.817
25785,04/26/26 01:20:53 PM,6.68,12.36,282.2,9.488,38.759,1069.350,-3.849
25786,04/26/26 01:30:53 PM,6.01,10.69,275.2,9.389,38.195,1069.350,-4.132
25787,04/26/26 01:40:53 PM,6.35,10.69,283.6,9.681,38.874,1069.350,-3.636
25788,04/26/26 01:50:53 PM,6.01,10.69,268.1,10.000,38.402,1069.350,-3.514
25789,04/26/26 02:00:53 PM,5.68,10.02,271.0,9.563,38.790,1069.350,-3.771
25790,04/26/26 02:10:53 PM,5.34,9.02,296.2,10.027,39.431,1069.350,-3.135
25791,04/26/26 02:20:53 PM,6.01,9.02,262.5,10.421,40.102,1069.350,-2.555
25792,04/26/26 02:30:53 PM,5.68,10.69,286.4,10.041,39.744,1069.350,-3.017
25793,04/26/26 02:40:53 PM,5.34,10.02,271.0,10.464,39.980,1069.350,-2.557
25794,04/26/26 02:50:53 PM,6.68,11.69,299.0,9.756,39.580,1069.350,-3.328
25795,04/26/26 03:00:53 PM,7.01,12.02,279.4,10.260,40.966,1069.350,-2.412
25796,04/26/26 03:10:53 PM,6.35,10.69,271.0,10.014,42.475,1069.350,-2.146
25797,04/26/26 03:20:53 PM,6.68,10.69,256.9,9.917,41.700,1069.350,-2.483
25798,04/26/26 03:30:53 PM,6.35,10.69,265.3,10.030,41.901,1069.350,-2.316
25799,04/26/26 03:40:53 PM,7.01,10.35,271.0,9.907,40.912,1069.350,-2.748
25800,04/26/26 03:50:53 PM,6.35,10.35,276.6,9.545,41.154,1069.350,-2.996
25801,04/26/26 04:00:53 PM,6.01,9.02,263.9,9.322,41.405,1069.350,-3.116
25802,04/26/26 04:10:53 PM,6.35,9.68,259.7,10.167,41.540,1069.350,-2.309
25803,04/26/26 04:20:53 PM,7.35,11.35,256.9,10.153,41.242,1069.350,-2.418
25804,04/26/26 04:30:53 PM,7.01,10.35,255.5,9.853,41.941,1069.350,-2.463
25805,04/26/26 04:40:53 PM,7.01,11.02,247.1,9.716,40.392,1069.350,-3.092
25806,04/26/26 04:50:53 PM,6.35,10.02,254.1,9.676,37.862,1069.350,-3.992
25807,04/26/26 05:00:53 PM,6.35,10.35,262.5,9.772,38.949,1069.350,-3.529
25808,04/26/26 05:10:53 PM,6.35,11.02,262.5,9.898,39.413,1069.350,-3.257
25809,04/26/26 05:20:53 PM,7.01,11.02,261.1,9.397,38.705,1069.350,-3.949
25810,04/26/26 05:30:53 PM,6.35,9.02,261.1,9.306,38.361,1069.350,-4.149
25811,04/26/26 05:40:53 PM,6.01,10.35,258.3,9.419,39.625,1069.350,-3.616
25812,04/26/26 05:50:53 PM,6.35,10.35,258.3,9.276,39.260,1069.350,-3.868
25813,04/26/26 06:00:53 PM,6.35,11.35,259.7,9.164,39.353,1069.350,-3.937
25814,04/26/26 06:10:53 PM,6.68,9.35,252.7,8.770,39.214,1069.350,-4.338
25815,04/26/26 06:20:53 PM,6.35,9.35,251.3,8.630,39.312,1069.350,-4.430
25816,04/26/26 06:30:53 PM,6.68,10.02,262.5,8.561,39.690,1069.350,-4.365
25817,04/26/26 06:40:53 PM,6.35,9.68,268.1,8.386,39.586,1069.350,-4.558
25818,04/26/26 06:50:53 PM,6.01,9.35,269.6,8.416,39.687,1069.350,-4.497
25819,04/26/26 07:00:53 PM,6.35,10.35,263.9,8.038,39.924,1069.350,-4.758
25820,04/26/26 07:10:53 PM,6.68,10.02,268.1,7.805,40.352,1069.350,-4.827
25821,04/26/26 07:20:53 PM,6.68,10.35,271.0,7.520,40.566,1069.350,-5.014
25822,04/26/26 07:30:53 PM,6.01,8.68,266.7,7.360,41.408,1069.350,-4.887
25823,04/26/26 07:40:53 PM,6.35,9.68,272.4,7.054,41.642,1069.350,-5.090
25824,04/26/26 07:50:53 PM,5.01,8.02,279.4,6.931,40.362,1069.350,-5.611
25825,04/26/26 08:00:53 PM,4.34,6.01,279.4,6.585,42.074,1069.350,-5.378
25826,04/26/26 08:10:53 PM,3.34,5.01,278.0,5.984,44.355,1069.350,-5.230
25827,04/26/26 08:20:53 PM,3.01,4.68,275.2,5.153,46.668,1069.350,-5.321
25828,04/26/26 08:30:53 PM,2.67,3.34,265.3,3.692,51.397,1069.350,-5.399
25829,04/26/26 08:40:53 PM,2.67,3.34,265.3,2.797,53.919,1069.350,-5.602
25830,04/26/26 08:50:53 PM,2.67,3.34,262.5,2.212,55.401,1069.350,-5.794
25831,04/26/26 09:00:53 PM,3.01,3.34,259.7,1.494,58.007,1069.350,-5.865
25832,04/26/26 09:10:53 PM,2.67,3.67,262.5,1.220,59.997,1069.350,-5.682
25833,04/26/26 09:20:53 PM,2.67,3.67,279.4,1.486,60.427,1069.350,-5.336
25834,04/26/26 09:30:53 PM,3.01,5.01,279.4,2.507,57.816,1069.350,-4.956
25835,04/26/26 09:40:53 PM,3.01,4.01,292.0,2.317,58.990,1069.350,-4.869
25836,04/26/26 09:50:53 PM,2.34,3.34,282.2,1.754,61.469,1069.350,-4.858
25837,04/26/26 10:00:53 PM,2.34,3.34,296.2,1.247,63.455,1069.350,-4.919
25838,04/26/26 10:10:53 PM,3.01,4.34,292.0,0.861,65.660,1069.350,-4.835
25839,04/26/26 10:20:53 PM,3.34,5.34,290.6,1.536,63.661,1069.350,-4.601
25840,04/26/26 10:30:53 PM,3.34,4.68,297.6,1.231,64.700,1069.350,-4.677
25841,04/26/26 10:40:53 PM,4.34,6.01,301.8,1.097,65.702,1069.350,-4.602
25842,04/26/26 10:50:53 PM,4.68,7.01,307.5,1.266,65.112,1069.350,-4.560
25843,04/26/26 11:00:53 PM,3.67,5.01,296.2,1.059,65.722,1069.350,-4.634
25844,04/26/26 11:10:53 PM,3.34,4.34,297.6,1.070,65.222,1069.350,-4.724
25845,04/26/26 11:20:53 PM,3.01,4.01,285.0,1.006,65.206,1069.350,-4.789
25846,04/26/26 11:30:53 PM,2.67,3.67,269.6,0.317,67.564,1069.350,-4.978
25847,04/26/26 11:40:53 PM,2.67,3.67,273.8,0.914,66.917,1069.350,-4.534
25848,04/26/26 11:50:53 PM,2.67,3.67,272.4,0.955,67.131,1069.350,-4.452
25849,04/27/26 12:00:53 AM,2.67,3.34,280.8,1.070,67.164,1069.350,-4.336
25850,04/27/26 12:10:53 AM,2.34,3.34,286.4,0.802,68.431,1069.350,-4.345
25851,04/27/26 12:20:53 AM,2.00,3.67,273.8,0.370,70.188,1069.350,-4.423
25852,04/27/26 12:30:53 AM,2.34,3.67,290.6,0.834,68.931,1069.350,-4.217
25853,04/27/26 12:40:53 AM,2.00,3.01,306.1,0.129,70.816,1069.350,-4.537
25854,04/27/26 12:50:53 AM,2.00,3.01,258.3,-1.086,74.818,1069.350,-4.984
25855,04/27/26 01:00:53 AM,2.34,3.34,273.8,-1.096,75.886,1069.350,-4.807
25856,04/27/26 01:10:53 AM,1.67,3.01,282.2,-0.750,74.453,1069.350,-4.723
25857,04/27/26 01:20:53 AM,2.34,4.01,292.0,-0.726,74.443,1069.350,-4.702
25858,04/27/26 01:30:53 AM,2.67,4.01,299.0,-0.549,73.541,1069.350,-4.692
25859,04/27/26 01:40:53 AM,2.34,3.34,237.3,-1.608,76.910,1069.350,-5.127
25860,04/27/26 01:50:53 AM,2.34,4.01,247.1,-1.836,78.309,1069.350,-5.111
25861,04/27/26 02:00:53 AM,2.34,4.34,282.2,-1.579,77.772,1069.350,-4.952
25862,04/27/26 02:10:53 AM,2.67,4.01,299.0,-1.110,76.902,1069.350,-4.644
25863,04/27/26 02:20:53 AM,2.34,3.67,285.0,-0.217,75.044,1069.350,-4.102
25864,04/27/26 02:30:53 AM,2.00,3.34,285.0,0.081,73.930,1069.350,-4.012
25865,04/27/26 02:40:53 AM,0.33,2.00,286.4,-0.560,75.474,1069.350,-4.359
25866,04/27/26 02:50:53 AM,0.00,1.34,287.8,-1.099,77.754,1069.350,-4.488
25867,04/27/26 03:00:53 AM,2.67,4.34,300.4,-1.123,78.300,1069.350,-4.418
25868,04/27/26 03:10:53 AM,3.01,4.68,299.0,-1.000,78.373,1069.350,-4.286
25869,04/27/26 03:20:53 AM,3.34,4.68,303.2,-0.490,76.532,1069.350,-4.106
25870,04/27/26 03:30:53 AM,2.67,4.01,294.8,-0.573,76.536,1069.350,-4.186
25871,04/27/26 03:40:53 AM,3.34,5.68,306.1,-0.646,76.307,1069.350,-4.296
25872,04/27/26 03:50:53 AM,2.67,4.01,297.6,-0.855,77.671,1069.350,-4.265
25873,04/27/26 04:00:53 AM,2.67,4.01,299.0,-1.128,78.297,1069.350,-4.424
25874,04/27/26 04:10:53 AM,2.67,4.34,301.8,-1.061,78.419,1069.350,-4.338
25875,04/27/26 04:20:53 AM,2.67,4.34,307.5,-0.753,77.450,1069.350,-4.203
25876,04/27/26 04:30:53 AM,2.00,3.67,299.0,-1.284,78.235,1069.350,-4.586
25877,04/27/26 04:40:53 AM,1.00,2.34,237.3,-2.335,81.877,1069.350,-5.011
25878,04/27/26 04:50:53 AM,1.67,3.34,221.8,-2.158,81.965,1069.350,-4.824
25879,04/27/26 05:00:53 AM,1.34,3.01,234.5,-2.067,81.659,1069.350,-4.784
25880,04/27/26 05:10:53 AM,0.33,1.67,254.1,-2.233,81.720,1069.350,-4.937
25881,04/27/26 05:20:53 AM,1.00,2.00,252.7,-2.681,83.693,1069.350,-5.061
25882,04/27/26 05:30:53 AM,0.67,2.00,231.6,-2.984,84.929,1069.350,-5.166
25883,04/27/26 05:40:53 AM,0.67,2.00,221.8,-3.281,85.975,1069.350,-5.297
25884,04/27/26 05:50:53 AM,0.00,0.00,226.0,-3.045,85.885,1069.350,-5.078
25885,04/27/26 06:00:53 AM,0.00,0.00,230.2,-2.997,85.542,1069.350,-5.084
25886,04/27/26 06:10:53 AM,0.67,3.01,292.0,-1.986,83.861,1069.350,-4.352
25887,04/27/26 06:20:53 AM,2.67,4.34,314.5,-1.271,80.517,1069.350,-4.192
25888,04/27/26 06:30:53 AM,2.67,4.34,321.5,-1.343,79.924,1069.350,-4.361
25889,04/27/26 06:40:53 AM,1.67,3.34,328.5,-1.737,81.260,1069.350,-4.526
25890,04/27/26 06:50:53 AM,0.67,2.34,342.6,-1.761,81.161,1069.350,-4.566
25891,04/27/26 07:00:53 AM,0.00,1.34,314.5,-2.195,81.102,1069.350,-5.000
25892,04/27/26 07:10:53 AM,0.00,0.67,240.1,-2.477,82.655,1069.350,-5.026
25893,04/27/26 07:20:53 AM,0.00,0.00,240.1,-1.732,80.557,1069.350,-4.636
25894,04/27/26 07:30:53 AM,0.33,2.34,287.8,-0.528,78.135,1069.350,-3.867
25895,04/27/26 07:40:53 AM,2.67,4.68,317.3,1.032,74.162,1069.350,-3.050
25896,04/27/26 07:50:53 AM,3.67,5.01,324.3,1.687,71.728,1069.350,-2.866
25897,04/27/26 08:00:53 AM,3.01,4.34,313.1,2.260,70.675,1069.350,-2.513
25898,04/27/26 08:10:53 AM,3.67,5.34,307.5,2.915,68.248,1069.350,-2.355
25899,04/27/26 08:20:53 AM,4.01,5.68,310.3,3.161,67.170,1069.350,-2.334
25900,04/27/26 08:30:53 AM,4.01,5.68,317.3,3.456,65.710,1069.350,-2.349
25901,04/27/26 08:40:53 AM,4.01,5.68,321.5,4.016,64.504,1069.350,-2.066
25902,04/27/26 08:50:53 AM,4.01,5.34,314.5,4.520,61.530,1069.350,-2.225
25903,04/27/26 09:00:53 AM,3.01,5.34,315.9,5.293,59.684,1069.350,-1.907
25904,04/27/26 09:10:53 AM,3.34,5.34,287.8,5.738,54.556,1069.350,-2.702
25905,04/27/26 09:20:53 AM,3.67,6.01,283.6,6.059,52.459,1069.350,-2.930
25906,04/27/26 09:30:53 AM,4.01,6.01,292.0,6.260,50.408,1069.350,-3.278
25907,04/27/26 09:40:53 AM,3.67,6.68,283.6,6.472,48.206,1069.350,-3.680
25908,04/27/26 09:50:53 AM,4.34,6.68,275.2,6.893,47.570,1069.350,-3.470
25909,04/27/26 10:00:53 AM,4.34,7.35,278.0,7.183,47.379,1069.350,-3.258
25910,04/27/26 10:10:53 AM,5.01,8.02,266.7,6.839,45.927,1069.350,-3.988
25911,04/27/26 10:20:53 AM,5.01,7.35,276.6,7.183,45.913,1069.350,-3.678
25912,04/27/26 10:30:53 AM,4.68,7.68,282.2,7.065,45.800,1069.350,-3.818
25913,04/27/26 10:40:53 AM,5.34,9.02,272.4,7.303,44.749,1069.350,-3.910
25914,04/27/26 10:50:53 AM,5.01,8.35,268.1,7.904,41.775,1069.350,-4.279
25915,04/27/26 11:00:53 AM,4.34,7.35,276.6,8.059,42.173,1069.350,-4.012
25916,04/27/26 11:10:53 AM,5.34,8.68,278.0,8.137,38.567,1069.350,-5.126
25917,04/27/26 11:20:53 AM,5.34,8.68,273.8,8.381,38.589,1069.350,-4.899
25918,04/27/26 11:30:53 AM,5.34,11.02,273.8,8.435,37.432,1069.350,-5.252
25919,04/27/26 11:40:53 AM,4.34,10.35,283.6,8.845,37.868,1069.350,-4.733
25920,04/27/26 11:50:53 AM,5.01,8.35,290.6,8.823,37.762,1069.350,-4.790
25921,04/27/26 12:00:53 PM,4.34,7.01,290.6,9.054,38.366,1069.350,-4.373
25922,04/27/26 12:10:53 PM,4.34,7.68,300.4,9.220,38.152,1069.350,-4.299
25923,04/27/26 12:20:53 PM,4.34,7.01,300.4,9.268,38.082,1069.350,-4.280
25924,04/27/26 12:30:53 PM,4.68,9.02,276.6,9.960,37.673,1069.350,-3.805
25925,04/27/26 12:40:53 PM,5.34,9.35,275.2,9.574,37.708,1069.350,-4.138
25926,04/27/26 12:50:53 PM,5.01,8.02,296.2,8.957,36.957,1069.350,-4.955
25927,04/27/26 01:00:53 PM,4.68,8.02,304.7,8.322,36.097,1069.350,-5.830
25928,04/27/26 01:10:53 PM,5.01,8.68,292.0,9.596,37.295,1069.350,-4.264
25929,04/27/26 01:20:53 PM,5.34,8.68,256.9,10.218,36.524,1069.350,-3.987
25930,04/27/26 01:30:53 PM,4.68,8.02,299.0,9.660,35.912,1069.350,-4.708
25931,04/27/26 01:40:53 PM,4.34,7.35,297.6,9.671,36.649,1069.350,-4.429
25932,04/27/26 01:50:53 PM,5.01,8.68,283.6,9.346,36.733,1069.350,-4.688
25933,04/27/26 02:00:53 PM,5.34,9.35,310.3,9.491,36.840,1069.350,-4.521
25934,04/27/26 02:10:53 PM,5.01,9.68,292.0,10.539,36.167,1069.350,-3.833
25935,04/27/26 02:20:53 PM,5.68,10.02,275.2,10.818,34.806,1069.350,-4.096
25936,04/27/26 02:30:53 PM,5.68,9.02,261.1,10.998,33.875,1069.350,-4.297
25937,04/27/26 02:40:53 PM,6.35,14.69,266.7,11.062,33.355,1069.350,-4.446
25938,04/27/26 02:50:53 PM,5.68,9.35,276.6,11.440,33.240,1069.350,-4.159
25939,04/27/26 03:00:53 PM,5.68,11.02,280.8,11.180,32.824,1069.350,-4.554
25940,04/27/26 03:10:53 PM,4.34,8.68,306.1,10.815,34.130,1069.350,-4.359
25941,04/27/26 03:20:53 PM,5.68,10.02,256.9,11.333,34.472,1069.350,-3.769
25942,04/27/26 03:30:53 PM,4.68,8.35,297.6,10.507,34.635,1069.350,-4.436
25943,04/27/26 03:40:53 PM,4.68,7.35,331.3,8.754,35.447,1069.350,-5.684
25944,04/27/26 03:50:53 PM,6.35,9.02,329.9,8.866,35.477,1069.350,-5.574
25945,04/27/26 04:00:53 PM,4.68,8.02,331.3,9.874,35.843,1069.350,-4.543
25946,04/27/26 04:10:53 PM,5.68,10.35,304.7,9.781,35.470,1069.350,-4.764
25947,04/27/26 04:20:53 PM,5.68,8.68,303.2,8.880,36.968,1069.350,-5.019
25948,04/27/26 04:30:53 PM,5.34,8.68,314.5,8.888,37.452,1069.350,-4.841
25949,04/27/26 04:40:53 PM,6.35,10.02,296.2,10.319,35.920,1069.350,-4.119
25950,04/27/26 04:50:53 PM,5.68,9.02,299.0,10.472,35.979,1069.350,-3.962
25951,04/27/26 05:00:53 PM,6.68,9.68,278.0,10.590,34.011,1069.350,-4.604
25952,04/27/26 05:10:53 PM,5.68,9.68,278.0,10.636,33.370,1069.350,-4.815
25953,04/27/26 05:20:53 PM,6.35,10.02,283.6,10.968,33.971,1069.350,-4.286
25954,04/27/26 05:30:53 PM,5.34,9.35,301.8,10.585,34.751,1069.350,-4.323
25955,04/27/26 05:40:53 PM,4.34,6.68,321.5,10.813,35.642,1069.350,-3.784
25956,04/27/26 05:50:53 PM,5.34,9.35,300.4,10.695,35.499,1069.350,-3.942
25957,04/27/26 06:00:53 PM,6.01,8.68,300.4,10.274,34.910,1069.350,-4.538
25958,04/27/26 06:10:53 PM,6.35,9.68,280.8,10.223,36.573,1069.350,-3.965
25959,04/27/26 06:20:53 PM,5.68,8.35,292.0,10.065,37.331,1069.350,-3.833
25960,04/27/26 06:30:53 PM,5.01,8.02,303.2,9.649,37.792,1069.350,-4.041
25961,04/27/26 06:40:53 PM,5.68,8.35,306.1,8.888,39.110,1069.350,-4.267
25962,04/27/26 06:50:53 PM,5.34,7.68,317.3,7.751,41.834,1069.350,-4.398
25963,04/27/26 07:00:53 PM,4.34,6.01,329.9,7.620,41.341,1069.350,-4.674
25964,04/27/26 07:10:53 PM,4.01,6.01,331.3,7.687,41.457,1069.350,-4.576
25965,04/27/26 07:20:53 PM,3.01,5.01,321.5,8.006,42.165,1069.350,-4.063
25966,04/27/26 07:30:53 PM,3.34,4.68,329.9,8.448,41.810,1069.350,-3.775
25967,04/27/26 07:40:53 PM,3.01,5.01,322.9,8.073,42.324,1069.350,-3.952
25968,04/27/26 07:50:53 PM,4.34,6.68,303.2,8.234,43.151,1069.350,-3.548
25969,04/27/26 08:00:53 PM,4.34,8.02,315.9,8.126,42.612,1069.350,-3.814
25970,04/27/26 08:10:53 PM,4.01,6.01,320.1,7.837,41.509,1069.350,-4.424
25971,04/27/26 08:20:53 PM,2.34,4.01,290.6,6.968,45.495,1069.350,-3.996
25972,04/27/26 08:30:53 PM,2.67,4.68,300.4,5.917,46.964,1069.350,-4.537
25973,04/27/26 08:40:53 PM,2.67,3.67,310.3,4.668,50.437,1069.350,-4.743
25974,04/27/26 08:50:53 PM,3.01,3.67,313.1,4.298,52.775,1069.350,-4.487
25975,04/27/26 09:00:53 PM,2.00,3.01,286.4,3.654,55.592,1069.350,-4.399
25976,04/27/26 09:10:53 PM,2.00,2.67,278.0,2.826,59.623,1069.350,-4.248
25977,04/27/26 09:20:53 PM,2.34,2.67,282.2,3.421,59.551,1069.350,-3.703
25978,04/27/26 09:30:53 PM,2.34,3.01,314.5,3.043,61.028,1069.350,-3.733
25979,04/27/26 09:40:53 PM,2.67,4.01,313.1,2.421,65.058,1069.350,-3.470
25980,04/27/26 09:50:53 PM,2.67,4.01,301.8,2.410,68.334,1069.350,-2.822
25981,04/27/26 10:00:53 PM,3.34,5.01,307.5,2.574,68.875,1069.350,-2.559
25982,04/27/26 10:10:53 PM,4.34,5.68,306.1,2.880,69.389,1069.350,-2.165
25983,04/27/26 10:20:53 PM,4.01,5.34,308.9,2.893,69.192,1069.350,-2.191
25984,04/27/26 10:30:53 PM,3.34,5.34,303.2,2.518,70.066,1069.350,-2.381
25985,04/27/26 10:40:53 PM,3.01,4.01,300.4,2.284,71.812,1069.350,-2.274
25986,04/27/26 10:50:53 PM,3.01,4.01,287.8,2.644,71.681,1069.350,-1.952
25987,04/27/26 11:00:53 PM,2.67,4.34,287.8,2.775,71.667,1069.350,-1.829
25988,04/27/26 11:10:53 PM,0.33,2.34,301.8,1.764,74.000,1069.350,-2.372
25989,04/27/26 11:20:53 PM,1.34,3.67,315.9,0.788,77.516,1069.350,-2.693
25990,04/27/26 11:30:53 PM,1.34,3.34,321.5,0.877,77.357,1069.350,-2.634
25991,04/27/26 11:40:53 PM,0.33,1.00,137.6,-0.488,81.590,1069.350,-3.250
25992,04/27/26 11:50:53 PM,0.33,1.34,150.2,-0.372,81.486,1069.350,-3.154
25993,04/28/26 12:00:53 AM,1.00,1.67,296.2,-0.485,81.756,1069.350,-3.220
25994,04/28/26 12:10:53 AM,2.00,2.67,280.8,-0.678,81.404,1069.350,-3.467
25995,04/28/26 12:20:53 AM,1.67,2.34,287.8,-1.198,83.554,1069.350,-3.628
25996,04/28/26 12:30:53 AM,2.34,3.01,279.4,-0.742,82.638,1069.350,-3.328
25997,04/28/26 12:40:53 AM,2.67,3.01,278.0,-0.045,80.855,1069.350,-2.938
25998,04/28/26 12:50:53 AM,1.34,2.67,290.6,0.083,80.592,1069.350,-2.857
25999,04/28/26 01:00:53 AM,0.67,2.00,299.0,-0.764,81.563,1069.350,-3.525
26000,04/28/26 01:10:53 AM,1.34,2.34,165.7,-2.139,87.272,1069.350,-3.973
26001,04/28/26 01:20:53 AM,1.34,2.00,230.2,-1.356,85.119,1069.350,-3.535
26002,04/28/26 01:30:53 AM,1.34,2.34,266.7,-1.866,85.980,1069.350,-3.903
26003,04/28/26 01:40:53 AM,1.67,2.34,278.0,-2.174,87.127,1069.350,-4.030
26004,04/28/26 01:50:53 AM,1.00,2.34,271.0,-2.319,87.759,1069.350,-4.077
26005,04/28/26 02:00:53 AM,1.00,2.34,272.4,-2.472,88.219,1069.350,-4.158
26006,04/28/26 02:10:53 AM,0.67,2.00,276.6,-2.332,88.249,1069.350,-4.016
26007,04/28/26 02:20:53 AM,1.34,2.00,262.5,-2.112,86.891,1069.350,-4.005
26008,04/28/26 02:30:53 AM,1.00,1.67,282.2,-2.579,88.092,1069.350,-4.283
26009,04/28/26 02:40:53 AM,1.00,2.34,311.7,-1.887,87.048,1069.350,-3.759
26010,04/28/26 02:50:53 AM,0.67,1.67,283.6,-1.069,83.081,1069.350,-3.577
26011,04/28/26 03:00:53 AM,1.00,2.00,268.1,-0.796,82.231,1069.350,-3.447
26012,04/28/26 03:10:53 AM,0.33,1.34,285.0,-0.957,82.271,1069.350,-3.598
26013,04/28/26 03:20:53 AM,0.00,1.67,279.4,-1.182,83.766,1069.350,-3.578
26014,04/28/26 03:30:53 AM,1.34,2.00,248.5,-1.171,83.757,1069.350,-3.569
26015,04/28/26 03:40:53 AM,1.34,2.00,259.7,-1.145,84.352,1069.350,-3.449
26016,04/28/26 03:50:53 AM,1.34,2.00,252.7,-1.037,83.056,1069.350,-3.550
26017,04/28/26 04:00:53 AM,1.34,2.67,269.6,-1.383,83.297,1069.350,-3.850
26018,04/28/26 04:10:53 AM,1.34,2.00,283.6,-1.356,82.847,1069.350,-3.896
26019,04/28/26 04:20:53 AM,0.33,1.00,290.6,-1.493,83.178,1069.350,-3.977
26020,04/28/26 04:30:53 AM,0.67,1.67,262.5,-1.193,82.379,1069.350,-3.812
26021,04/28/26 04:40:53 AM,0.00,1.67,263.9,-1.271,82.303,1069.350,-3.901
26022,04/28/26 04:50:53 AM,0.67,2.00,315.9,-1.397,82.089,1069.350,-4.059
26023,04/28/26 05:00:53 AM,0.67,2.00,269.6,-1.758,82.823,1069.350,-4.294
26024,04/28/26 05:10:53 AM,1.00,3.34,256.9,-2.032,84.277,1069.350,-4.332
26025,04/28/26 05:20:53 AM,1.67,3.01,321.5,-2.525,85.867,1069.350,-4.569
26026,04/28/26 05:30:53 AM,1.67,2.34,324.3,-3.091,86.564,1069.350,-5.020
26027,04/28/26 05:40:53 AM,1.67,3.01,303.2,-3.134,86.784,1069.350,-5.028
26028,04/28/26 05:50:53 AM,1.00,2.00,315.9,-3.426,86.433,1069.350,-5.370
26029,04/28/26 06:00:53 AM,1.00,2.00,304.7,-3.606,87.134,1069.350,-5.441
26030,04/28/26 06:10:53 AM,0.00,1.67,289.2,-3.638,87.478,1069.350,-5.421
26031,04/28/26 06:20:53 AM,1.00,1.67,301.8,-3.482,86.276,1069.350,-5.449
26032,04/28/26 06:30:53 AM,1.00,2.34,321.5,-3.756,86.574,1069.350,-5.673
26033,04/28/26 06:40:53 AM,0.67,1.67,275.2,-4.220,87.225,1069.350,-6.033
26034,04/28/26 06:50:53 AM,0.67,2.00,276.6,-3.858,86.682,1069.350,-5.757
26035,04/28/26 07:00:53 AM,0.33,1.00,249.9,-3.616,86.151,1069.350,-5.600
26036,04/28/26 07:10:53 AM,0.33,1.34,321.5,-2.681,83.644,1069.350,-5.069
26037,04/28/26 07:20:53 AM,0.33,1.67,276.6,-2.115,82.364,1069.350,-4.717
26038,04/28/26 07:30:53 AM,0.33,1.67,290.6,-1.442,81.126,1069.350,-4.259
26039,04/28/26 07:40:53 AM,0.00,0.00,290.6,-0.823,80.644,1069.350,-3.734
26040,04/28/26 07:50:53 AM,0.00,0.00,290.6,-0.134,78.291,1069.350,-3.457
26041,04/28/26 08:00:53 AM,0.33,1.67,171.3,0.558,76.194,1069.350,-3.147
26042,04/28/26 08:10:53 AM,0.00,0.33,192.3,1.424,73.640,1069.350,-2.766
26043,04/28/26 08:20:53 AM,0.33,2.00,174.1,2.282,73.591,1069.350,-1.946
26044,04/28/26 08:30:53 AM,0.67,2.00,247.1,3.435,68.890,1069.350,-1.730
26045,04/28/26 08:40:53 AM,0.33,1.67,251.3,4.384,65.220,1069.350,-1.566
26046,04/28/26 08:50:53 AM,1.00,2.34,235.9,4.974,63.032,1069.350,-1.468
26047,04/28/26 09:00:53 AM,2.00,3.34,254.1,5.553,60.876,1069.350,-1.393
26048,04/28/26 09:10:53 AM,2.34,3.67,275.2,5.974,61.514,1069.350,-0.853
26049,04/28/26 09:20:53 AM,2.67,4.01,266.7,6.874,59.765,1069.350,-0.398
26050,04/28/26 09:30:53 AM,2.67,4.68,256.9,7.183,57.504,1069.350,-0.636
26051,04/28/26 09:40:53 AM,2.67,5.01,263.9,7.276,57.307,1069.350,-0.595
26052,04/28/26 09:50:53 AM,3.67,5.68,275.2,7.528,56.825,1069.350,-0.475
26053,04/28/26 10:00:53 AM,4.01,6.68,278.0,7.456,55.932,1069.350,-0.759
26054,04/28/26 10:10:53 AM,3.34,5.68,290.6,7.963,53.722,1069.350,-0.837
26055,04/28/26 10:20:53 AM,4.01,6.35,280.8,8.341,51.315,1069.350,-1.112
26056,04/28/26 10:30:53 AM,4.34,7.01,289.2,8.427,49.972,1069.350,-1.393
26057,04/28/26 10:40:53 AM,4.34,7.68,265.3,8.695,49.104,1069.350,-1.385
26058,04/28/26 10:50:53 AM,4.68,6.68,287.8,8.818,47.237,1069.350,-1.798
26059,04/28/26 11:00:53 AM,3.67,6.68,282.2,8.931,47.251,1069.350,-1.690
26060,04/28/26 11:10:53 AM,4.01,7.01,279.4,8.826,46.854,1069.350,-1.901
26061,04/28/26 11:20:53 AM,4.68,7.35,265.3,8.762,46.915,1069.350,-1.942
26062,04/28/26 11:30:53 AM,3.34,5.68,279.4,8.952,45.823,1069.350,-2.087
26063,04/28/26 11:40:53 AM,4.01,6.35,300.4,8.687,45.345,1069.350,-2.470
26064,04/28/26 11:50:53 AM,3.67,7.35,282.2,9.861,44.240,1069.350,-1.734
26065,04/28/26 12:00:53 PM,3.67,9.02,280.8,10.317,42.898,1069.350,-1.738
26066,04/28/26 12:10:53 PM,3.67,6.35,289.2,10.075,43.302,1069.350,-1.830
26067,04/28/26 12:20:53 PM,3.01,6.01,293.4,9.456,42.898,1069.350,-2.518
26068,04/28/26 12:30:53 PM,4.01,8.02,297.6,9.365,43.786,1069.350,-2.325
26069,04/28/26 12:40:53 PM,4.68,7.68,266.7,10.829,41.506,1069.350,-1.722
26070,04/28/26 12:50:53 PM,5.01,9.02,269.6,11.081,41.064,1069.350,-1.640
26071,04/28/26 01:00:53 PM,4.68,8.68,294.8,10.612,42.234,1069.350,-1.682
26072,04/28/26 01:10:53 PM,4.34,8.02,259.7,11.424,40.865,1069.350,-1.397
26073,04/28/26 01:20:53 PM,5.34,9.02,276.6,10.325,42.640,1069.350,-1.812
26074,04/28/26 01:30:53 PM,4.34,8.02,289.2,9.778,42.856,1069.350,-2.239
26075,04/28/26 01:40:53 PM,5.01,7.68,286.4,9.719,43.218,1069.350,-2.179
26076,04/28/26 01:50:53 PM,4.68,7.68,310.3,9.596,42.609,1069.350,-2.482
26077,04/28/26 02:00:53 PM,4.68,8.02,300.4,9.679,43.642,1069.350,-2.084
26078,04/28/26 02:10:53 PM,4.01,6.35,289.2,9.486,44.771,1069.350,-1.914
26079,04/28/26 02:20:53 PM,4.34,6.68,287.8,9.614,41.646,1069.350,-2.774
26080,04/28/26 02:30:53 PM,4.34,8.02,265.3,10.196,42.625,1069.350,-1.934
26081,04/28/26 02:40:53 PM,5.34,8.02,254.1,11.880,42.681,1069.350,-0.391
26082,04/28/26 02:50:53 PM,4.68,8.02,271.0,12.097,40.458,1069.350,-0.927
26083,04/28/26 03:00:53 PM,5.01,10.02,266.7,12.132,39.973,1069.350,-1.060
26084,04/28/26 03:10:53 PM,5.01,8.02,266.7,10.781,42.342,1069.350,-1.494
26085,04/28/26 03:20:53 PM,5.01,7.35,275.2,9.947,45.800,1069.350,-1.184
26086,04/28/26 03:30:53 PM,4.01,6.35,275.2,10.344,44.807,1069.350,-1.121
26087,04/28/26 03:40:53 PM,4.68,7.68,255.5,11.864,40.436,1069.350,-1.144
26088,04/28/26 03:50:53 PM,4.01,7.01,254.1,10.539,39.265,1069.350,-2.733
26089,04/28/26 04:00:53 PM,3.34,6.01,248.5,10.732,41.578,1069.350,-1.786
26090,04/28/26 04:10:53 PM,3.34,5.68,268.1,10.443,43.005,1069.350,-1.590
26091,04/28/26 04:20:53 PM,4.01,5.68,282.2,10.604,44.071,1069.350,-1.110
26092,04/28/26 04:30:53 PM,4.34,7.35,261.1,10.443,43.841,1069.350,-1.328
26093,04/28/26 04:40:53 PM,3.01,5.34,285.0,10.389,42.420,1069.350,-1.824
26094,04/28/26 04:50:53 PM,4.34,7.68,275.2,11.464,41.735,1069.350,-1.074
26095,04/28/26 05:00:53 PM,4.01,6.68,272.4,10.472,43.627,1069.350,-1.368
26096,04/28/26 05:10:53 PM,3.34,6.01,255.5,10.386,44.187,1069.350,-1.273
26097,04/28/26 05:20:53 PM,4.01,8.35,263.9,12.448,39.028,1069.350,-1.103
26098,04/28/26 05:30:53 PM,5.34,9.02,276.6,12.319,39.239,1069.350,-1.145
26099,04/28/26 05:40:53 PM,5.34,8.35,263.9,12.177,37.717,1069.350,-1.810
26100,04/28/26 05:50:53 PM,4.68,7.01,266.7,11.448,40.427,1069.350,-1.521
26101,04/28/26 06:00:53 PM,4.68,7.68,278.0,12.191,39.103,1069.350,-1.307
26102,04/28/26 06:10:53 PM,4.68,7.68,258.3,11.957,39.451,1069.350,-1.396
26103,04/28/26 06:20:53 PM,4.68,7.35,271.0,12.038,38.743,1069.350,-1.570
26104,04/28/26 06:30:53 PM,5.01,7.35,272.4,11.866,38.357,1069.350,-1.860
26105,04/28/26 06:40:53 PM,4.68,7.35,269.6,11.923,39.335,1069.350,-1.467
26106,04/28/26 06:50:53 PM,4.01,7.01,273.8,11.665,39.605,1069.350,-1.605
26107,04/28/26 07:00:53 PM,4.68,6.68,279.4,11.622,38.711,1069.350,-1.954
26108,04/28/26 07:10:53 PM,3.67,7.35,286.4,11.598,39.922,1069.350,-1.557
26109,04/28/26 07:20:53 PM,3.34,5.34,294.8,11.646,39.420,1069.350,-1.686
26110,04/28/26 07:30:53 PM,3.34,5.01,290.6,11.242,39.597,1069.350,-1.988
26111,04/28/26 07:40:53 PM,3.34,5.34,290.6,10.802,39.794,1069.350,-2.316
26112,04/28/26 07:50:53 PM,2.67,4.68,292.0,10.333,41.689,1069.350,-2.110
26113,04/28/26 08:00:53 PM,2.00,3.01,296.2,9.365,44.659,1069.350,-2.058
26114,04/28/26 08:10:53 PM,2.00,3.01,290.6,8.199,45.373,1069.350,-2.908
26115,04/28/26 08:20:53 PM,1.34,2.34,292.0,7.038,46.224,1069.350,-3.720
26116,04/28/26 08:30:53 PM,1.67,2.34,292.0,6.250,47.741,1069.350,-4.013
26117,04/28/26 08:40:53 PM,1.67,2.67,286.4,5.456,49.549,1069.350,-4.250
26118,04/28/26 08:50:53 PM,1.34,2.34,278.0,4.453,51.962,1069.350,-4.549
26119,04/28/26 09:00:53 PM,0.67,1.67,266.7,3.625,54.223,1069.350,-4.756
26120,04/28/26 09:10:53 PM,0.67,1.67,320.1,3.150,57.665,1069.350,-4.386
26121,04/28/26 09:20:53 PM,2.34,3.34,328.5,3.960,55.247,1069.350,-4.195
26122,04/28/26 09:30:53 PM,2.00,3.01,322.9,4.051,54.136,1069.350,-4.380
26123,04/28/26 09:40:53 PM,1.00,2.00,315.9,3.365,56.229,1069.350,-4.518
26124,04/28/26 09:50:53 PM,1.67,3.01,262.5,2.397,58.964,1069.350,-4.800
26125,04/28/26 10:00:53 PM,2.34,3.67,327.1,2.419,59.202,1069.350,-4.726
26126,04/28/26 10:10:53 PM,3.01,3.67,325.7,2.571,59.100,1069.350,-4.605
26127,04/28/26 10:20:53 PM,2.00,3.34,311.7,1.971,60.864,1069.350,-4.783
26128,04/28/26 10:30:53 PM,1.67,2.34,271.0,1.928,60.529,1069.350,-4.896
26129,04/28/26 10:40:53 PM,1.34,2.34,252.7,0.630,65.251,1069.350,-5.138
26130,04/28/26 10:50:53 PM,1.67,2.67,269.6,1.692,61.878,1069.350,-4.829
26131,04/28/26 11:00:53 PM,2.00,2.67,278.0,2.384,59.197,1069.350,-4.760
26132,04/28/26 11:10:53 PM,2.00,2.67,273.8,2.381,58.961,1069.350,-4.815
26133,04/28/26 11:20:53 PM,2.00,3.01,268.1,0.735,64.524,1069.350,-5.186
26134,04/28/26 11:30:53 PM,2.00,2.67,292.0,0.850,65.083,1069.350,-4.962
26135,04/28/26 11:40:53 PM,1.34,2.00,275.2,1.499,62.928,1069.350,-4.790
26136,04/28/26 11:50:53 PM,1.67,3.01,278.0,1.713,63.709,1069.350,-4.423
26137,04/29/26 12:00:53 AM,1.67,2.34,266.7,1.448,64.543,1069.350,-4.503
26138,04/29/26 12:10:53 AM,1.67,2.67,271.0,1.319,65.072,1069.350,-4.518
26139,04/29/26 12:20:53 AM,1.67,3.01,276.6,1.754,64.918,1069.350,-4.134
26140,04/29/26 12:30:53 AM,1.67,2.67,247.1,1.295,67.131,1069.350,-4.127
26141,04/29/26 12:40:53 AM,2.00,3.01,249.9,0.850,66.461,1069.350,-4.686
26142,04/29/26 12:50:53 AM,1.67,2.34,266.7,-0.370,70.166,1069.350,-5.139
26143,04/29/26 01:00:53 AM,1.67,3.01,283.6,-0.611,72.178,1069.350,-4.999
26144,04/29/26 01:10:53 AM,2.00,3.01,282.2,0.252,71.447,1069.350,-4.301
26145,04/29/26 01:20:53 AM,2.34,3.34,287.8,0.802,70.141,1069.350,-4.017
26146,04/29/26 01:30:53 AM,2.34,3.34,283.6,0.496,71.022,1069.350,-4.145
26147,04/29/26 01:40:53 AM,2.34,3.67,285.0,0.601,71.121,1069.350,-4.026
26148,04/29/26 01:50:53 AM,2.34,3.34,290.6,1.118,69.462,1069.350,-3.843
26149,04/29/26 02:00:53 AM,2.00,3.01,290.6,0.638,71.366,1069.350,-3.944
26150,04/29/26 02:10:53 AM,2.67,4.01,292.0,0.735,71.591,1069.350,-3.809
26151,04/29/26 02:20:53 AM,2.00,3.01,292.0,1.051,70.480,1069.350,-3.713
26152,04/29/26 02:30:53 AM,2.00,3.34,266.7,0.898,71.470,1069.350,-3.674
26153,04/29/26 02:40:53 AM,1.67,3.01,262.5,0.992,71.145,1069.350,-3.645
26154,04/29/26 02:50:53 AM,1.67,2.67,283.6,1.065,70.854,1069.350,-3.629
26155,04/29/26 03:00:53 AM,1.67,3.67,297.6,0.904,71.426,1069.350,-3.677
26156,04/29/26 03:10:53 AM,1.34,3.34,276.6,0.738,72.294,1069.350,-3.676
26157,04/29/26 03:20:53 AM,1.67,3.01,269.6,1.295,70.782,1069.350,-3.421
26158,04/29/26 03:30:53 AM,1.67,3.01,278.0,1.512,69.853,1069.350,-3.389
26159,04/29/26 03:40:53 AM,1.34,2.67,261.1,1.284,70.884,1069.350,-3.413
26160,04/29/26 03:50:53 AM,1.34,2.67,268.1,0.984,72.212,1069.350,-3.453
26161,04/29/26 04:00:53 AM,1.67,2.67,261.1,0.853,72.988,1069.350,-3.437
26162,04/29/26 04:10:53 AM,1.67,2.67,244.3,0.405,74.887,1069.350,-3.527
26163,04/29/26 04:20:53 AM,1.67,3.01,251.3,0.571,74.913,1069.350,-3.362
26164,04/29/26 04:30:53 AM,2.00,3.34,245.7,0.856,74.104,1069.350,-3.231
26165,04/29/26 04:40:53 AM,2.00,2.67,263.9,1.464,71.742,1069.350,-3.078
26166,04/29/26 04:50:53 AM,1.67,3.01,282.2,0.952,73.989,1069.350,-3.159
26167,04/29/26 05:00:53 AM,1.67,2.34,275.2,1.279,72.424,1069.350,-3.130
26168,04/29/26 05:10:53 AM,1.67,2.67,252.7,1.582,71.449,1069.350,-3.019
26169,04/29/26 05:20:53 AM,2.34,3.34,252.7,1.705,71.740,1069.350,-2.846
26170,04/29/26 05:30:53 AM,2.00,3.01,266.7,1.802,71.809,1069.350,-2.740
26171,04/29/26 05:40:53 AM,2.00,3.01,287.8,2.073,70.024,1069.350,-2.817
26172,04/29/26 05:50:53 AM,1.67,2.00,279.4,2.003,69.799,1069.350,-2.928
26173,04/29/26 06:00:53 AM,1.67,2.67,252.7,0.995,73.593,1069.350,-3.189
26174,04/29/26 06:10:53 AM,1.67,2.67,256.9,1.102,73.631,1069.350,-3.079
26175,04/29/26 06:20:53 AM,1.67,3.01,266.7,1.837,70.375,1069.350,-2.977
26176,04/29/26 06:30:53 AM,1.67,2.67,259.7,1.837,70.700,1069.350,-2.915
26177,04/29/26 06:40:53 AM,1.34,2.00,286.4,1.606,72.406,1069.350,-2.817
26178,04/29/26 06:50:53 AM,1.34,3.01,287.8,1.973,71.041,1069.350,-2.720
26179,04/29/26 07:00:53 AM,1.67,3.01,256.9,2.027,71.307,1069.350,-2.617
26180,04/29/26 07:10:53 AM,1.34,2.67,279.4,2.539,69.921,1069.350,-2.389
26181,04/29/26 07:20:53 AM,1.67,3.34,262.5,2.904,69.203,1069.350,-2.178
26182,04/29/26 07:30:53 AM,1.67,3.01,255.5,2.982,69.819,1069.350,-1.983
26183,04/29/26 07:40:53 AM,1.67,3.34,245.7,3.333,69.337,1069.350,-1.740
26184,04/29/26 07:50:53 AM,2.67,4.01,241.5,4.148,66.897,1069.350,-1.446
26185,04/29/26 08:00:53 AM,2.34,4.34,249.9,4.979,65.620,1069.350,-0.915
26186,04/29/26 08:10:53 AM,3.34,4.68,237.3,5.936,61.772,1069.350,-0.832
26187,04/29/26 08:20:53 AM,3.01,4.01,242.9,6.539,59.959,1069.350,-0.669
26188,04/29/26 08:30:53 AM,2.00,3.34,251.3,7.100,59.638,1069.350,-0.214
26189,04/29/26 08:40:53 AM,2.00,3.01,255.5,7.794,57.151,1069.350,-0.147
26190,04/29/26 08:50:53 AM,2.34,3.67,252.7,8.250,56.283,1069.350,0.070
26191,04/29/26 09:00:53 AM,3.34,4.68,310.3,8.352,54.675,1069.350,-0.233
26192,04/29/26 09:10:53 AM,3.01,4.34,321.5,8.558,52.798,1069.350,-0.521
26193,04/29/26 09:20:53 AM,3.01,4.34,313.1,8.451,53.846,1069.350,-0.351
26194,04/29/26 09:30:53 AM,3.01,4.01,290.6,8.587,54.517,1069.350,-0.054
26195,04/29/26 09:40:53 AM,3.01,3.67,282.2,9.226,50.948,1069.350,-0.391
26196,04/29/26 09:50:53 AM,2.34,3.67,306.1,10.067,49.168,1069.350,-0.103
26197,04/29/26 10:00:53 AM,2.67,4.68,308.9,10.510,47.204,1069.350,-0.256
26198,04/29/26 10:10:53 AM,2.67,4.68,318.7,10.239,45.553,1069.350,-0.991
26199,04/29/26 10:20:53 AM,2.67,4.68,304.7,11.848,43.510,1069.350,-0.156
26200,04/29/26 10:30:53 AM,2.34,5.01,311.7,11.491,40.879,1069.350,-1.332
26201,04/29/26 10:40:53 AM,3.01,5.01,313.1,11.129,40.572,1069.350,-1.760
26202,04/29/26 10:50:53 AM,2.67,5.34,310.3,11.529,39.756,1069.350,-1.676
26203,04/29/26 11:00:53 AM,2.67,5.34,314.5,12.137,40.441,1069.350,-0.897
26204,04/29/26 11:10:53 AM,3.01,5.68,325.7,11.590,40.568,1069.350,-1.346
26205,04/29/26 11:20:53 AM,3.67,6.35,324.3,12.491,39.608,1069.350,-0.863
26206,04/29/26 11:30:53 AM,3.67,6.01,336.9,11.866,39.844,1069.350,-1.343
26207,04/29/26 11:40:53 AM,4.01,5.68,328.5,11.762,40.581,1069.350,-1.187
26208,04/29/26 11:50:53 AM,3.67,6.01,325.7,11.960,40.751,1069.350,-0.952
26209,04/29/26 12:00:53 PM,4.34,6.68,336.9,12.362,40.560,1069.350,-0.654
26210,04/29/26 12:10:53 PM,4.01,7.01,338.3,12.791,40.842,1069.350,-0.173
26211,04/29/26 12:20:53 PM,4.01,9.02,314.5,11.638,42.420,1069.350,-0.694
26212,04/29/26 12:30:53 PM,4.34,8.02,314.5,11.129,44.736,1069.350,-0.428
26213,04/29/26 12:40:53 PM,4.01,6.68,272.4,11.697,44.823,1069.350,0.116
26214,04/29/26 12:50:53 PM,3.34,6.35,256.9,12.386,44.335,1069.350,0.592
26215,04/29/26 01:00:53 PM,3.01,7.01,263.9,12.598,44.115,1069.350,0.716
26216,04/29/26 01:10:53 PM,4.01,6.35,286.4,12.853,43.621,1069.350,0.792
26217,04/29/26 01:20:53 PM,3.67,6.01,287.8,12.116,45.487,1069.350,0.701
26218,04/29/26 01:30:53 PM,2.67,6.35,283.6,13.384,43.363,1069.350,1.191
26219,04/29/26 01:40:53 PM,4.01,7.68,290.6,13.236,42.637,1069.350,0.822
26220,04/29/26 01:50:53 PM,4.01,7.01,266.7,13.601,42.123,1069.350,0.984
26221,04/29/26 02:00:53 PM,4.34,7.68,275.2,13.797,41.180,1069.350,0.847
26222,04/29/26 02:10:53 PM,5.01,8.35,276.6,13.896,41.648,1069.350,1.093
26223,04/29/26 02:20:53 PM,4.01,8.02,261.1,14.035,41.097,1069.350,1.033
26224,04/29/26 02:30:53 PM,4.34,8.02,275.2,14.019,41.338,1069.350,1.100
26225,04/29/26 02:40:53 PM,5.68,9.35,259.7,14.486,41.282,1069.350,1.502
26226,04/29/26 02:50:53 PM,4.68,7.68,273.8,14.732,40.539,1069.350,1.470
26227,04/29/26 03:00:53 PM,4.01,6.68,289.2,13.641,41.592,1069.350,0.844
26228,04/29/26 03:10:53 PM,4.34,7.68,293.4,13.215,42.138,1069.350,0.640
26229,04/29/26 03:20:53 PM,4.68,7.01,334.1,12.630,42.524,1069.350,0.237
26230,04/29/26 03:30:53 PM,4.34,8.68,320.1,13.360,41.563,1069.350,0.581
26231,04/29/26 03:40:53 PM,5.34,7.01,311.7,12.539,42.457,1069.350,0.133
26232,04/29/26 03:50:53 PM,3.01,5.34,324.3,12.738,41.700,1069.350,0.065
26233,04/29/26 04:00:53 PM,5.01,9.02,331.3,13.268,41.219,1069.350,0.383
26234,04/29/26 04:10:53 PM,4.01,6.68,325.7,12.193,43.053,1069.350,0.012
26235,04/29/26 04:20:53 PM,3.67,6.01,304.7,12.620,42.541,1069.350,0.234
26236,04/29/26 04:30:53 PM,3.67,6.35,318.7,13.722,40.394,1069.350,0.513
26237,04/29/26 04:40:53 PM,4.34,7.35,307.5,13.520,39.503,1069.350,0.024
26238,04/29/26 04:50:53 PM,3.67,7.01,290.6,13.153,39.974,1069.350,-0.143
26239,04/29/26 05:00:53 PM,4.34,6.01,307.5,12.915,40.795,1069.350,-0.077
26240,04/29/26 05:10:53 PM,4.01,6.35,317.3,12.655,40.600,1069.350,-0.377
26241,04/29/26 05:20:53 PM,4.01,6.35,327.1,12.751,41.221,1069.350,-0.082
26242,04/29/26 05:30:53 PM,4.01,6.01,321.5,13.196,39.785,1069.350,-0.169
26243,04/29/26 05:40:53 PM,4.34,6.35,320.1,13.070,41.163,1069.350,0.186
26244,04/29/26 05:50:53 PM,3.67,6.35,322.9,13.831,39.188,1069.350,0.192
26245,04/29/26 06:00:53 PM,3.67,6.01,329.9,13.309,39.684,1069.350,-0.103
26246,04/29/26 06:10:53 PM,2.34,5.01,307.5,13.244,39.756,1069.350,-0.136
26247,04/29/26 06:20:53 PM,2.34,4.01,293.4,12.255,42.683,1069.350,-0.051
26248,04/29/26 06:30:53 PM,3.01,5.34,313.1,12.188,42.646,1069.350,-0.123
26249,04/29/26 06:40:53 PM,3.01,4.68,320.1,12.191,42.853,1069.350,-0.054
26250,04/29/26 06:50:53 PM,3.01,5.01,321.5,12.153,42.901,1069.350,-0.073
26251,04/29/26 07:00:53 PM,3.34,5.01,329.9,12.070,41.909,1069.350,-0.469
26252,04/29/26 07:10:53 PM,3.01,4.68,320.1,13.338,40.053,1069.350,0.051
26253,04/29/26 07:20:53 PM,3.34,5.68,327.1,13.504,39.199,1069.350,-0.097
26254,04/29/26 07:30:53 PM,3.01,4.68,313.1,13.226,40.296,1069.350,0.033
26255,04/29/26 07:40:53 PM,2.67,4.34,306.1,13.003,42.298,1069.350,0.501
26256,04/29/26 07:50:53 PM,3.01,4.68,306.1,12.344,43.905,1069.350,0.419
26257,04/29/26 08:00:53 PM,3.01,4.34,301.8,11.472,46.180,1069.350,0.322
26258,04/29/26 08:10:53 PM,3.01,4.01,308.9,10.684,48.185,1069.350,0.187
26259,04/29/26 08:20:53 PM,3.34,4.68,310.3,9.845,49.689,1069.350,-0.163
26260,04/29/26 08:30:53 PM,3.67,4.68,311.7,9.183,50.573,1069.350,-0.532
26261,04/29/26 08:40:53 PM,3.34,4.68,318.7,8.652,51.934,1069.350,-0.660
26262,04/29/26 08:50:53 PM,2.67,3.67,327.1,8.335,52.808,1069.350,-0.726
26263,04/29/26 09:00:53 PM,2.67,4.01,329.9,7.697,55.102,1069.350,-0.738
26264,04/29/26 09:10:53 PM,2.34,3.67,336.9,6.815,57.641,1069.350,-0.948
26265,04/29/26 09:20:53 PM,1.67,2.67,311.7,5.748,60.624,1069.350,-1.265
26266,04/29/26 09:30:53 PM,2.34,3.01,240.1,4.657,64.198,1069.350,-1.520
26267,04/29/26 09:40:53 PM,2.00,2.67,276.6,4.223,65.354,1069.350,-1.691
26268,04/29/26 09:50:53 PM,2.00,2.34,283.6,3.815,66.638,1069.350,-1.817
26269,04/29/26 10:00:53 PM,2.00,2.67,286.4,4.086,65.765,1069.350,-1.737
26270,04/29/26 10:10:53 PM,1.67,2.00,297.6,4.212,65.422,1069.350,-1.688
26271,04/29/26 10:20:53 PM,1.67,3.01,301.8,4.620,63.485,1069.350,-1.707
26272,04/29/26 10:30:53 PM,1.34,2.00,262.5,4.499,63.610,1069.350,-1.795
26273,04/29/26 10:40:53 PM,1.00,2.34,209.2,2.893,70.129,1069.350,-2.009
26274,04/29/26 10:50:53 PM,0.33,1.00,245.7,2.968,70.500,1069.350,-1.865
26275,04/29/26 11:00:53 PM,0.33,1.00,261.1,3.250,69.702,1069.350,-1.749
26276,04/29/26 11:10:53 PM,0.67,1.00,286.4,3.700,67.771,1069.350,-1.698
26277,04/29/26 11:20:53 PM,1.00,2.00,263.9,3.461,68.190,1069.350,-1.843
26278,04/29/26 11:30:53 PM,1.34,2.00,293.4,2.445,72.940,1069.350,-1.908
26279,04/29/26 11:40:53 PM,1.34,1.67,294.8,3.915,68.876,1069.350,-1.272
26280,04/29/26 11:50:53 PM,1.00,1.67,278.0,4.518,67.393,1069.350,-0.991
26281,04/30/26 12:00:53 AM,1.00,1.34,278.0,4.242,69.624,1069.350,-0.811
26282,04/30/26 12:10:53 AM,0.67,1.34,300.4,4.654,68.276,1069.350,-0.683
26283,04/30/26 12:20:53 AM,0.33,0.67,301.8,5.252,66.351,1069.350,-0.503
26284,04/30/26 12:30:53 AM,0.00,0.00,301.8,4.751,69.044,1069.350,-0.437
26285,04/30/26 12:40:53 AM,0.33,1.00,301.8,3.912,73.565,1069.350,-0.375
26286,04/30/26 12:50:53 AM,0.00,0.00,301.8,3.247,77.269,1069.350,-0.345
26287,04/30/26 01:00:53 AM,0.67,1.67,314.5,3.601,74.853,1069.350,-0.438
26288,04/30/26 01:10:53 AM,0.67,1.34,29.5,3.973,72.488,1069.350,-0.518
26289,04/30/26 01:20:53 AM,1.00,1.67,87.0,3.124,77.107,1069.350,-0.494
26290,04/30/26 01:30:53 AM,1.00,1.67,61.8,2.250,80.876,1069.350,-0.692
26291,04/30/26 01:40:53 AM,1.67,2.34,36.5,2.847,75.683,1069.350,-1.018
26292,04/30/26 01:50:53 AM,1.67,2.00,21.1,3.365,72.143,1069.350,-1.170
26293,04/30/26 02:00:53 AM,0.67,1.67,43.5,3.333,72.284,1069.350,-1.174
26294,04/30/26 02:10:53 AM,1.34,2.67,60.4,3.432,72.142,1069.350,-1.105
26295,04/30/26 02:20:53 AM,1.34,3.01,96.9,2.947,73.495,1069.350,-1.321
26296,04/30/26 02:30:53 AM,1.67,3.01,228.8,0.826,80.877,1069.350,-2.083
26297,04/30/26 02:40:53 AM,1.00,1.67,280.8,1.467,80.800,1069.350,-1.470
26298,04/30/26 02:50:53 AM,0.00,1.34,351.0,3.032,75.062,1069.350,-0.951
26299,04/30/26 03:00:53 AM,0.00,0.33,349.6,3.354,73.552,1069.350,-0.917
26300,04/30/26 03:10:53 AM,1.00,1.67,287.8,1.558,78.648,1069.350,-1.748
26301,04/30/26 03:20:53 AM,1.34,1.67,276.6,1.882,78.495,1069.350,-1.458
26302,04/30/26 03:30:53 AM,1.34,2.00,275.2,1.965,78.459,1069.350,-1.384
26303,04/30/26 03:40:53 AM,0.67,1.34,289.2,2.743,76.136,1069.350,-1.037
26304,04/30/26 03:50:53 AM,0.00,0.00,289.2,2.928,75.268,1069.350,-1.014
26305,04/30/26 04:00:53 AM,0.00,0.00,289.2,2.872,75.538,1069.350,-1.019
26306,04/30/26 04:10:53 AM,0.00,0.00,289.2,3.142,74.516,1069.350,-0.944
26307,04/30/26 04:20:53 AM,0.33,1.67,289.2,2.700,75.601,1069.350,-1.175
26308,04/30/26 04:30:53 AM,1.67,2.00,282.2,0.831,81.917,1069.350,-1.905
26309,04/30/26 04:40:53 AM,1.00,1.67,280.8,1.239,81.839,1069.350,-1.519
26310,04/30/26 04:50:53 AM,1.00,1.34,282.2,1.864,79.707,1069.350,-1.267
26311,04/30/26 05:00:53 AM,1.00,1.34,282.2,1.713,80.111,1069.350,-1.346
26312,04/30/26 05:10:53 AM,0.67,1.00,282.2,2.041,79.893,1069.350,-1.063
26313,04/30/26 05:20:53 AM,0.33,1.00,282.2,2.424,78.341,1069.350,-0.957
26314,04/30/26 05:30:53 AM,0.33,0.67,282.2,2.649,77.546,1069.350,-0.878
26315,04/30/26 05:40:53 AM,0.00,0.00,282.2,3.008,76.645,1069.350,-0.689
26316,04/30/26 05:50:53 AM,0.00,0.00,301.8,2.719,76.898,1069.350,-0.924
26317,04/30/26 06:00:53 AM,1.34,2.00,271.0,0.266,82.301,1069.350,-2.395
26318,04/30/26 06:10:53 AM,1.34,1.67,280.8,-0.287,86.345,1069.350,-2.291
26319,04/30/26 06:20:53 AM,1.00,1.34,308.9,0.416,83.740,1069.350,-2.014
26320,04/30/26 06:30:53 AM,1.00,1.34,325.7,0.140,84.399,1069.350,-2.179
26321,04/30/26 06:40:53 AM,1.00,1.34,308.9,-0.222,85.901,1069.350,-2.297
26322,04/30/26 06:50:53 AM,0.67,1.00,308.9,0.209,85.232,1069.350,-1.979
26323,04/30/26 07:00:53 AM,1.00,1.00,308.9,0.319,84.845,1069.350,-1.932
26324,04/30/26 07:10:53 AM,1.00,1.34,308.9,0.630,84.114,1069.350,-1.744
26325,04/30/26 07:20:53 AM,0.67,1.34,308.9,1.166,84.320,1069.350,-1.184
26326,04/30/26 07:30:53 AM,1.00,1.67,286.4,1.831,83.973,1069.350,-0.588
26327,04/30/26 07:40:53 AM,1.00,2.00,262.5,3.585,79.261,1069.350,0.334
26328,04/30/26 07:50:53 AM,0.67,1.34,254.1,4.309,76.492,1069.350,0.547
26329,04/30/26 08:00:53 AM,0.00,0.00,254.1,4.896,73.378,1069.350,0.541
26330,04/30/26 08:10:53 AM,0.00,0.00,276.6,6.177,70.156,1069.350,1.152
26331,04/30/26 08:20:53 AM,0.33,1.34,351.0,6.732,67.103,1069.350,1.066
26332,04/30/26 08:30:53 AM,0.33,1.34,82.8,7.944,64.085,1069.350,1.580
26333,04/30/26 08:40:53 AM,0.67,1.67,127.8,8.199,63.536,1069.350,1.703
26334,04/30/26 08:50:53 AM,0.67,2.00,84.2,7.756,64.370,1069.350,1.464
26335,04/30/26 09:00:53 AM,1.00,2.00,105.3,7.558,65.840,1069.350,1.590
26336,04/30/26 09:10:53 AM,1.00,2.00,103.9,8.735,59.860,1069.350,1.379
26337,04/30/26 09:20:53 AM,1.00,2.34,92.7,8.654,59.600,1069.350,1.242
26338,04/30/26 09:30:53 AM,0.67,1.67,96.9,8.236,61.781,1069.350,1.347
26339,04/30/26 09:40:53 AM,1.00,2.34,109.5,9.890,58.265,1069.350,2.088
26340,04/30/26 09:50:53 AM,1.67,3.34,119.3,10.732,54.037,1069.350,1.822
26341,04/30/26 10:00:53 AM,1.67,3.34,89.9,12.030,51.406,1069.350,2.327
26342,04/30/26 10:10:53 AM,1.67,3.67,91.3,11.561,49.776,1069.350,1.444
26343,04/30/26 10:20:53 AM,2.00,5.01,54.8,12.223,49.064,1069.350,1.852
26344,04/30/26 10:30:53 AM,2.67,5.01,78.6,12.226,49.233,1069.350,1.903
26345,04/30/26 10:40:53 AM,2.34,4.68,57.6,12.459,48.128,1069.350,1.800
26346,04/30/26 10:50:53 AM,2.00,5.01,103.9,12.609,47.781,1069.350,1.837
26347,04/30/26 11:00:53 AM,2.34,4.68,130.6,13.041,47.054,1069.350,2.018
26348,04/30/26 11:10:53 AM,2.34,5.34,73.0,12.984,48.415,1069.350,2.365
26349,04/30/26 11:20:53 AM,2.00,4.01,109.5,13.100,47.897,1069.350,2.321
26350,04/30/26 11:30:53 AM,1.00,3.67,89.9,12.555,47.987,1069.350,1.847
26351,04/30/26 11:40:53 AM,2.00,5.34,99.7,13.727,47.625,1069.350,2.816
26352,04/30/26 11:50:53 AM,2.67,5.34,115.1,13.746,45.472,1069.350,2.183
26353,04/30/26 12:00:53 PM,1.67,4.01,98.3,13.008,46.412,1069.350,1.796
26354,04/30/26 12:10:53 PM,1.34,4.34,115.1,12.588,47.015,1069.350,1.592
26355,04/30/26 12:20:53 PM,2.00,3.67,164.3,12.464,47.173,1069.350,1.525
26356,04/30/26 12:30:53 PM,2.34,4.34,148.8,13.092,46.619,1069.350,1.935
26357,04/30/26 12:40:53 PM,2.34,4.01,106.7,13.394,44.097,1069.350,1.433
26358,04/30/26 12:50:53 PM,1.67,3.34,172.7,12.435,45.512,1069.350,1.000
26359,04/30/26 01:00:53 PM,1.34,2.67,165.7,12.244,46.244,1069.350,1.047
26360,04/30/26 01:10:53 PM,1.67,3.01,150.2,12.394,45.637,1069.350,1.000
26361,04/30/26 01:20:53 PM,1.00,2.34,61.8,12.732,46.207,1069.350,1.482
26362,04/30/26 01:30:53 PM,2.00,4.01,124.9,12.673,45.426,1069.350,1.191
26363,04/30/26 01:40:53 PM,2.34,5.01,74.4,12.890,45.544,1069.350,1.424
26364,04/30/26 01:50:53 PM,2.67,4.68,130.6,13.033,45.631,1069.350,1.582
26365,04/30/26 02:00:53 PM,3.01,4.34,151.6,13.915,45.283,1069.350,2.278
26366,04/30/26 02:10:53 PM,2.67,5.34,154.4,13.322,46.633,1069.350,2.149
26367,04/30/26 02:20:53 PM,3.34,5.68,120.7,13.499,46.001,1069.350,2.120
26368,04/30/26 02:30:53 PM,2.34,5.01,132.0,13.617,46.113,1069.350,2.261
26369,04/30/26 02:40:53 PM,3.01,5.68,150.2,14.389,44.613,1069.350,2.500
26370,04/30/26 02:50:53 PM,2.34,5.68,153.0,14.569,43.200,1069.350,2.212
26371,04/30/26 03:00:53 PM,1.34,5.34,117.9,14.901,40.507,1069.350,1.611
26372,04/30/26 03:10:53 PM,1.67,5.01,193.7,14.569,41.619,1069.350,1.690
26373,04/30/26 03:20:53 PM,3.01,4.68,282.2,13.499,45.019,1069.350,1.818
26374,04/30/26 03:30:53 PM,4.34,7.01,306.1,12.357,50.410,1069.350,2.355
26375,04/30/26 03:40:53 PM,4.34,7.68,334.1,10.893,57.557,1069.350,2.858
26376,04/30/26 03:50:53 PM,2.67,5.34,294.8,12.271,53.582,1069.350,3.135
26377,04/30/26 04:00:53 PM,2.67,5.34,276.6,14.443,45.052,1069.350,2.687
26378,04/30/26 04:10:53 PM,2.34,4.34,261.1,15.287,42.728,1069.350,2.707
26379,04/30/26 04:20:53 PM,2.00,4.68,220.4,15.210,41.260,1069.350,2.147
26380,04/30/26 04:30:53 PM,2.67,7.01,251.3,15.601,41.860,1069.350,2.702
26381,04/30/26 04:40:53 PM,3.67,6.01,256.9,15.470,42.054,1069.350,2.649
26382,04/30/26 04:50:53 PM,3.01,5.01,294.8,15.279,42.010,1069.350,2.462
26383,04/30/26 05:00:53 PM,2.00,4.34,256.9,15.033,41.515,1069.350,2.074
26384,04/30/26 05:10:53 PM,1.34,3.34,256.9,15.373,39.619,1069.350,1.726
26385,04/30/26 05:20:53 PM,2.34,4.68,240.1,15.764,40.117,1069.350,2.251
26386,04/30/26 05:30:53 PM,2.34,4.34,262.5,15.837,40.040,1069.350,2.290
26387,04/30/26 05:40:53 PM,1.67,3.67,230.2,16.008,38.698,1069.350,1.965
26388,04/30/26 05:50:53 PM,2.34,4.01,235.9,15.947,38.337,1069.350,1.780
26389,04/30/26 06:00:53 PM,1.67,3.34,235.9,16.062,37.966,1069.350,1.746
26390,04/30/26 06:10:53 PM,1.67,3.67,272.4,15.890,39.023,1069.350,1.977
26391,04/30/26 06:20:53 PM,3.01,5.01,296.2,14.968,41.141,1069.350,1.889
26392,04/30/26 06:30:53 PM,2.34,4.68,258.3,15.947,39.158,1069.350,2.076
26393,04/30/26 06:40:53 PM,2.67,6.35,240.1,14.936,40.883,1069.350,1.772
26394,04/30/26 06:50:53 PM,3.34,5.34,248.5,14.805,41.950,1069.350,2.014
26395,04/30/26 07:00:53 PM,3.34,5.68,255.5,15.952,40.826,1069.350,2.666
26396,04/30/26 07:10:53 PM,3.67,5.34,269.6,15.539,41.340,1069.350,2.470
26397,04/30/26 07:20:53 PM,3.34,5.01,268.1,15.354,41.381,1069.350,2.318
26398,04/30/26 07:30:53 PM,2.00,5.01,280.8,15.494,40.639,1069.350,2.190
26399,04/30/26 07:40:53 PM,4.01,7.01,91.3,13.585,46.723,1069.350,2.417
26400,04/30/26 07:50:53 PM,4.68,9.68,129.2,12.234,48.978,1069.350,1.838
26401,04/30/26 08:00:53 PM,4.34,7.01,139.0,11.046,54.017,1069.350,2.109
26402,04/30/26 08:10:53 PM,4.68,10.69,78.6,11.858,50.565,1069.350,1.937
26403,04/30/26 08:20:53 PM,4.68,12.69,75.8,10.520,57.151,1069.350,2.409
26404,04/30/26 08:30:53 PM,1.67,3.67,51.9,9.781,61.981,1069.350,2.854
26405,04/30/26 08:40:53 PM,1.67,2.34,331.3,9.510,64.921,1069.350,3.252
26406,04/30/26 08:50:53 PM,0.67,2.00,355.2,8.826,73.973,1069.350,4.451
26407,04/30/26 09:00:53 PM,0.33,1.00,124.9,8.341,75.431,1069.350,4.260
26408,04/30/26 09:10:53 PM,1.00,1.67,214.8,8.730,67.291,1069.350,3.014
26409,04/30/26 09:20:53 PM,2.67,4.34,241.5,8.132,73.718,1069.350,3.731
26410,04/30/26 09:30:53 PM,2.34,3.34,258.3,7.231,76.881,1069.350,3.455
26411,04/30/26 09:40:53 PM,2.00,3.01,271.0,6.711,79.414,1069.350,3.408
26412,04/30/26 09:50:53 PM,2.34,3.34,266.7,6.217,81.004,1069.350,3.206
26413,04/30/26 10:00:53 PM,1.67,2.34,276.6,5.558,83.287,1069.350,2.954
26414,04/30/26 10:10:53 PM,1.67,2.67,285.0,4.984,84.376,1069.350,2.574
26415,04/30/26 10:20:53 PM,2.34,4.34,301.8,4.657,85.054,1069.350,2.365
26416,04/30/26 10:30:53 PM,2.67,4.68,311.7,4.877,83.447,1069.350,2.313
26417,04/30/26 10:40:53 PM,3.01,3.67,327.1,4.813,81.488,1069.350,1.918
26418,04/30/26 10:50:53 PM,2.00,3.67,317.3,4.330,82.927,1069.350,1.690
26419,04/30/26 11:00:53 PM,2.00,3.01,248.5,3.880,85.731,1069.350,1.712
26420,04/30/26 11:10:53 PM,1.67,3.34,283.6,3.542,87.536,1069.350,1.670
26421,04/30/26 11:20:53 PM,1.34,2.67,248.5,3.247,88.699,1069.350,1.563
26422,04/30/26 11:30:53 PM,1.00,2.34,276.6,2.968,89.235,1069.350,1.371
26423,04/30/26 11:40:53 PM,1.34,3.01,247.1,2.845,90.585,1069.350,1.459
26424,04/30/26 11:50:53 PM,1.67,2.67,293.4,3.183,89.795,1069.350,1.671
26425,05/01/26 12:00:53 AM,1.00,2.34,292.0,3.016,90.176,1069.350,1.565
26426,05/01/26 12:10:53 AM,1.34,3.01,294.8,2.207,91.711,1069.350,0.999
26427,05/01/26 12:20:53 AM,2.00,3.34,283.6,2.373,91.215,1069.350,1.088
26428,05/01/26 12:30:53 AM,0.67,2.34,263.9,2.175,91.548,1069.350,0.942
26429,05/01/26 12:40:53 AM,0.33,1.67,272.4,2.169,92.250,1069.350,1.042
26430,05/01/26 12:50:53 AM,0.00,1.00,273.8,2.416,91.595,1069.350,1.188
26431,05/01/26 01:00:53 AM,0.67,1.67,338.3,2.089,90.515,1069.350,0.700
26432,05/01/26 01:10:53 AM,0.33,1.34,11.2,1.869,91.023,1069.350,0.559
26433,05/01/26 01:20:53 AM,1.00,1.34,307.5,1.802,90.616,1069.350,0.431
26434,05/01/26 01:30:53 AM,1.00,1.67,304.7,1.193,92.189,1069.350,0.065
26435,05/01/26 01:40:53 AM,1.34,2.34,324.3,0.748,93.194,1069.350,-0.228
26436,05/01/26 01:50:53 AM,1.67,2.34,289.2,0.545,94.319,1069.350,-0.265
26437,05/01/26 02:00:53 AM,2.00,2.67,293.4,0.620,94.220,1069.350,-0.205
26438,05/01/26 02:10:53 AM,1.67,3.01,320.1,0.432,93.794,1069.350,-0.454
26439,05/01/26 02:20:53 AM,1.34,1.67,331.3,0.046,93.985,1069.350,-0.810
26440,05/01/26 02:30:53 AM,1.34,2.00,329.9,0.574,92.676,1069.350,-0.477
26441,05/01/26 02:40:53 AM,1.34,2.00,322.9,0.882,91.759,1069.350,-0.308
26442,05/01/26 02:50:53 AM,0.00,0.67,290.6,0.191,93.581,1069.350,-0.725
26443,05/01/26 03:00:53 AM,0.00,0.00,269.6,-0.067,94.917,1069.350,-0.788
26444,05/01/26 03:10:53 AM,1.00,1.34,290.6,-0.303,95.865,1069.350,-0.887
26445,05/01/26 03:20:53 AM,1.00,1.67,313.1,-0.134,94.385,1069.350,-0.931
26446,05/01/26 03:30:53 AM,1.34,1.67,325.7,-0.040,93.053,1069.350,-1.032
26447,05/01/26 03:40:53 AM,1.34,2.00,320.1,-0.150,92.708,1069.350,-1.191
26448,05/01/26 03:50:53 AM,1.34,2.00,320.1,-0.455,93.492,1069.350,-1.380
26449,05/01/26 04:00:53 AM,1.34,2.34,320.1,-0.498,93.292,1069.350,-1.452
26450,05/01/26 04:10:53 AM,1.34,2.34,306.1,-0.673,94.298,1069.350,-1.480
26451,05/01/26 04:20:53 AM,1.00,1.67,297.6,-0.397,94.160,1069.350,-1.225
26452,05/01/26 04:30:53 AM,1.34,1.67,292.0,-0.313,93.501,1069.350,-1.237
26453,05/01/26 04:40:53 AM,1.34,2.34,306.1,-0.362,93.278,1069.350,-1.319
26454,05/01/26 04:50:53 AM,1.34,2.34,296.2,-0.300,92.776,1069.350,-1.330
26455,05/01/26 05:00:53 AM,1.34,2.67,269.6,-0.142,92.300,1069.350,-1.244
26456,05/01/26 05:10:53 AM,1.34,1.67,282.2,-1.072,93.243,1069.350,-2.029
26457,05/01/26 05:20:53 AM,1.00,1.67,286.4,-1.142,94.469,1069.350,-1.922
26458,05/01/26 05:30:53 AM,1.67,2.67,287.8,-0.879,94.179,1069.350,-1.702
26459,05/01/26 05:40:53 AM,2.00,2.67,297.6,-0.590,92.520,1069.350,-1.656
26460,05/01/26 05:50:53 AM,1.34,3.01,271.0,-0.429,91.189,1069.350,-1.693
26461,05/01/26 06:00:53 AM,1.67,2.67,273.8,-1.378,93.208,1069.350,-2.338
26462,05/01/26 06:10:53 AM,1.34,3.01,280.8,-0.171,90.172,1069.350,-1.590
26463,05/01/26 06:20:53 AM,2.00,3.34,273.8,-0.083,89.264,1069.350,-1.640
26464,05/01/26 06:30:53 AM,1.67,3.01,282.2,-0.056,88.870,1069.350,-1.673
26465,05/01/26 06:40:53 AM,1.67,3.34,287.8,0.287,87.065,1069.350,-1.613
26466,05/01/26 06:50:53 AM,1.00,2.67,275.2,0.665,85.353,1069.350,-1.511
26467,05/01/26 07:00:53 AM,1.00,2.00,283.6,1.260,82.635,1069.350,-1.367
26468,05/01/26 07:10:53 AM,2.34,3.34,292.0,1.531,81.570,1069.350,-1.278
26469,05/01/26 07:20:53 AM,1.67,3.01,303.2,1.856,81.445,1069.350,-0.981
26470,05/01/26 07:30:53 AM,1.34,2.67,296.2,2.346,80.917,1069.350,-0.591
26471,05/01/26 07:40:53 AM,1.67,3.01,280.8,3.027,79.942,1069.350,-0.092
26472,05/01/26 07:50:53 AM,1.34,2.67,287.8,3.802,78.590,1069.350,0.428
26473,05/01/26 08:00:53 AM,1.67,2.67,296.2,4.373,77.855,1069.350,0.854
26474,05/01/26 08:10:53 AM,1.34,2.67,303.2,5.303,75.923,1069.350,1.408
26475,05/01/26 08:20:53 AM,0.00,1.00,285.0,6.453,76.541,1069.350,2.637
26476,05/01/26 08:30:53 AM,0.67,1.67,126.4,6.357,78.743,1069.350,2.943
26477,05/01/26 08:40:53 AM,0.00,0.00,130.6,7.392,74.626,1069.350,3.189
26478,05/01/26 08:50:53 AM,0.00,0.00,147.4,8.402,71.849,1069.350,3.627
26479,05/01/26 09:00:53 AM,0.33,1.00,266.7,9.360,68.631,1069.350,3.896
26480,05/01/26 09:10:53 AM,0.33,1.34,256.9,10.764,63.178,1069.350,4.056
26481,05/01/26 09:20:53 AM,1.00,1.67,265.3,11.357,53.674,1069.350,2.309
26482,05/01/26 09:30:53 AM,0.67,1.67,297.6,12.067,46.583,1069.350,0.987
26483,05/01/26 09:40:53 AM,0.33,1.34,344.0,12.805,42.034,1069.350,0.236
26484,05/01/26 09:50:53 AM,0.67,2.34,21.1,13.397,40.410,1069.350,0.226
26485,05/01/26 10:00:53 AM,1.00,2.00,109.5,13.593,39.161,1069.350,-0.031
26486,05/01/26 10:10:53 AM,1.00,2.00,160.0,13.542,40.282,1069.350,0.313
26487,05/01/26 10:20:53 AM,1.34,2.34,92.7,14.199,39.878,1069.350,0.763
26488,05/01/26 10:30:53 AM,1.00,3.01,130.6,14.172,40.558,1069.350,0.973
26489,05/01/26 10:40:53 AM,1.67,3.01,116.5,14.327,41.405,1069.350,1.400
26490,05/01/26 10:50:53 AM,2.00,3.34,94.1,14.507,39.414,1069.350,0.877
26491,05/01/26 11:00:53 AM,1.67,4.68,87.0,14.821,39.561,1069.350,1.210
26492,05/01/26 11:10:53 AM,2.34,3.67,115.1,14.866,37.075,1069.350,0.351
26493,05/01/26 11:20:53 AM,2.00,4.01,175.5,14.931,36.219,1069.350,0.087
26494,05/01/26 11:30:53 AM,2.67,4.68,153.0,14.963,36.701,1069.350,0.298
26495,05/01/26 11:40:53 AM,2.34,4.68,106.7,15.333,35.937,1069.350,0.336
26496,05/01/26 11:50:53 AM,2.00,4.34,82.8,15.260,34.531,1069.350,-0.278
26497,05/01/26 12:00:53 PM,2.00,4.34,78.6,15.770,34.157,1069.350,0.022
26498,05/01/26 12:10:53 PM,2.00,4.68,134.8,15.958,35.679,1069.350,0.790
26499,05/01/26 12:20:53 PM,2.00,5.34,127.8,15.915,35.711,1069.350,0.764
26500,05/01/26 12:30:53 PM,3.34,5.68,123.5,15.740,36.741,1069.350,1.003
26501,05/01/26 12:40:53 PM,3.01,5.34,109.5,16.459,36.510,1069.350,1.554
26502,05/01/26 12:50:53 PM,2.67,5.34,154.4,15.877,35.178,1069.350,0.522
26503,05/01/26 01:00:53 PM,2.00,3.67,68.8,15.971,33.727,1069.350,0.024
26504,05/01/26 01:10:53 PM,2.00,4.68,101.1,16.341,35.016,1069.350,0.868
26505,05/01/26 01:20:53 PM,1.67,4.01,127.8,16.518,35.567,1069.350,1.242
26506,05/01/26 01:30:53 PM,2.00,4.01,169.9,16.582,34.917,1069.350,1.042
26507,05/01/26 01:40:53 PM,2.00,3.67,133.4,17.027,34.536,1069.350,1.282
26508,05/01/26 01:50:53 PM,3.01,5.01,73.0,16.923,33.715,1069.350,0.856
26509,05/01/26 02:00:53 PM,3.01,8.02,129.2,17.126,34.244,1069.350,1.251
26510,05/01/26 02:10:53 PM,2.34,4.34,202.2,16.882,34.559,1069.350,1.163
26511,05/01/26 02:20:53 PM,2.34,4.34,150.2,17.070,33.423,1069.350,0.865
26512,05/01/26 02:30:53 PM,2.34,5.34,127.8,17.346,33.693,1069.350,1.219
26513,05/01/26 02:40:53 PM,2.00,4.01,117.9,17.183,31.717,1069.350,0.239
26514,05/01/26 02:50:53 PM,1.67,4.34,188.1,17.992,32.157,1069.350,1.136
26515,05/01/26 03:00:53 PM,1.34,3.01,237.3,17.807,32.493,1069.350,1.119
26516,05/01/26 03:10:53 PM,1.67,4.34,226.0,17.872,32.534,1069.350,1.194
26517,05/01/26 03:20:53 PM,1.34,3.34,195.1,18.234,31.615,1069.350,1.112
26518,05/01/26 03:30:53 PM,1.67,4.34,150.2,18.445,32.877,1069.350,1.841
26519,05/01/26 03:40:53 PM,1.67,4.34,110.9,18.689,32.168,1069.350,1.750
26520,05/01/26 03:50:53 PM,2.34,4.68,203.6,17.620,31.841,1069.350,0.675
26521,05/01/26 04:00:53 PM,2.34,4.34,101.1,18.620,31.646,1069.350,1.462
26522,05/01/26 04:10:53 PM,1.34,3.34,119.3,18.668,30.517,1069.350,0.998
26523,05/01/26 04:20:53 PM,2.00,5.01,167.1,18.303,29.248,1069.350,0.095
26524,05/01/26 04:30:53 PM,1.67,4.01,174.1,18.105,29.734,1069.350,0.151
26525,05/01/26 04:40:53 PM,1.00,3.01,161.5,18.475,28.774,1069.350,0.018
26526,05/01/26 04:50:53 PM,1.67,3.01,120.7,18.657,29.694,1069.350,0.610
26527,05/01/26 05:00:53 PM,1.34,3.67,122.1,19.161,29.917,1069.350,1.150
26528,05/01/26 05:10:53 PM,2.34,4.34,139.0,18.421,29.866,1069.350,0.485
26529,05/01/26 05:20:53 PM,1.00,2.67,122.1,19.086,28.754,1069.350,0.536
26530,05/01/26 05:30:53 PM,1.34,2.67,151.6,18.826,28.730,1069.350,0.300
26531,05/01/26 05:40:53 PM,0.67,3.01,178.3,19.075,28.005,1069.350,0.162
26532,05/01/26 05:50:53 PM,2.00,3.34,181.1,18.555,29.192,1069.350,0.286
26533,05/01/26 06:00:53 PM,1.67,3.01,164.3,18.826,29.189,1069.350,0.519
26534,05/01/26 06:10:53 PM,1.00,3.01,144.6,18.794,28.673,1069.350,0.245
26535,05/01/26 06:20:53 PM,0.67,2.00,310.3,18.998,28.339,1069.350,0.259
26536,05/01/26 06:30:53 PM,0.33,2.00,164.3,19.612,27.689,1069.350,0.466
26537,05/01/26 06:40:53 PM,0.67,2.34,124.9,19.588,29.029,1069.350,1.100
26538,05/01/26 06:50:53 PM,2.00,3.34,139.0,18.448,29.371,1069.350,0.278
26539,05/01/26 07:00:53 PM,1.67,3.01,133.4,18.496,30.217,1069.350,0.712
26540,05/01/26 07:10:53 PM,1.00,2.00,148.8,18.571,29.178,1069.350,0.293
26541,05/01/26 07:20:53 PM,1.00,2.34,136.2,18.499,30.243,1069.350,0.727
26542,05/01/26 07:30:53 PM,1.67,3.01,174.1,17.486,33.413,1069.350,1.226
26543,05/01/26 07:40:53 PM,1.67,3.01,179.7,17.046,33.750,1069.350,0.979
26544,05/01/26 07:50:53 PM,2.00,3.01,188.1,15.912,36.220,1069.350,0.958
26545,05/01/26 08:00:53 PM,1.67,2.67,200.8,14.620,38.660,1069.350,0.711
26546,05/01/26 08:10:53 PM,1.67,2.34,221.8,13.877,40.391,1069.350,0.651
26547,05/01/26 08:20:53 PM,1.67,2.34,273.8,13.027,43.413,1069.350,0.883
26548,05/01/26 08:30:53 PM,1.34,2.00,279.4,12.175,44.453,1069.350,0.437
26549,05/01/26 08:40:53 PM,1.34,2.00,279.4,11.585,44.723,1069.350,-0.016
26550,05/01/26 08:50:53 PM,1.00,1.67,285.0,10.987,45.435,1069.350,-0.344
26551,05/01/26 09:00:53 PM,1.34,2.00,290.6,10.325,47.297,1069.350,-0.399
26552,05/01/26 09:10:53 PM,1.67,2.00,289.2,8.475,53.437,1069.350,-0.433
26553,05/01/26 09:20:53 PM,1.67,2.00,290.6,8.898,50.159,1069.350,-0.908
26554,05/01/26 09:30:53 PM,1.67,2.34,286.4,8.601,50.825,1069.350,-1.002
26555,05/01/26 09:40:53 PM,2.00,2.34,289.2,7.663,53.475,1069.350,-1.179
26556,05/01/26 09:50:53 PM,1.67,2.00,297.6,7.528,54.073,1069.350,-1.153
26557,05/01/26 10:00:53 PM,1.00,1.67,304.7,7.654,53.909,1069.350,-1.077
26558,05/01/26 10:10:53 PM,0.33,1.00,304.7,7.553,53.710,1069.350,-1.222
26559,05/01/26 10:20:53 PM,1.34,1.67,304.7,7.231,54.182,1069.350,-1.403
26560,05/01/26 10:30:53 PM,1.34,2.00,306.1,6.679,56.570,1069.350,-1.332
26561,05/01/26 10:40:53 PM,1.00,2.00,308.9,6.349,58.132,1069.350,-1.271
26562,05/01/26 10:50:53 PM,0.33,1.00,308.9,6.046,59.715,1069.350,-1.190
26563,05/01/26 11:00:53 PM,0.00,1.00,308.9,5.520,61.201,1069.350,-1.352
26564,05/01/26 11:10:53 PM,1.00,2.00,287.8,4.877,64.071,1069.350,-1.338
26565,05/01/26 11:20:53 PM,1.67,2.67,304.7,4.960,65.338,1069.350,-0.992
26566,05/01/26 11:30:53 PM,0.33,1.34,289.2,5.424,63.836,1069.350,-0.868
26567,05/01/26 11:40:53 PM,0.00,0.67,285.0,4.622,66.528,1069.350,-1.068
26568,05/01/26 11:50:53 PM,0.67,1.00,299.0,4.255,66.676,1069.350,-1.389
26569,05/02/26 12:00:53 AM,0.33,1.00,303.2,4.319,66.319,1069.350,-1.401
26570,05/02/26 12:10:53 AM,0.33,1.34,299.0,3.837,67.311,1069.350,-1.659
26571,05/02/26 12:20:53 AM,0.33,1.00,332.7,2.534,70.768,1069.350,-2.231
26572,05/02/26 12:30:53 AM,0.67,1.34,317.3,2.818,69.273,1069.350,-2.247
26573,05/02/26 12:40:53 AM,1.34,1.67,306.1,2.547,70.042,1069.350,-2.358
26574,05/02/26 12:50:53 AM,1.34,1.67,308.9,2.258,70.327,1069.350,-2.581
26575,05/02/26 01:00:53 AM,1.00,1.67,313.1,2.099,70.788,1069.350,-2.646
26576,05/02/26 01:10:53 AM,1.67,2.67,282.2,2.397,71.461,1069.350,-2.232
26577,05/02/26 01:20:53 AM,2.00,2.67,280.8,1.912,73.660,1069.350,-2.291
26578,05/02/26 01:30:53 AM,1.00,2.00,306.1,1.973,72.447,1069.350,-2.456
26579,05/02/26 01:40:53 AM,0.00,0.00,307.5,1.518,73.350,1069.350,-2.728
26580,05/02/26 01:50:53 AM,0.00,0.00,307.5,1.108,74.832,1069.350,-2.856
26581,05/02/26 02:00:53 AM,1.00,1.67,299.0,1.293,74.821,1069.350,-2.679
26582,05/02/26 02:10:53 AM,1.00,1.67,276.6,0.920,76.669,1069.350,-2.712
26583,05/02/26 02:20:53 AM,0.67,1.34,293.4,2.330,70.657,1069.350,-2.449
26584,05/02/26 02:30:53 AM,1.00,1.67,294.8,1.263,72.792,1069.350,-3.077
26585,05/02/26 02:40:53 AM,1.00,1.67,290.6,-0.094,78.468,1069.350,-3.388
26586,05/02/26 02:50:53 AM,0.67,1.34,321.5,1.477,73.236,1069.350,-2.789
26587,05/02/26 03:00:53 AM,0.33,0.67,322.9,3.022,67.648,1069.350,-2.372
26588,05/02/26 03:10:53 AM,0.00,1.34,320.1,1.679,70.050,1069.350,-3.191
26589,05/02/26 03:20:53 AM,1.00,1.67,297.6,-0.166,77.908,1069.350,-3.553
26590,05/02/26 03:30:53 AM,0.67,1.34,297.6,0.081,78.157,1069.350,-3.270
26591,05/02/26 03:40:53 AM,0.33,1.00,299.0,0.754,75.184,1069.350,-3.136
26592,05/02/26 03:50:53 AM,0.67,1.34,307.5,1.303,73.283,1069.350,-2.948
26593,05/02/26 04:00:53 AM,0.00,0.67,307.5,0.906,73.494,1069.350,-3.293
26594,05/02/26 04:10:53 AM,1.00,1.34,307.5,-0.324,77.099,1069.350,-3.846
26595,05/02/26 04:20:53 AM,0.33,1.34,307.5,-0.329,78.466,1069.350,-3.617
26596,05/02/26 04:30:53 AM,0.00,0.00,307.5,0.376,76.930,1069.350,-3.195
26597,05/02/26 04:40:53 AM,0.00,0.00,307.5,0.110,77.934,1069.350,-3.280
26598,05/02/26 04:50:53 AM,0.00,0.00,307.5,0.630,76.603,1069.350,-3.006
26599,05/02/26 05:00:53 AM,0.00,0.00,307.5,-0.110,77.734,1069.350,-3.529
26600,05/02/26 05:10:53 AM,1.00,1.67,290.6,-1.407,80.777,1069.350,-4.282
26601,05/02/26 05:20:53 AM,1.00,1.67,294.8,-1.394,83.204,1069.350,-3.876
26602,05/02/26 05:30:53 AM,0.33,1.00,297.6,0.555,77.646,1069.350,-2.897
26603,05/02/26 05:40:53 AM,0.67,1.34,297.6,-0.005,78.352,1069.350,-3.321
26604,05/02/26 05:50:53 AM,0.67,1.00,297.6,0.719,77.105,1069.350,-2.831
26605,05/02/26 06:00:53 AM,0.00,0.67,297.6,0.802,76.170,1069.350,-2.915
26606,05/02/26 06:10:53 AM,0.33,1.00,297.6,0.464,77.916,1069.350,-2.939
26607,05/02/26 06:20:53 AM,0.00,0.00,297.6,1.252,75.015,1069.350,-2.684
26608,05/02/26 06:30:53 AM,0.00,0.00,297.6,0.183,76.936,1069.350,-3.382
26609,05/02/26 06:40:53 AM,0.00,0.00,280.8,-1.362,81.408,1069.350,-4.135
26610,05/02/26 06:50:53 AM,0.00,0.00,276.6,-0.107,80.012,1069.350,-3.139
26611,05/02/26 07:00:53 AM,0.00,0.00,276.6,0.689,76.164,1069.350,-3.025
26612,05/02/26 07:10:53 AM,0.00,0.00,276.6,-0.091,78.450,1069.350,-3.388
26613,05/02/26 07:20:53 AM,0.00,0.00,276.6,0.282,78.709,1069.350,-2.980
26614,05/02/26 07:30:53 AM,0.00,0.00,276.6,1.290,77.794,1069.350,-2.156
26615,05/02/26 07:40:53 AM,0.00,0.00,276.6,2.035,79.004,1069.350,-1.221
26616,05/02/26 07:50:53 AM,0.00,0.00,276.6,3.322,75.059,1069.350,-0.670
26617,05/02/26 08:00:53 AM,0.00,0.00,276.6,4.920,69.429,1069.350,-0.199
26618,05/02/26 08:10:53 AM,0.00,1.00,254.1,6.432,65.672,1069.350,0.481
26619,05/02/26 08:20:53 AM,0.67,1.67,151.6,7.215,61.894,1069.350,0.406
26620,05/02/26 08:30:53 AM,1.00,1.67,132.0,7.226,62.583,1069.350,0.570
26621,05/02/26 08:40:53 AM,1.00,2.00,124.9,8.161,60.793,1069.350,1.052
26622,05/02/26 08:50:53 AM,1.00,2.34,124.9,8.510,62.524,1069.350,1.773
26623,05/02/26 09:00:53 AM,1.67,3.01,105.3,9.228,58.138,1069.350,1.436
26624,05/02/26 09:10:53 AM,1.34,2.67,92.7,9.697,55.166,1069.350,1.145
26625,05/02/26 09:20:53 AM,1.34,2.00,85.6,10.695,54.179,1069.350,1.824
26626,05/02/26 09:30:53 AM,1.00,2.34,98.3,11.116,53.610,1069.350,2.068
26627,05/02/26 09:40:53 AM,1.67,2.67,109.5,11.515,52.100,1069.350,2.039
26628,05/02/26 09:50:53 AM,1.67,2.67,110.9,12.464,50.394,1069.350,2.449
26629,05/02/26 10:00:53 AM,2.34,3.67,103.9,13.193,48.988,1069.350,2.723
26630,05/02/26 10:10:53 AM,2.67,4.68,87.0,14.016,48.237,1069.350,3.261
26631,05/02/26 10:20:53 AM,3.34,6.35,80.0,15.006,42.368,1069.350,2.335
26632,05/02/26 10:30:53 AM,3.01,5.68,77.2,15.386,40.829,1069.350,2.158
26633,05/02/26 10:40:53 AM,3.01,6.01,66.0,15.815,40.560,1069.350,2.451
26634,05/02/26 10:50:53 AM,3.67,5.68,74.4,16.145,37.818,1069.350,1.766
26635,05/02/26 11:00:53 AM,4.01,6.35,68.8,16.271,38.032,1069.350,1.957
26636,05/02/26 11:10:53 AM,4.68,7.01,68.8,17.429,36.661,1069.350,2.472
26637,05/02/26 11:20:53 AM,5.01,7.35,57.6,17.110,35.259,1069.350,1.644
26638,05/02/26 11:30:53 AM,4.34,6.35,57.6,17.542,33.875,1069.350,1.466
26639,05/02/26 11:40:53 AM,4.01,6.68,61.8,17.891,33.590,1069.350,1.655
26640,05/02/26 11:50:53 AM,3.67,6.35,64.6,18.759,33.208,1069.350,2.257
26641,05/02/26 12:00:53 PM,4.68,8.35,75.8,18.665,31.975,1069.350,1.645
26642,05/02/26 12:10:53 PM,4.34,7.68,66.0,18.861,31.971,1069.350,1.814
26643,05/02/26 12:20:53 PM,4.68,8.02,81.4,18.899,31.951,1069.350,1.839
26644,05/02/26 12:30:53 PM,4.01,8.02,89.9,18.073,32.276,1069.350,1.259
26645,05/02/26 12:40:53 PM,3.67,6.01,85.6,18.939,29.577,1069.350,0.799
26646,05/02/26 12:50:53 PM,4.01,6.68,88.4,19.821,28.631,1069.350,1.109
26647,05/02/26 01:00:53 PM,4.01,6.68,91.3,19.663,26.580,1069.350,-0.054
26648,05/02/26 01:10:53 PM,4.01,7.01,73.0,19.684,26.856,1069.350,0.106
26649,05/02/26 01:20:53 PM,4.34,8.68,71.6,19.794,26.523,1069.350,0.029
26650,05/02/26 01:30:53 PM,4.01,7.68,87.0,20.223,26.831,1069.350,0.554
26651,05/02/26 01:40:53 PM,4.01,7.68,70.2,20.116,26.659,1069.350,0.374
26652,05/02/26 01:50:53 PM,4.01,8.02,67.4,20.145,26.474,1069.350,0.303
26653,05/02/26 02:00:53 PM,4.01,8.02,80.0,20.459,26.143,1069.350,0.397
26654,05/02/26 02:10:53 PM,4.34,7.68,98.3,20.266,25.388,1069.350,-0.171
26655,05/02/26 02:20:53 PM,3.01,5.01,139.0,20.432,22.290,1069.350,-1.808
26656,05/02/26 02:30:53 PM,3.67,6.35,137.6,20.360,23.349,1069.350,-1.237
26657,05/02/26 02:40:53 PM,3.01,5.34,113.7,20.405,22.187,1069.350,-1.893
26658,05/02/26 02:50:53 PM,2.00,4.68,94.1,21.279,22.321,1069.350,-1.081
26659,05/02/26 03:00:53 PM,3.34,6.35,112.3,20.274,21.910,1069.350,-2.172
26660,05/02/26 03:10:53 PM,2.67,4.68,126.4,19.687,20.737,1069.350,-3.401
26661,05/02/26 03:20:53 PM,2.34,4.68,106.7,20.322,20.671,1069.350,-2.917
26662,05/02/26 03:30:53 PM,2.00,3.67,120.7,20.521,20.775,1069.350,-2.684
26663,05/02/26 03:40:53 PM,3.34,5.01,136.2,20.387,21.466,1069.350,-2.355
26664,05/02/26 03:50:53 PM,2.00,4.01,129.2,20.349,21.094,1069.350,-2.622
26665,05/02/26 04:00:53 PM,2.00,4.34,147.4,19.848,20.856,1069.350,-3.190
26666,05/02/26 04:10:53 PM,3.01,4.68,137.6,20.706,22.698,1069.350,-1.332
26667,05/02/26 04:20:53 PM,2.67,5.34,115.1,21.671,21.474,1069.350,-1.281
26668,05/02/26 04:30:53 PM,2.00,4.68,137.6,21.207,19.831,1069.350,-2.742
26669,05/02/26 04:40:53 PM,1.34,4.34,158.6,21.504,19.013,1069.350,-3.064
26670,05/02/26 04:50:53 PM,2.00,4.34,143.2,21.282,21.477,1069.350,-1.603
26671,05/02/26 05:00:53 PM,1.34,3.67,179.7,20.765,20.157,1069.350,-2.888
26672,05/02/26 05:10:53 PM,1.34,3.34,182.5,19.931,19.007,1069.350,-4.359
26673,05/02/26 05:20:53 PM,1.34,2.67,8.4,20.092,20.005,1069.350,-3.546
26674,05/02/26 05:30:53 PM,0.67,1.67,71.6,21.531,20.168,1069.350,-2.248
26675,05/02/26 05:40:53 PM,1.00,2.34,122.1,21.113,20.270,1069.350,-2.525
26676,05/02/26 05:50:53 PM,2.67,4.68,7.0,20.400,20.554,1069.350,-2.928
26677,05/02/26 06:00:53 PM,1.67,3.34,7.0,19.848,21.524,1069.350,-2.767
26678,05/02/26 06:10:53 PM,1.34,2.67,351.0,19.454,23.203,1069.350,-2.084
26679,05/02/26 06:20:53 PM,1.00,2.34,342.6,19.499,23.667,1069.350,-1.778
26680,05/02/26 06:30:53 PM,1.34,2.00,21.1,19.346,24.291,1069.350,-1.554
26681,05/02/26 06:40:53 PM,1.00,2.34,0.0,19.210,25.150,1069.350,-1.197
26682,05/02/26 06:50:53 PM,1.00,2.00,339.7,19.073,23.841,1069.350,-2.038
26683,05/02/26 07:00:53 PM,0.67,1.00,355.2,18.840,27.466,1069.350,-0.307
26684,05/02/26 07:10:53 PM,1.00,1.67,327.1,18.322,29.982,1069.350,0.453
26685,05/02/26 07:20:53 PM,0.33,1.00,329.9,17.928,33.155,1069.350,1.506
26686,05/02/26 07:30:53 PM,1.00,1.34,349.6,17.049,39.030,1069.350,3.016
26687,05/02/26 07:40:53 PM,1.67,2.00,349.6,16.529,42.683,1069.350,3.815
26688,05/02/26 07:50:53 PM,1.34,2.00,352.4,16.333,42.623,1069.350,3.618
26689,05/02/26 08:00:53 PM,1.00,1.67,349.6,15.451,44.930,1069.350,3.566
26690,05/02/26 08:10:53 PM,1.00,1.67,348.2,14.703,43.806,1069.350,2.529
26691,05/02/26 08:20:53 PM,0.67,1.34,344.0,14.636,40.160,1069.350,1.253
26692,05/02/26 08:30:53 PM,0.67,1.34,329.9,14.244,38.470,1069.350,0.307
26693,05/02/26 08:40:53 PM,0.00,0.67,293.4,12.789,43.153,1069.350,0.584
26694,05/02/26 08:50:53 PM,0.00,0.00,293.4,12.545,39.496,1069.350,-0.853
26695,05/02/26 09:00:53 PM,1.34,2.00,296.2,11.523,44.520,1069.350,-0.135
26696,05/02/26 09:10:53 PM,1.34,1.67,320.1,10.636,43.615,1069.350,-1.223
26697,05/02/26 09:20:53 PM,1.00,1.67,313.1,10.563,43.069,1069.350,-1.461
26698,05/02/26 09:30:53 PM,1.00,1.67,318.7,10.126,44.150,1069.350,-1.521
26699,05/02/26 09:40:53 PM,1.00,1.34,314.5,9.976,44.660,1069.350,-1.501
26700,05/02/26 09:50:53 PM,1.00,1.34,290.6,9.089,51.205,1069.350,-0.449
26701,05/02/26 10:00:53 PM,1.67,2.00,290.6,8.697,51.615,1069.350,-0.702
26702,05/02/26 10:10:53 PM,2.00,2.67,296.2,8.657,51.798,1069.350,-0.691
26703,05/02/26 10:20:53 PM,1.67,2.34,299.0,9.105,54.473,1069.350,0.418
26704,05/02/26 10:30:53 PM,2.00,2.67,293.4,9.102,55.900,1069.350,0.773
26705,05/02/26 10:40:53 PM,2.00,2.67,292.0,8.952,53.895,1069.350,0.128
26706,05/02/26 10:50:53 PM,1.67,3.34,306.1,8.577,53.571,1069.350,-0.304
26707,05/02/26 11:00:53 PM,2.67,4.01,315.9,8.596,52.721,1069.350,-0.506
26708,05/02/26 11:10:53 PM,3.34,4.68,327.1,8.778,50.066,1069.350,-1.044
26709,05/02/26 11:20:53 PM,1.34,4.01,338.3,8.201,51.554,1069.350,-1.178
26710,05/02/26 11:30:53 PM,0.33,1.34,320.1,7.944,51.710,1069.350,-1.375
26711,05/02/26 11:40:53 PM,1.34,2.67,296.2,8.303,50.719,1069.350,-1.306
26712,05/02/26 11:50:53 PM,1.67,2.67,283.6,8.196,50.477,1069.350,-1.470
26713,05/03/26 12:00:53 AM,1.67,2.34,292.0,7.456,52.340,1069.350,-1.663
26714,05/03/26 12:10:53 AM,2.67,4.01,311.7,7.416,52.039,1069.350,-1.779
26715,05/03/26 12:20:53 AM,1.67,2.67,287.8,7.247,52.494,1069.350,-1.817
26716,05/03/26 12:30:53 AM,1.67,2.67,289.2,6.751,53.805,1069.350,-1.945
26717,05/03/26 12:40:53 AM,1.00,1.67,297.6,6.561,53.939,1069.350,-2.088
26718,05/03/26 12:50:53 AM,2.34,4.34,299.0,7.094,51.714,1069.350,-2.162
26719,05/03/26 01:00:53 AM,1.67,2.34,294.8,7.231,50.564,1069.350,-2.339
26720,05/03/26 01:10:53 AM,2.00,3.01,296.2,7.282,49.900,1069.350,-2.470
26721,05/03/26 01:20:53 AM,1.34,2.34,303.2,6.906,50.344,1069.350,-2.698
26722,05/03/26 01:30:53 AM,1.00,2.34,258.3,7.118,49.299,1069.350,-2.784
26723,05/03/26 01:40:53 AM,1.34,2.67,283.6,6.679,50.494,1069.350,-2.868
26724,05/03/26 01:50:53 AM,1.00,2.00,249.9,6.354,51.205,1069.350,-2.981
26725,05/03/26 02:00:53 AM,1.00,4.34,259.7,5.671,52.851,1069.350,-3.191
26726,05/03/26 02:10:53 AM,2.34,5.01,306.1,8.223,44.123,1069.350,-3.260
26727,05/03/26 02:20:53 AM,1.34,2.34,282.2,8.148,44.050,1069.350,-3.351
26728,05/03/26 02:30:53 AM,1.67,3.01,261.1,8.041,43.775,1069.350,-3.532
26729,05/03/26 02:40:53 AM,2.34,3.67,283.6,6.823,47.648,1069.350,-3.513
26730,05/03/26 02:50:53 AM,2.00,3.34,310.3,7.901,43.923,1069.350,-3.614
26731,05/03/26 03:00:53 AM,1.67,4.01,285.0,7.805,44.152,1069.350,-3.632
26732,05/03/26 03:10:53 AM,1.34,3.34,304.7,7.121,46.659,1069.350,-3.519
26733,05/03/26 03:20:53 AM,1.67,3.01,304.7,6.939,46.770,1069.350,-3.654
26734,05/03/26 03:30:53 AM,2.00,3.01,313.1,6.990,46.938,1069.350,-3.560
26735,05/03/26 03:40:53 AM,1.67,3.34,294.8,6.590,47.926,1069.350,-3.649
26736,05/03/26 03:50:53 AM,1.67,4.01,280.8,6.472,48.252,1069.350,-3.667
26737,05/03/26 04:00:53 AM,2.00,3.34,279.4,6.083,49.831,1069.350,-3.596
26738,05/03/26 04:10:53 AM,3.34,4.68,294.8,6.703,48.000,1069.350,-3.524
26739,05/03/26 04:20:53 AM,2.67,4.34,293.4,6.730,47.871,1069.350,-3.536
26740,05/03/26 04:30:53 AM,1.67,4.01,290.6,6.419,49.113,1069.350,-3.480
26741,05/03/26 04:40:53 AM,1.67,3.01,231.6,5.486,52.154,1069.350,-3.540
26742,05/03/26 04:50:53 AM,3.34,5.68,287.8,7.161,46.372,1069.350,-3.565
26743,05/03/26 05:00:53 AM,2.34,3.34,280.8,7.116,46.525,1069.350,-3.562
26744,05/03/26 05:10:53 AM,2.67,3.67,286.4,7.520,45.591,1069.350,-3.464
26745,05/03/26 05:20:53 AM,3.01,4.68,289.2,7.325,46.198,1069.350,-3.465
26746,05/03/26 05:30:53 AM,3.34,5.01,294.8,7.467,45.515,1069.350,-3.534
26747,05/03/26 05:40:53 AM,2.34,4.01,314.5,7.062,47.097,1069.350,-3.449
26748,05/03/26 05:50:53 AM,2.34,3.34,314.5,6.185,49.592,1069.350,-3.566
26749,05/03/26 06:00:53 AM,0.67,2.34,299.0,5.697,51.252,1069.350,-3.578
26750,05/03/26 06:10:53 AM,0.67,2.00,289.2,5.317,52.100,1069.350,-3.711
26751,05/03/26 06:20:53 AM,1.34,4.01,301.8,5.480,51.690,1069.350,-3.665
26752,05/03/26 06:30:53 AM,2.67,4.34,315.9,5.507,52.192,1069.350,-3.511
26753,05/03/26 06:40:53 AM,2.34,3.01,320.1,4.992,54.337,1069.350,-3.452
26754,05/03/26 06:50:53 AM,2.00,3.01,317.3,5.373,53.365,1069.350,-3.339
26755,05/03/26 07:00:53 AM,0.67,2.67,317.3,5.697,53.309,1069.350,-3.051
26756,05/03/26 07:10:53 AM,0.67,2.00,314.5,6.971,49.866,1069.350,-2.766
26757,05/03/26 07:20:53 AM,0.67,2.00,310.3,7.687,49.155,1069.350,-2.299
26758,05/03/26 07:30:53 AM,2.00,3.34,314.5,8.137,48.679,1069.350,-2.016
26759,05/03/26 07:40:53 AM,1.67,3.01,311.7,8.483,48.548,1069.350,-1.734
26760,05/03/26 07:50:53 AM,2.00,3.01,318.7,9.394,46.493,1069.350,-1.486
26761,05/03/26 08:00:53 AM,2.34,3.67,318.7,9.901,46.949,1069.350,-0.888
26762,05/03/26 08:10:53 AM,1.00,3.01,313.1,10.939,46.355,1069.350,-0.113
26763,05/03/26 08:20:53 AM,1.34,3.01,308.9,11.740,44.639,1069.350,0.099
26764,05/03/26 08:30:53 AM,1.00,2.34,283.6,12.437,44.129,1069.350,0.574
26765,05/03/26 08:40:53 AM,0.00,1.00,241.5,13.234,43.755,1069.350,1.180
26766,05/03/26 08:50:53 AM,0.33,1.00,308.9,14.016,41.527,1069.350,1.161
26767,05/03/26 09:00:53 AM,0.33,1.34,339.7,14.794,41.892,1069.350,1.985
26768,05/03/26 09:10:53 AM,0.67,1.67,73.0,15.392,43.403,1069.350,3.023
26769,05/03/26 09:20:53 AM,0.67,2.34,61.8,15.813,42.695,1069.350,3.172
26770,05/03/26 09:30:53 AM,1.00,2.00,56.2,15.968,43.342,1069.350,3.525
26771,05/03/26 09:40:53 AM,1.34,3.01,78.6,15.882,45.978,1069.350,4.287
26772,05/03/26 09:50:53 AM,1.67,2.67,126.4,15.601,47.680,1069.350,4.549
26773,05/03/26 10:00:53 AM,1.00,1.67,116.5,17.110,45.129,1069.350,5.138
26774,05/03/26 10:10:53 AM,0.67,2.00,119.3,17.625,42.684,1069.350,4.806
26775,05/03/26 10:20:53 AM,1.00,1.67,164.3,18.537,40.549,1069.350,4.892
26776,05/03/26 10:30:53 AM,0.67,1.67,181.1,19.156,37.993,1069.350,4.513
26777,05/03/26 10:40:53 AM,1.00,2.34,98.3,20.228,30.935,1069.350,2.543
26778,05/03/26 10:50:53 AM,1.00,2.00,182.5,20.555,29.334,1069.350,2.081
26779,05/03/26 11:00:53 AM,1.00,2.67,322.9,20.153,29.067,1069.350,1.606
26780,05/03/26 11:10:53 AM,1.67,3.67,207.8,20.724,27.414,1069.350,1.281
26781,05/03/26 11:20:53 AM,1.67,3.01,213.4,20.899,26.604,1069.350,1.014
26782,05/03/26 11:30:53 AM,1.34,2.67,199.4,21.167,26.630,1069.350,1.256
26783,05/03/26 11:40:53 AM,2.34,5.68,228.8,21.277,28.756,1069.350,2.424
26784,05/03/26 11:50:53 AM,3.34,5.34,161.5,20.805,31.101,1069.350,3.120
26785,05/03/26 12:00:53 PM,2.67,5.34,141.8,20.435,30.500,1069.350,2.524
26786,05/03/26 12:10:53 PM,2.67,5.34,146.0,20.842,30.745,1069.350,2.989
26787,05/03/26 12:20:53 PM,2.34,4.68,139.0,21.156,30.932,1069.350,3.348
26788,05/03/26 12:30:53 PM,2.67,7.01,157.2,21.633,30.951,1069.350,3.771
26789,05/03/26 12:40:53 PM,2.34,4.68,140.4,21.328,29.374,1069.350,2.767
26790,05/03/26 12:50:53 PM,2.34,5.68,153.0,21.585,30.340,1069.350,3.446
26791,05/03/26 01:00:53 PM,3.01,5.01,115.1,21.424,30.082,1069.350,3.186
26792,05/03/26 01:10:53 PM,1.34,3.34,85.6,21.920,29.386,1069.350,3.283
26793,05/03/26 01:20:53 PM,2.00,4.68,192.3,22.116,29.108,1069.350,3.318
26794,05/03/26 01:30:53 PM,2.34,5.68,228.8,22.223,29.125,1069.350,3.418
26795,05/03/26 01:40:53 PM,3.34,7.35,209.2,21.966,29.313,1069.350,3.288
26796,05/03/26 01:50:53 PM,3.67,7.35,193.7,21.789,28.370,1069.350,2.674
26797,05/03/26 02:00:53 PM,3.01,5.34,216.2,21.920,28.713,1069.350,2.956
26798,05/03/26 02:10:53 PM,2.67,5.68,282.2,21.767,28.681,1069.350,2.809
26799,05/03/26 02:20:53 PM,3.34,7.01,262.5,22.164,29.236,1069.350,3.421
26800,05/03/26 02:30:53 PM,3.34,7.35,255.5,22.387,29.061,1069.350,3.529
26801,05/03/26 02:40:53 PM,4.34,7.35,285.0,22.129,28.849,1069.350,3.203
26802,05/03/26 02:50:53 PM,3.01,6.68,242.9,22.145,27.655,1069.350,2.620
26803,05/03/26 03:00:53 PM,2.34,4.68,286.4,22.421,27.778,1069.350,2.919
26804,05/03/26 03:10:53 PM,2.67,5.68,306.1,22.370,28.109,1069.350,3.043
26805,05/03/26 03:20:53 PM,4.01,6.68,262.5,22.389,27.210,1069.350,2.601
26806,05/03/26 03:30:53 PM,4.01,7.01,275.2,21.604,28.301,1069.350,2.481
26807,05/03/26 03:40:53 PM,3.67,7.01,287.8,22.435,26.871,1069.350,2.464
26808,05/03/26 03:50:53 PM,4.01,7.01,283.6,22.563,26.871,1069.350,2.573
26809,05/03/26 04:00:53 PM,4.01,7.68,275.2,22.561,27.147,1069.350,2.715
26810,05/03/26 04:10:53 PM,4.34,7.01,272.4,22.566,26.615,1069.350,2.441
26811,05/03/26 04:20:53 PM,5.01,8.02,313.1,22.043,26.537,1069.350,1.954
26812,05/03/26 04:30:53 PM,4.68,8.35,297.6,22.033,26.780,1069.350,2.073
26813,05/03/26 04:40:53 PM,3.67,6.68,296.2,22.472,26.828,1069.350,2.473
26814,05/03/26 04:50:53 PM,4.01,6.68,296.2,22.185,26.564,1069.350,2.090
26815,05/03/26 05:00:53 PM,4.01,6.68,283.6,22.290,25.896,1069.350,1.823
26816,05/03/26 05:10:53 PM,3.67,6.01,293.4,22.199,26.091,1069.350,1.850
26817,05/03/26 05:20:53 PM,4.01,6.68,299.0,21.998,25.458,1069.350,1.337
26818,05/03/26 05:30:53 PM,3.34,6.68,287.8,22.226,25.846,1069.350,1.741
26819,05/03/26 05:40:53 PM,3.34,5.68,280.8,22.400,25.635,1069.350,1.774
26820,05/03/26 05:50:53 PM,2.67,5.01,296.2,22.360,25.034,1069.350,1.410
26821,05/03/26 06:00:53 PM,3.01,5.01,307.5,21.990,25.109,1069.350,1.138
26822,05/03/26 06:10:53 PM,1.67,4.34,292.0,22.303,24.245,1069.350,0.916
26823,05/03/26 06:20:53 PM,1.67,3.67,297.6,22.290,24.161,1069.350,0.857
26824,05/03/26 06:30:53 PM,1.34,3.67,268.1,22.604,24.057,1069.350,1.062
26825,05/03/26 06:40:53 PM,2.00,3.67,282.2,22.062,26.155,1069.350,1.768
26826,05/03/26 06:50:53 PM,2.00,3.34,296.2,20.210,28.457,1069.350,1.359
26827,05/03/26 07:00:53 PM,1.67,2.34,290.6,19.046,32.447,1069.350,2.183
26828,05/03/26 07:10:53 PM,1.67,2.67,299.0,17.990,36.553,1069.350,2.929
26829,05/03/26 07:20:53 PM,1.67,2.34,308.9,17.445,38.991,1069.350,3.356
26830,05/03/26 07:30:53 PM,1.67,2.67,303.2,16.909,42.071,1069.350,3.953
26831,05/03/26 07:40:53 PM,2.34,3.34,311.7,16.622,42.545,1069.350,3.853
26832,05/03/26 07:50:53 PM,3.34,4.68,322.9,16.480,43.261,1069.350,3.962
26833,05/03/26 08:00:53 PM,2.67,3.67,328.5,16.676,44.074,1069.350,4.405
26834,05/03/26 08:10:53 PM,2.67,3.67,331.3,16.673,44.672,1069.350,4.595
26835,05/03/26 08:20:53 PM,2.34,3.34,334.1,16.448,44.221,1069.350,4.246
26836,05/03/26 08:30:53 PM,2.67,3.67,331.3,15.754,45.621,1069.350,4.059
26837,05/03/26 08:40:53 PM,2.34,3.01,334.1,15.065,46.732,1069.350,3.772
26838,05/03/26 08:50:53 PM,1.00,2.67,306.1,13.955,50.369,1069.350,3.818
26839,05/03/26 09:00:53 PM,2.00,3.01,224.6,12.888,54.250,1069.350,3.884
26840,05/03/26 09:10:53 PM,1.67,2.34,282.2,12.335,55.972,1069.350,3.813
26841,05/03/26 09:20:53 PM,1.67,2.00,308.9,12.118,55.818,1069.350,3.571
26842,05/03/26 09:30:53 PM,1.67,2.34,315.9,11.271,58.705,1069.350,3.492
26843,05/03/26 09:40:53 PM,2.00,2.67,317.3,10.649,59.722,1069.350,3.150
26844,05/03/26 09:50:53 PM,1.34,2.34,304.7,10.545,59.393,1069.350,2.974
26845,05/03/26 10:00:53 PM,1.67,2.34,271.0,10.226,59.231,1069.350,2.635
26846,05/03/26 10:10:53 PM,2.00,2.67,263.9,9.598,61.357,1069.350,2.539
26847,05/03/26 10:20:53 PM,2.00,3.01,285.0,8.062,66.822,1069.350,2.278
26848,05/03/26 10:30:53 PM,2.00,2.67,303.2,9.512,61.607,1069.350,2.515
26849,05/03/26 10:40:53 PM,2.34,3.01,287.8,10.464,58.068,1069.350,2.580
26850,05/03/26 10:50:53 PM,2.00,3.01,249.9,10.169,59.031,1069.350,2.534
26851,05/03/26 11:00:53 PM,2.00,2.67,268.1,10.470,58.248,1069.350,2.629
26852,05/03/26 11:10:53 PM,2.00,3.34,280.8,9.209,62.365,1069.350,2.400
26853,05/03/26 11:20:53 PM,2.34,3.67,294.8,9.169,61.996,1069.350,2.279
26854,05/03/26 11:30:53 PM,1.34,3.34,297.6,8.941,62.066,1069.350,2.079
26855,05/03/26 11:40:53 PM,1.00,2.34,265.3,8.668,62.997,1069.350,2.029
26856,05/03/26 11:50:53 PM,1.00,1.67,280.8,8.555,63.122,1069.350,1.949
26857,05/04/26 12:00:53 AM,1.00,1.34,286.4,8.864,62.399,1069.350,2.081
26858,05/04/26 12:10:53 AM,2.00,4.34,292.0,8.646,62.016,1069.350,1.788
26859,05/04/26 12:20:53 AM,1.34,2.67,292.0,8.882,60.516,1069.350,1.669
26860,05/04/26 12:30:53 AM,1.67,3.01,290.6,8.805,60.365,1069.350,1.562
26861,05/04/26 12:40:53 AM,0.67,2.34,311.7,8.523,60.801,1069.350,1.396
26862,05/04/26 12:50:53 AM,0.00,0.67,322.9,8.504,60.632,1069.350,1.339
26863,05/04/26 01:00:53 AM,0.00,1.67,313.1,8.421,60.807,1069.350,1.301
26864,05/04/26 01:10:53 AM,1.00,2.00,300.4,7.858,62.704,1069.350,1.196
26865,05/04/26 01:20:53 AM,1.67,3.01,299.0,6.700,66.595,1069.350,0.930
26866,05/04/26 01:30:53 AM,2.00,2.67,293.4,6.397,67.402,1069.350,0.807
26867,05/04/26 01:40:53 AM,2.00,3.01,282.2,5.960,68.925,1069.350,0.698
26868,05/04/26 01:50:53 AM,2.00,3.34,279.4,6.515,67.071,1069.350,0.852
26869,05/04/26 02:00:53 AM,2.00,3.01,275.2,6.389,67.224,1069.350,0.763
26870,05/04/26 02:10:53 AM,2.00,3.01,286.4,6.207,67.684,1069.350,0.683
26871,05/04/26 02:20:53 AM,2.00,2.67,283.6,6.437,66.404,1069.350,0.639
26872,05/04/26 02:30:53 AM,2.00,3.01,292.0,6.191,66.954,1069.350,0.518
26873,05/04/26 02:40:53 AM,1.67,3.01,287.8,6.121,66.647,1069.350,0.388
26874,05/04/26 02:50:53 AM,2.00,2.34,292.0,5.338,69.316,1069.350,0.180
26875,05/04/26 03:00:53 AM,1.67,2.67,292.0,5.051,70.266,1069.350,0.092
26876,05/04/26 03:10:53 AM,2.34,3.67,290.6,5.134,69.804,1069.350,0.081
26877,05/04/26 03:20:53 AM,2.67,4.34,299.0,5.721,67.575,1069.350,0.196
26878,05/04/26 03:30:53 AM,2.00,3.01,297.6,5.842,66.830,1069.350,0.159
26879,05/04/26 03:40:53 AM,1.67,3.01,308.9,5.306,68.664,1069.350,0.019
26880,05/04/26 03:50:53 AM,1.67,3.34,307.5,4.995,69.474,1069.350,-0.118
26881,05/04/26 04:00:53 AM,1.00,3.01,315.9,4.797,69.789,1069.350,-0.246
26882,05/04/26 04:10:53 AM,0.33,1.34,341.2,4.086,72.050,1069.350,-0.492
26883,05/04/26 04:20:53 AM,0.00,0.00,353.8,3.279,76.214,1069.350,-0.503
26884,05/04/26 04:30:53 AM,0.00,0.00,353.8,3.837,74.894,1069.350,-0.202
26885,05/04/26 04:40:53 AM,0.33,2.34,306.1,3.839,72.578,1069.350,-0.631
26886,05/04/26 04:50:53 AM,1.34,2.00,289.2,3.314,74.003,1069.350,-0.872
26887,05/04/26 05:00:53 AM,0.67,1.34,293.4,3.073,74.946,1069.350,-0.932
26888,05/04/26 05:10:53 AM,1.67,2.00,299.0,3.451,73.176,1069.350,-0.893
26889,05/04/26 05:20:53 AM,1.34,2.00,290.6,3.400,73.416,1069.350,-0.897
26890,05/04/26 05:30:53 AM,1.00,2.00,303.2,3.595,72.448,1069.350,-0.891
26891,05/04/26 05:40:53 AM,1.00,1.67,297.6,3.697,71.905,1069.350,-0.895
26892,05/04/26 05:50:53 AM,1.34,2.00,285.0,3.070,73.800,1069.350,-1.145
26893,05/04/26 06:00:53 AM,1.00,2.00,308.9,2.799,74.554,1069.350,-1.269
26894,05/04/26 06:10:53 AM,0.33,1.34,315.9,2.794,74.258,1069.350,-1.328
26895,05/04/26 06:20:53 AM,1.00,1.67,300.4,2.842,74.061,1069.350,-1.318
26896,05/04/26 06:30:53 AM,1.34,2.00,311.7,2.322,75.776,1069.350,-1.510
26897,05/04/26 06:40:53 AM,1.00,1.67,324.3,2.266,76.242,1069.350,-1.481
26898,05/04/26 06:50:53 AM,0.67,1.67,299.0,3.118,74.220,1069.350,-1.021
26899,05/04/26 07:00:53 AM,1.34,1.67,289.2,3.998,71.363,1069.350,-0.708
26900,05/04/26 07:10:53 AM,2.00,3.34,317.3,4.604,70.665,1069.350,-0.260
26901,05/04/26 07:20:53 AM,1.34,2.67,344.0,6.110,67.355,1069.350,0.523
26902,05/04/26 07:30:53 AM,1.00,1.67,162.9,6.716,67.759,1069.350,1.186
26903,05/04/26 07:40:53 AM,0.33,1.67,172.7,6.797,68.528,1069.350,1.420
26904,05/04/26 07:50:53 AM,0.00,0.00,169.9,8.191,66.308,1069.350,2.293
26905,05/04/26 08:00:53 AM,0.00,0.00,77.2,8.850,62.535,1069.350,2.098
26906,05/04/26 08:10:53 AM,1.00,1.67,115.1,8.866,62.228,1069.350,2.044
26907,05/04/26 08:20:53 AM,0.67,1.34,109.5,9.167,60.981,1069.350,2.045
26908,05/04/26 08:30:53 AM,0.67,1.67,73.0,9.874,60.716,1069.350,2.652
26909,05/04/26 08:40:53 AM,0.33,1.67,112.3,10.555,58.245,1069.350,2.708
26910,05/04/26 08:50:53 AM,0.67,1.34,141.8,11.118,56.127,1069.350,2.714
26911,05/04/26 09:00:53 AM,0.33,1.34,115.1,11.949,52.441,1069.350,2.532
26912,05/04/26 09:10:53 AM,0.33,1.34,60.4,12.920,50.727,1069.350,2.963
26913,05/04/26 09:20:53 AM,0.33,1.00,70.2,14.102,48.243,1069.350,3.342
26914,05/04/26 09:30:53 AM,0.67,1.67,99.7,14.655,46.065,1069.350,3.194
26915,05/04/26 09:40:53 AM,1.00,2.67,108.1,14.933,46.717,1069.350,3.647
26916,05/04/26 09:50:53 AM,1.00,2.00,103.9,15.545,45.196,1069.350,3.736
26917,05/04/26 10:00:53 AM,1.67,2.67,129.2,15.636,45.290,1069.350,3.848
26918,05/04/26 10:10:53 AM,1.00,2.67,88.4,16.290,45.124,1069.350,4.391
26919,05/04/26 10:20:53 AM,1.67,3.34,67.4,17.344,43.047,1069.350,4.673
26920,05/04/26 10:30:53 AM,1.67,3.01,84.2,18.124,41.848,1069.350,4.973
26921,05/04/26 10:40:53 AM,2.00,3.67,87.0,18.625,39.689,1069.350,4.664
26922,05/04/26 10:50:53 AM,2.00,4.34,82.8,19.108,37.557,1069.350,4.306
26923,05/04/26 11:00:53 AM,2.34,4.01,66.0,18.872,36.365,1069.350,3.637
26924,05/04/26 11:10:53 AM,1.67,3.34,73.0,19.569,37.246,1069.350,4.597
26925,05/04/26 11:20:53 AM,2.00,4.34,109.5,19.716,36.388,1069.350,4.394
26926,05/04/26 11:30:53 AM,1.00,2.34,195.1,19.558,35.146,1069.350,3.760
26927,05/04/26 11:40:53 AM,1.34,2.34,112.3,20.092,34.099,1069.350,3.801
26928,05/04/26 11:50:53 AM,1.00,2.34,75.8,20.660,34.885,1069.350,4.625
26929,05/04/26 12:00:53 PM,1.67,3.67,108.1,21.076,34.490,1069.350,4.828
26930,05/04/26 12:10:53 PM,1.00,2.34,67.4,20.915,34.176,1069.350,4.556
26931,05/04/26 12:20:53 PM,1.34,3.01,42.1,21.116,31.531,1069.350,3.585
26932,05/04/26 12:30:53 PM,1.34,3.34,87.0,21.124,31.530,1069.350,3.591
26933,05/04/26 12:40:53 PM,1.34,3.01,59.0,21.376,33.240,1069.350,4.563
26934,05/04/26 12:50:53 PM,1.34,3.34,122.1,21.639,31.508,1069.350,4.029
26935,05/04/26 01:00:53 PM,1.67,3.34,113.7,21.365,33.138,1069.350,4.510
26936,05/04/26 01:10:53 PM,2.00,5.34,99.7,22.086,31.907,1069.350,4.598
26937,05/04/26 01:20:53 PM,2.00,4.34,124.9,21.598,32.995,1069.350,4.652
26938,05/04/26 01:30:53 PM,1.34,3.01,168.5,21.861,32.110,1069.350,4.493
26939,05/04/26 01:40:53 PM,2.00,4.68,244.3,21.874,32.648,1069.350,4.742
26940,05/04/26 01:50:53 PM,2.67,5.34,237.3,21.987,32.834,1069.350,4.922
26941,05/04/26 02:00:53 PM,3.34,6.68,279.4,22.282,31.362,1069.350,4.522
26942,05/04/26 02:10:53 PM,2.34,6.68,293.4,21.853,30.117,1069.350,3.574
26943,05/04/26 02:20:53 PM,3.34,5.68,279.4,22.108,29.682,1069.350,3.588
26944,05/04/26 02:30:53 PM,3.34,6.35,237.3,22.349,29.729,1069.350,3.818
26945,05/04/26 02:40:53 PM,3.34,5.68,226.0,22.078,30.439,1069.350,3.919
26946,05/04/26 02:50:53 PM,1.34,3.67,256.9,22.228,30.442,1069.350,4.051
26947,05/04/26 03:00:53 PM,3.34,6.01,273.8,22.411,28.544,1069.350,3.295
26948,05/04/26 03:10:53 PM,2.34,5.34,245.7,22.700,29.368,1069.350,3.948
26949,05/04/26 03:20:53 PM,3.34,5.68,272.4,22.601,28.412,1069.350,3.393
26950,05/04/26 03:30:53 PM,3.34,6.35,271.0,22.454,29.834,1069.350,3.959
26951,05/04/26 03:40:53 PM,2.67,5.68,278.0,22.303,27.778,1069.350,2.818
26952,05/04/26 03:50:53 PM,3.67,6.68,258.3,22.494,31.139,1069.350,4.604
26953,05/04/26 04:00:53 PM,5.01,7.68,259.7,22.065,31.409,1069.350,4.355
26954,05/04/26 04:10:53 PM,3.67,7.01,268.1,22.164,30.007,1069.350,3.791
26955,05/04/26 04:20:53 PM,4.01,6.68,268.1,22.279,31.756,1069.350,4.698
26956,05/04/26 04:30:53 PM,4.01,6.35,258.3,22.118,30.459,1069.350,3.963
26957,05/04/26 04:40:53 PM,5.01,7.68,263.9,22.328,30.869,1069.350,4.336
26958,05/04/26 04:50:53 PM,4.34,6.01,268.1,22.097,31.362,1069.350,4.362
26959,05/04/26 05:00:53 PM,4.01,6.35,262.5,22.440,31.073,1069.350,4.527
26960,05/04/26 05:10:53 PM,4.01,6.35,271.0,22.207,30.684,1069.350,4.145
26961,05/04/26 05:20:53 PM,3.67,6.68,255.5,22.164,30.852,1069.350,4.186
26962,05/04/26 05:30:53 PM,4.01,7.35,248.5,22.164,31.803,1069.350,4.619
26963,05/04/26 05:40:53 PM,4.68,7.35,261.1,21.874,32.284,1069.350,4.581
26964,05/04/26 05:50:53 PM,4.68,7.68,262.5,21.748,32.445,1069.350,4.542
26965,05/04/26 06:00:53 PM,4.34,7.35,255.5,21.714,32.265,1069.350,4.433
26966,05/04/26 06:10:53 PM,5.01,7.35,263.9,21.478,32.749,1069.350,4.440
26967,05/04/26 06:20:53 PM,4.68,7.01,256.9,21.513,33.295,1069.350,4.707
26968,05/04/26 06:30:53 PM,4.01,6.01,262.5,21.628,34.429,1069.350,5.288
26969,05/04/26 06:40:53 PM,4.68,6.68,268.1,21.319,35.967,1069.350,5.645
26970,05/04/26 06:50:53 PM,4.68,7.35,262.5,21.027,37.621,1069.350,6.036
26971,05/04/26 07:00:53 PM,4.68,7.01,263.9,20.620,39.883,1069.350,6.520
26972,05/04/26 07:10:53 PM,4.34,6.35,262.5,20.550,41.045,1069.350,6.875
26973,05/04/26 07:20:53 PM,4.68,7.01,255.5,20.250,42.431,1069.350,7.089
26974,05/04/26 07:30:53 PM,4.01,7.01,252.7,20.035,43.822,1069.350,7.367
26975,05/04/26 07:40:53 PM,4.01,7.01,256.9,19.692,44.477,1069.350,7.273
26976,05/04/26 07:50:53 PM,3.34,6.01,261.1,19.204,45.664,1069.350,7.214
26977,05/04/26 08:00:53 PM,3.01,4.34,272.4,18.756,47.524,1069.350,7.389
26978,05/04/26 08:10:53 PM,2.34,3.01,275.2,17.799,50.434,1069.350,7.380
26979,05/04/26 08:20:53 PM,2.34,3.67,278.0,16.622,52.650,1069.350,6.921
26980,05/04/26 08:30:53 PM,2.67,3.67,276.6,15.743,54.110,1069.350,6.503
26981,05/04/26 08:40:53 PM,2.67,4.01,282.2,15.419,52.503,1069.350,5.766
26982,05/04/26 08:50:53 PM,2.34,3.34,275.2,14.850,52.341,1069.350,5.194
26983,05/04/26 09:00:53 PM,2.67,4.01,279.4,14.512,51.283,1069.350,4.589
26984,05/04/26 09:10:53 PM,2.67,4.01,289.2,14.459,49.908,1069.350,4.152
26985,05/04/26 09:20:53 PM,3.34,4.68,299.0,14.164,50.657,1069.350,4.092
26986,05/04/26 09:30:53 PM,3.67,5.01,301.8,14.349,49.387,1069.350,3.901
26987,05/04/26 09:40:53 PM,3.34,4.68,313.1,13.840,50.546,1069.350,3.762
26988,05/04/26 09:50:53 PM,3.01,4.34,324.3,12.633,54.057,1069.350,3.596
26989,05/04/26 10:00:53 PM,3.34,4.34,324.3,12.754,52.744,1069.350,3.360
26990,05/04/26 10:10:53 PM,1.67,3.67,303.2,12.518,52.360,1069.350,3.038
26991,05/04/26 10:20:53 PM,1.34,3.01,109.5,10.668,59.290,1069.350,3.065
26992,05/04/26 10:30:53 PM,1.34,2.00,12.6,11.041,57.115,1069.350,2.888
26993,05/04/26 10:40:53 PM,1.34,2.34,327.1,11.789,54.218,1069.350,2.853
26994,05/04/26 10:50:53 PM,2.00,2.67,238.7,10.963,56.663,1069.350,2.703
26995,05/04/26 11:00:53 PM,2.00,2.67,280.8,10.400,57.243,1069.350,2.319
26996,05/04/26 11:10:53 PM,1.67,2.34,297.6,9.990,58.073,1069.350,2.136
26997,05/04/26 11:20:53 PM,1.34,2.00,317.3,9.998,56.515,1069.350,1.763
26998,05/04/26 11:30:53 PM,1.00,2.00,324.3,10.850,52.728,1069.350,1.589
26999,05/04/26 11:40:53 PM,0.00,1.00,334.1,10.427,53.410,1069.350,1.375
27000,05/04/26 11:50:53 PM,0.33,1.34,352.4,10.617,52.555,1069.350,1.327
27001,05/05/26 12:00:53 AM,0.67,1.00,1.4,10.502,53.483,1069.350,1.464
27002,05/05/26 12:10:53 AM,0.67,1.67,286.4,9.596,57.230,1069.350,1.562
27003,05/05/26 12:20:53 AM,0.67,1.34,293.4,9.628,57.993,1069.350,1.777
27004,05/05/26 12:30:53 AM,1.34,2.34,2.8,10.633,57.951,1069.350,2.710
27005,05/05/26 12:40:53 AM,1.34,2.34,117.9,8.770,65.956,1069.350,2.770
27006,05/05/26 12:50:53 AM,0.33,1.00,130.6,7.408,71.897,1069.350,2.679
27007,05/05/26 01:00:53 AM,1.00,2.34,63.2,8.239,70.306,1069.350,3.163
27008,05/05/26 01:10:53 AM,0.67,1.67,30.9,8.904,69.203,1069.350,3.577
27009,05/05/26 01:20:53 AM,0.67,2.67,44.9,9.429,68.089,1069.350,3.850
27010,05/05/26 01:30:53 AM,1.67,3.01,109.5,9.869,65.705,1069.350,3.764
27011,05/05/26 01:40:53 AM,1.67,3.01,122.1,9.984,64.616,1069.350,3.636
27012,05/05/26 01:50:53 AM,0.67,2.34,213.4,8.100,70.304,1069.350,3.029
27013,05/05/26 02:00:53 AM,0.67,1.34,235.9,8.094,71.258,1069.350,3.214
27014,05/05/26 02:10:53 AM,0.33,1.34,269.6,8.234,70.826,1069.350,3.262
27015,05/05/26 02:20:53 AM,0.67,1.67,271.0,8.545,69.462,1069.350,3.286
27016,05/05/26 02:30:53 AM,1.67,2.00,292.0,6.475,75.615,1069.350,2.487
27017,05/05/26 02:40:53 AM,0.67,1.67,335.5,7.561,72.796,1069.350,3.002
27018,05/05/26 02:50:53 AM,1.00,2.00,265.3,7.848,70.774,1069.350,2.881
27019,05/05/26 03:00:53 AM,0.33,1.00,313.1,8.126,69.805,1069.350,2.954
27020,05/05/26 03:10:53 AM,0.67,1.67,355.2,8.789,66.835,1069.350,2.975
27021,05/05/26 03:20:53 AM,0.67,1.67,355.2,7.461,70.341,1069.350,2.423
27022,05/05/26 03:30:53 AM,0.33,1.34,320.1,6.738,73.149,1069.350,2.276
27023,05/05/26 03:40:53 AM,0.67,1.67,49.1,7.402,70.338,1069.350,2.365
27024,05/05/26 03:50:53 AM,0.33,1.34,167.1,7.043,71.221,1069.350,2.195
27025,05/05/26 04:00:53 AM,0.33,1.34,256.9,7.402,70.274,1069.350,2.353
27026,05/05/26 04:10:53 AM,1.00,3.34,77.2,7.657,69.288,1069.350,2.399
27027,05/05/26 04:20:53 AM,0.67,2.00,77.2,8.000,67.758,1069.350,2.414
27028,05/05/26 04:30:53 AM,1.00,1.67,59.0,8.191,67.063,1069.350,2.452
27029,05/05/26 04:40:53 AM,0.33,1.00,85.6,7.429,69.305,1069.350,2.184
27030,05/05/26 04:50:53 AM,0.00,0.67,117.9,7.159,70.158,1069.350,2.096
27031,05/05/26 05:00:53 AM,1.00,2.34,178.3,6.494,72.032,1069.350,1.825
27032,05/05/26 05:10:53 AM,1.67,2.67,273.8,4.695,78.572,1069.350,1.294
27033,05/05/26 05:20:53 AM,1.34,1.67,293.4,5.502,76.744,1069.350,1.751
27034,05/05/26 05:30:53 AM,1.34,1.67,299.0,6.207,74.046,1069.350,1.934
27035,05/05/26 05:40:53 AM,1.34,1.67,282.2,5.593,75.805,1069.350,1.667
27036,05/05/26 05:50:53 AM,1.34,1.67,285.0,5.199,77.275,1069.350,1.553
27037,05/05/26 06:00:53 AM,1.00,1.67,255.5,4.998,78.482,1069.350,1.573
27038,05/05/26 06:10:53 AM,0.33,1.67,247.1,5.949,74.876,1069.350,1.840
27039,05/05/26 06:20:53 AM,1.67,2.34,237.3,4.821,82.083,1069.350,2.027
27040,05/05/26 06:30:53 AM,1.34,2.67,287.8,4.847,83.532,1069.350,2.298
27041,05/05/26 06:40:53 AM,1.67,3.34,355.2,7.276,72.340,1069.350,2.639
27042,05/05/26 06:50:53 AM,0.67,1.34,15.4,7.654,70.840,1069.350,2.708
27043,05/05/26 07:00:53 AM,0.00,0.67,16.8,7.314,72.181,1069.350,2.644
27044,05/05/26 07:10:53 AM,0.33,1.34,59.0,7.346,72.503,1069.350,2.738
27045,05/05/26 07:20:53 AM,0.67,1.67,91.3,7.311,74.728,1069.350,3.130
27046,05/05/26 07:30:53 AM,0.67,1.67,108.1,6.979,78.245,1069.350,3.459
27047,05/05/26 07:40:53 AM,0.00,0.67,105.3,7.684,76.178,1069.350,3.764
27048,05/05/26 07:50:53 AM,0.00,1.00,130.6,7.791,74.549,1069.350,3.561
27049,05/05/26 08:00:53 AM,1.00,1.67,255.5,8.049,75.811,1069.350,4.049
27050,05/05/26 08:10:53 AM,2.00,3.34,314.5,9.794,70.658,1069.350,4.728
27051,05/05/26 08:20:53 AM,1.34,3.34,308.9,10.657,63.706,1069.350,4.073
27052,05/05/26 08:30:53 AM,0.67,1.67,301.8,11.177,60.563,1069.350,3.846
27053,05/05/26 08:40:53 AM,0.00,1.00,301.8,11.601,59.583,1069.350,4.013
27054,05/05/26 08:50:53 AM,0.33,1.34,238.7,12.030,59.094,1069.350,4.300
27055,05/05/26 09:00:53 AM,0.67,1.67,195.1,12.419,58.398,1069.350,4.496
27056,05/05/26 09:10:53 AM,1.34,2.67,161.5,12.494,57.427,1069.350,4.327
27057,05/05/26 09:20:53 AM,2.00,3.01,120.7,13.687,55.723,1069.350,5.012
27058,05/05/26 09:30:53 AM,1.67,3.01,102.5,12.952,58.770,1069.350,5.088
27059,05/05/26 09:40:53 AM,3.01,4.34,89.9,13.756,57.458,1069.350,5.517
27060,05/05/26 09:50:53 AM,2.34,4.34,94.1,13.756,56.057,1069.350,5.162
27061,05/05/26 10:00:53 AM,2.67,4.68,77.2,14.239,54.824,1069.350,5.293
27062,05/05/26 10:10:53 AM,2.00,3.67,108.1,14.577,56.085,1069.350,5.936
27063,05/05/26 10:20:53 AM,2.34,4.34,96.9,14.705,58.317,1069.350,6.622
27064,05/05/26 10:30:53 AM,2.34,4.34,103.9,14.014,60.900,1069.350,6.602
27065,05/05/26 10:40:53 AM,2.00,3.34,98.3,14.684,58.421,1069.350,6.628
27066,05/05/26 10:50:53 AM,1.34,3.01,85.6,14.936,57.162,1069.350,6.547
27067,05/05/26 11:00:53 AM,1.00,3.01,161.5,15.467,55.039,1069.350,6.493
27068,05/05/26 11:10:53 AM,1.67,3.34,160.0,15.124,55.259,1069.350,6.232
27069,05/05/26 11:20:53 AM,2.34,6.35,269.6,15.848,53.082,1069.350,6.322
27070,05/05/26 11:30:53 AM,3.67,6.01,262.5,16.362,50.771,1069.350,6.152
27071,05/05/26 11:40:53 AM,3.67,6.35,249.9,16.362,51.357,1069.350,6.319
27072,05/05/26 11:50:53 AM,4.01,6.35,266.7,16.684,50.648,1069.350,6.414
27073,05/05/26 12:00:53 PM,4.01,7.68,241.5,16.789,50.747,1069.350,6.539
27074,05/05/26 12:10:53 PM,4.01,6.68,234.5,16.687,50.471,1069.350,6.366
27075,05/05/26 12:20:53 PM,4.01,7.01,255.5,17.274,49.294,1069.350,6.564
27076,05/05/26 12:30:53 PM,4.68,6.01,244.3,17.252,49.444,1069.350,6.588
27077,05/05/26 12:40:53 PM,4.68,8.35,266.7,17.352,49.131,1069.350,6.587
27078,05/05/26 12:50:53 PM,4.01,7.01,255.5,16.730,49.668,1069.350,6.173
27079,05/05/26 01:00:53 PM,3.67,7.01,263.9,15.982,50.872,1069.350,5.831
27080,05/05/26 01:10:53 PM,4.68,7.01,255.5,17.435,49.387,1069.350,6.739
27081,05/05/26 01:20:53 PM,4.68,7.68,241.5,17.349,49.810,1069.350,6.784
27082,05/05/26 01:30:53 PM,4.68,7.68,221.8,17.810,49.345,1069.350,7.071
27083,05/05/26 01:40:53 PM,4.34,7.68,268.1,18.370,47.768,1069.350,7.111
27084,05/05/26 01:50:53 PM,4.34,7.35,241.5,18.443,48.005,1069.350,7.250
27085,05/05/26 02:00:53 PM,4.68,7.35,240.1,17.778,48.458,1069.350,6.778
27086,05/05/26 02:10:53 PM,4.01,7.01,234.5,18.161,48.528,1069.350,7.150
27087,05/05/26 02:20:53 PM,4.34,7.35,241.5,18.333,48.029,1069.350,7.157
27088,05/05/26 02:30:53 PM,4.68,7.68,237.3,18.703,47.369,1069.350,7.293
27089,05/05/26 02:40:53 PM,4.68,9.02,252.7,17.982,47.556,1069.350,6.691
27090,05/05/26 02:50:53 PM,5.01,9.02,237.3,18.403,47.422,1069.350,7.035
27091,05/05/26 03:00:53 PM,5.34,8.02,242.9,18.765,46.018,1069.350,6.927
27092,05/05/26 03:10:53 PM,5.34,8.35,255.5,19.330,44.891,1069.350,7.079
27093,05/05/26 03:20:53 PM,5.34,9.02,255.5,19.464,44.974,1069.350,7.228
27094,05/05/26 03:30:53 PM,6.01,10.35,256.9,19.773,44.483,1069.350,7.348
27095,05/05/26 03:40:53 PM,7.01,11.02,242.9,19.553,44.746,1069.350,7.235
27096,05/05/26 03:50:53 PM,7.35,11.35,251.3,19.740,42.827,1069.350,6.765
27097,05/05/26 04:00:53 PM,7.01,10.69,263.9,20.108,40.108,1069.350,6.143
27098,05/05/26 04:10:53 PM,7.01,11.35,280.8,20.293,39.435,1069.350,6.064
27099,05/05/26 04:20:53 PM,6.68,10.69,279.4,20.338,39.979,1069.350,6.302
27100,05/05/26 04:30:53 PM,7.68,12.69,280.8,19.904,40.142,1069.350,5.973
27101,05/05/26 04:40:53 PM,7.01,12.69,282.2,20.000,40.209,1069.350,6.083
27102,05/05/26 04:50:53 PM,7.68,11.69,283.6,19.687,40.941,1069.350,6.063
27103,05/05/26 05:00:53 PM,7.68,11.02,271.0,19.462,42.193,1069.350,6.297
27104,05/05/26 05:10:53 PM,7.35,11.35,271.0,19.558,42.699,1069.350,6.557
27105,05/05/26 05:20:53 PM,7.68,11.35,282.2,19.590,43.153,1069.350,6.739
27106,05/05/26 05:30:53 PM,7.01,10.69,306.1,18.866,36.724,1069.350,3.772
27107,05/05/26 05:40:53 PM,8.02,13.69,321.5,19.770,26.921,1069.350,0.213
27108,05/05/26 05:50:53 PM,8.35,12.69,318.7,19.901,24.933,1069.350,-0.729
27109,05/05/26 06:00:53 PM,7.35,11.35,318.7,19.826,26.255,1069.350,-0.084
27110,05/05/26 06:10:53 PM,7.01,10.69,321.5,19.735,27.355,1069.350,0.404
27111,05/05/26 06:20:53 PM,7.68,12.36,320.1,19.660,27.900,1069.350,0.612
27112,05/05/26 06:30:53 PM,8.68,12.69,325.7,19.303,28.211,1069.350,0.459
27113,05/05/26 06:40:53 PM,7.68,12.02,327.1,19.274,28.164,1069.350,0.411
27114,05/05/26 06:50:53 PM,7.01,10.69,317.3,19.236,28.853,1069.350,0.712
27115,05/05/26 07:00:53 PM,7.01,11.02,314.5,19.078,29.709,1069.350,0.981
27116,05/05/26 07:10:53 PM,6.35,10.02,311.7,18.904,30.430,1069.350,1.163
27117,05/05/26 07:20:53 PM,6.68,9.68,314.5,18.464,31.417,1069.350,1.225
27118,05/05/26 07:30:53 PM,6.35,8.68,310.3,17.086,33.391,1069.350,0.866
27119,05/05/26 07:40:53 PM,5.34,8.35,310.3,16.191,35.320,1069.350,0.856
27120,05/05/26 07:50:53 PM,5.34,9.68,315.9,16.451,33.912,1069.350,0.522
27121,05/05/26 08:00:53 PM,6.35,10.69,318.7,17.274,31.141,1069.350,0.066
27122,05/05/26 08:10:53 PM,6.35,10.35,322.9,16.888,30.913,1069.350,-0.371
27123,05/05/26 08:20:53 PM,5.01,7.68,320.1,16.180,32.883,1069.350,-0.141
27124,05/05/26 08:30:53 PM,5.68,9.35,322.9,15.818,33.036,1069.350,-0.395
27125,05/05/26 08:40:53 PM,5.34,7.35,324.3,15.279,33.770,1069.350,-0.567
27126,05/05/26 08:50:53 PM,4.68,7.35,328.5,14.936,33.999,1069.350,-0.777
27127,05/05/26 09:00:53 PM,4.34,6.01,325.7,14.301,35.193,1069.350,-0.865
27128,05/05/26 09:10:53 PM,5.01,7.01,329.9,14.250,34.688,1069.350,-1.108
27129,05/05/26 09:20:53 PM,4.68,6.68,329.9,14.389,34.063,1069.350,-1.233
27130,05/05/26 09:30:53 PM,4.34,6.01,331.3,14.008,34.899,1069.350,-1.239
27131,05/05/26 09:40:53 PM,4.34,6.35,325.7,13.542,36.011,1069.350,-1.224
27132,05/05/26 09:50:53 PM,4.68,7.68,328.5,13.799,35.132,1069.350,-1.333
27133,05/05/26 10:00:53 PM,5.01,7.35,325.7,13.767,35.473,1069.350,-1.230
27134,05/05/26 10:10:53 PM,5.34,7.35,325.7,13.743,35.607,1069.350,-1.200
27135,05/05/26 10:20:53 PM,5.01,7.35,325.7,13.180,36.971,1069.350,-1.187
27136,05/05/26 10:30:53 PM,4.68,6.35,327.1,12.526,38.709,1069.350,-1.145
27137,05/05/26 10:40:53 PM,4.34,6.01,324.3,12.159,39.551,1069.350,-1.181
27138,05/05/26 10:50:53 PM,4.34,5.68,325.7,11.676,40.815,1069.350,-1.186
27139,05/05/26 11:00:53 PM,4.01,5.34,331.3,11.759,40.278,1069.350,-1.292
27140,05/05/26 11:10:53 PM,4.01,5.68,332.7,11.617,40.398,1069.350,-1.379
27141,05/05/26 11:20:53 PM,5.01,6.01,334.1,11.271,41.273,1069.350,-1.399
27142,05/05/26 11:30:53 PM,4.68,6.35,335.5,11.542,40.595,1069.350,-1.380
27143,05/05/26 11:40:53 PM,4.68,6.01,341.2,11.212,41.569,1069.350,-1.355
27144,05/05/26 11:50:53 PM,5.01,8.35,12.6,10.700,44.968,1069.350,-0.748
27145,05/06/26 12:00:53 AM,5.68,9.35,46.3,9.617,52.094,1069.350,0.277
27146,05/06/26 12:10:53 AM,4.34,7.01,40.7,8.472,53.866,1069.350,-0.326
27147,05/06/26 12:20:53 AM,4.01,6.01,39.3,7.472,52.363,1069.350,-1.642
27148,05/06/26 12:30:53 AM,4.01,6.01,37.9,6.952,52.320,1069.350,-2.136
27149,05/06/26 12:40:53 AM,5.01,7.68,42.1,6.649,52.367,1069.350,-2.406
27150,05/06/26 12:50:53 AM,5.01,6.35,35.1,6.322,53.303,1069.350,-2.471
27151,05/06/26 01:00:53 AM,3.67,5.68,35.1,5.794,54.873,1069.350,-2.572
27152,05/06/26 01:10:53 AM,2.67,5.01,43.5,5.183,56.878,1069.350,-2.661
27153,05/06/26 01:20:53 AM,1.67,3.34,117.9,4.343,60.592,1069.350,-2.600
27154,05/06/26 01:30:53 AM,1.67,3.01,176.9,3.558,63.534,1069.350,-2.706
27155,05/06/26 01:40:53 AM,0.67,2.00,109.5,4.099,61.849,1069.350,-2.554
27156,05/06/26 01:50:53 AM,0.67,1.67,84.2,3.523,63.093,1069.350,-2.833
27157,05/06/26 02:00:53 AM,1.00,1.67,19.7,3.167,63.902,1069.350,-3.000
27158,05/06/26 02:10:53 AM,0.67,2.00,345.4,2.461,65.919,1069.350,-3.256
27159,05/06/26 02:20:53 AM,0.67,1.67,325.7,1.872,67.962,1069.350,-3.411
27160,05/06/26 02:30:53 AM,1.00,1.67,353.8,2.137,67.425,1069.350,-3.263
27161,05/06/26 02:40:53 AM,0.67,1.34,61.8,2.338,66.558,1069.350,-3.244
27162,05/06/26 02:50:53 AM,0.67,2.00,318.7,1.850,67.976,1069.350,-3.429
27163,05/06/26 03:00:53 AM,1.00,1.67,63.2,2.073,67.280,1069.350,-3.353
27164,05/06/26 03:10:53 AM,1.00,1.67,221.8,0.191,72.338,1069.350,-4.195
27165,05/06/26 03:20:53 AM,0.67,1.34,300.4,-0.043,74.910,1069.350,-3.957
27166,05/06/26 03:30:53 AM,0.00,0.00,300.4,1.196,71.307,1069.350,-3.418
27167,05/06/26 03:40:53 AM,0.33,1.34,300.4,0.982,71.742,1069.350,-3.543
27168,05/06/26 03:50:53 AM,0.67,1.34,308.9,0.019,74.757,1069.350,-3.924
27169,05/06/26 04:00:53 AM,0.67,1.00,318.7,-0.061,75.082,1069.350,-3.944
27170,05/06/26 04:10:53 AM,1.34,2.00,300.4,-0.871,77.183,1069.350,-4.364
27171,05/06/26 04:20:53 AM,1.00,1.67,307.5,-0.866,78.024,1069.350,-4.215
27172,05/06/26 04:30:53 AM,1.00,1.34,324.3,-0.431,76.745,1069.350,-4.012
27173,05/06/26 04:40:53 AM,1.00,1.67,314.5,-0.517,76.809,1069.350,-4.084
27174,05/06/26 04:50:53 AM,1.00,1.67,263.9,-1.351,78.715,1069.350,-4.571
27175,05/06/26 05:00:53 AM,1.34,2.00,269.6,-2.378,81.851,1069.350,-5.058
27176,05/06/26 05:10:53 AM,1.34,2.00,287.8,-2.254,82.844,1069.350,-4.777
27177,05/06/26 05:20:53 AM,1.34,1.67,290.6,-2.158,82.165,1069.350,-4.792
27178,05/06/26 05:30:53 AM,1.34,1.67,301.8,-1.901,81.779,1069.350,-4.602
27179,05/06/26 05:40:53 AM,1.00,1.67,324.3,-1.225,80.218,1069.350,-4.197
27180,05/06/26 05:50:53 AM,1.34,2.00,279.4,-1.523,79.779,1069.350,-4.560
27181,05/06/26 06:00:53 AM,1.34,1.67,265.3,-2.651,84.048,1069.350,-4.976
27182,05/06/26 06:10:53 AM,1.34,2.00,282.2,-2.691,84.602,1069.350,-4.928
27183,05/06/26 06:20:53 AM,1.34,2.34,294.8,-1.876,82.272,1069.350,-4.498
27184,05/06/26 06:30:53 AM,1.34,2.00,296.2,-2.209,82.589,1069.350,-4.773
27185,05/06/26 06:40:53 AM,1.34,2.34,283.6,-1.600,80.822,1069.350,-4.464
27186,05/06/26 06:50:53 AM,1.34,2.34,306.1,-0.638,78.872,1069.350,-3.849
27187,05/06/26 07:00:53 AM,1.34,2.34,286.4,1.124,72.802,1069.350,-3.209
27188,05/06/26 07:10:53 AM,1.00,2.00,292.0,1.925,69.033,1069.350,-3.151
27189,05/06/26 07:20:53 AM,0.00,1.00,287.8,3.148,65.325,1069.350,-2.722
27190,05/06/26 07:30:53 AM,0.00,1.34,279.4,4.410,59.921,1069.350,-2.687
27191,05/06/26 07:40:53 AM,0.67,1.34,150.2,5.006,58.154,1069.350,-2.528
27192,05/06/26 07:50:53 AM,0.67,1.67,88.4,5.421,56.428,1069.350,-2.544
27193,05/06/26 08:00:53 AM,1.67,3.01,59.0,5.601,56.037,1069.350,-2.470
27194,05/06/26 08:10:53 AM,1.67,3.01,82.8,5.909,55.697,1069.350,-2.263
27195,05/06/26 08:20:53 AM,1.67,3.01,91.3,5.974,55.700,1069.350,-2.202
27196,05/06/26 08:30:53 AM,2.00,4.01,94.1,6.432,55.007,1069.350,-1.943
27197,05/06/26 08:40:53 AM,2.00,3.67,103.9,6.362,55.319,1069.350,-1.932
27198,05/06/26 08:50:53 AM,2.00,3.67,91.3,6.697,55.625,1069.350,-1.544
27199,05/06/26 09:00:53 AM,1.67,3.67,68.8,7.515,53.654,1069.350,-1.271
27200,05/06/26 09:10:53 AM,1.67,2.67,73.0,7.480,53.266,1069.350,-1.403
27201,05/06/26 09:20:53 AM,1.67,3.34,98.3,8.293,52.406,1069.350,-0.869
27202,05/06/26 09:30:53 AM,1.34,3.01,94.1,8.663,51.897,1069.350,-0.659
27203,05/06/26 09:40:53 AM,1.34,3.01,99.7,8.807,51.090,1069.350,-0.740
27204,05/06/26 09:50:53 AM,0.67,2.34,105.3,9.689,50.112,1069.350,-0.190
27205,05/06/26 10:00:53 AM,1.34,3.01,102.5,10.220,49.522,1069.350,0.137
27206,05/06/26 10:10:53 AM,1.00,2.34,91.3,10.695,49.230,1069.350,0.493
27207,05/06/26 10:20:53 AM,0.67,2.34,63.2,11.049,47.811,1069.350,0.414
27208,05/06/26 10:30:53 AM,0.67,2.67,94.1,11.443,47.582,1069.350,0.709
27209,05/06/26 10:40:53 AM,0.67,2.67,303.2,12.156,47.356,1069.350,1.297
27210,05/06/26 10:50:53 AM,1.34,4.34,254.1,12.569,46.043,1069.350,1.283
27211,05/06/26 11:00:53 AM,1.34,4.34,224.6,13.285,46.230,1069.350,1.994
27212,05/06/26 11:10:53 AM,3.01,5.01,259.7,13.614,45.142,1069.350,1.961
27213,05/06/26 11:20:53 AM,3.34,5.68,254.1,14.239,45.483,1069.350,2.636
27214,05/06/26 11:30:53 AM,4.01,6.35,278.0,14.177,45.576,1069.350,2.608
27215,05/06/26 11:40:53 AM,4.01,7.01,289.2,14.303,46.183,1069.350,2.909
27216,05/06/26 11:50:53 AM,4.01,7.01,287.8,14.518,46.073,1069.350,3.072
27217,05/06/26 12:00:53 PM,4.01,7.68,263.9,14.770,44.813,1069.350,2.910
27218,05/06/26 12:10:53 PM,3.01,5.68,273.8,15.000,45.183,1069.350,3.235
27219,05/06/26 12:20:53 PM,3.34,5.68,289.2,15.290,45.496,1069.350,3.597
27220,05/06/26 12:30:53 PM,3.34,5.34,301.8,15.630,44.950,1069.350,3.735
27221,05/06/26 12:40:53 PM,3.34,5.68,278.0,16.201,44.654,1069.350,4.161
27222,05/06/26 12:50:53 PM,3.01,5.34,255.5,16.531,44.428,1069.350,4.388
27223,05/06/26 01:00:53 PM,3.67,7.35,272.4,16.840,43.769,1069.350,4.455
27224,05/06/26 01:10:53 PM,4.01,7.01,278.0,17.097,43.343,1069.350,4.548
27225,05/06/26 01:20:53 PM,4.01,6.35,306.1,16.952,43.821,1069.350,4.573
27226,05/06/26 01:30:53 PM,5.01,8.35,269.6,17.432,43.301,1069.350,4.837
27227,05/06/26 01:40:53 PM,4.68,10.35,287.8,17.000,43.615,1069.350,4.549
27228,05/06/26 01:50:53 PM,4.68,7.68,249.9,17.547,43.442,1069.350,4.988
27229,05/06/26 02:00:53 PM,5.01,9.02,256.9,17.319,42.835,1069.350,4.580
27230,05/06/26 02:10:53 PM,5.01,9.02,251.3,17.821,42.910,1069.350,5.059
27231,05/06/26 02:20:53 PM,5.34,9.35,268.1,17.754,42.623,1069.350,4.902
27232,05/06/26 02:30:53 PM,5.34,8.02,265.3,18.057,42.629,1069.350,5.178
27233,05/06/26 02:40:53 PM,5.68,8.35,249.9,18.067,42.943,1069.350,5.292
27234,05/06/26 02:50:53 PM,6.01,9.35,280.8,18.003,42.528,1069.350,5.095
27235,05/06/26 03:00:53 PM,5.68,8.68,273.8,17.982,42.904,1069.350,5.202
27236,05/06/26 03:10:53 PM,5.68,9.68,256.9,18.480,42.629,1069.350,5.560
27237,05/06/26 03:20:53 PM,7.01,11.02,258.3,18.483,42.417,1069.350,5.491
27238,05/06/26 03:30:53 PM,7.01,9.68,256.9,18.456,42.422,1069.350,5.468
27239,05/06/26 03:40:53 PM,7.01,11.02,275.2,18.850,41.717,1069.350,5.582
27240,05/06/26 03:50:53 PM,7.35,10.69,266.7,18.416,42.325,1069.350,5.399
27241,05/06/26 04:00:53 PM,7.68,11.69,272.4,18.641,42.380,1069.350,5.621
27242,05/06/26 04:10:53 PM,7.68,12.02,269.6,18.773,42.197,1069.350,5.677
27243,05/06/26 04:20:53 PM,7.01,10.69,272.4,18.904,41.840,1069.350,5.673
27244,05/06/26 04:30:53 PM,6.68,10.69,275.2,19.226,41.076,1069.350,5.696
27245,05/06/26 04:40:53 PM,6.35,11.02,271.0,18.960,41.599,1069.350,5.640
27246,05/06/26 04:50:53 PM,7.01,10.35,271.0,18.746,41.544,1069.350,5.428
27247,05/06/26 05:00:53 PM,6.35,9.68,263.9,19.177,40.824,1069.350,5.564
27248,05/06/26 05:10:53 PM,7.35,10.35,266.7,19.108,40.920,1069.350,5.536
27249,05/06/26 05:20:53 PM,7.01,10.35,271.0,19.148,40.620,1069.350,5.465
27250,05/06/26 05:30:53 PM,6.68,10.02,269.6,19.129,40.101,1069.350,5.263
27251,05/06/26 05:40:53 PM,6.68,10.02,262.5,19.070,39.741,1069.350,5.081
27252,05/06/26 05:50:53 PM,7.01,10.35,269.6,19.035,39.777,1069.350,5.063
27253,05/06/26 06:00:53 PM,6.35,10.02,261.1,19.019,39.278,1069.350,4.867
27254,05/06/26 06:10:53 PM,5.68,9.68,272.4,19.365,40.089,1069.350,5.471
27255,05/06/26 06:20:53 PM,6.35,9.35,272.4,18.979,40.015,1069.350,5.098
27256,05/06/26 06:30:53 PM,4.68,6.35,266.7,18.845,41.523,1069.350,5.510
27257,05/06/26 06:40:53 PM,5.68,9.02,278.0,18.464,41.875,1069.350,5.288
27258,05/06/26 06:50:53 PM,5.68,8.35,272.4,18.596,42.252,1069.350,5.536
27259,05/06/26 07:00:53 PM,6.01,9.02,273.8,18.282,42.892,1069.350,5.469
27260,05/06/26 07:10:53 PM,6.01,9.02,282.2,17.842,43.665,1069.350,5.329
27261,05/06/26 07:20:53 PM,4.68,7.35,282.2,17.494,45.013,1069.350,5.450
27262,05/06/26 07:30:53 PM,4.01,6.68,275.2,17.319,45.835,1069.350,5.552
27263,05/06/26 07:40:53 PM,3.01,5.01,273.8,16.807,48.197,1069.350,5.809
27264,05/06/26 07:50:53 PM,3.01,4.34,278.0,16.373,48.843,1069.350,5.603
27265,05/06/26 08:00:53 PM,2.67,5.01,280.8,15.968,50.457,1069.350,5.699
27266,05/06/26 08:10:53 PM,2.34,4.01,279.4,15.917,50.452,1069.350,5.651
27267,05/06/26 08:20:53 PM,2.00,3.01,283.6,15.322,52.412,1069.350,5.651
27268,05/06/26 08:30:53 PM,2.00,3.34,287.8,14.955,53.303,1069.350,5.554
27269,05/06/26 08:40:53 PM,1.34,2.67,299.0,14.110,55.894,1069.350,5.451
27270,05/06/26 08:50:53 PM,1.00,1.34,297.6,13.392,57.920,1069.350,5.291
27271,05/06/26 09:00:53 PM,0.67,1.00,290.6,12.963,59.139,1069.350,5.188
27272,05/06/26 09:10:53 PM,1.00,2.67,294.8,11.850,62.246,1069.350,4.873
27273,05/06/26 09:20:53 PM,1.34,2.34,286.4,11.982,61.709,1069.350,4.873
27274,05/06/26 09:30:53 PM,1.34,2.34,290.6,11.923,61.733,1069.350,4.823
27275,05/06/26 09:40:53 PM,1.34,2.00,283.6,11.502,62.976,1069.350,4.710
27276,05/06/26 09:50:53 PM,1.34,1.67,289.2,11.526,63.047,1069.350,4.749
27277,05/06/26 10:00:53 PM,1.34,1.67,294.8,11.655,62.907,1069.350,4.840
27278,05/06/26 10:10:53 PM,1.34,1.67,293.4,11.502,63.444,1069.350,4.816
27279,05/06/26 10:20:53 PM,2.00,2.67,272.4,11.923,62.267,1069.350,4.947
27280,05/06/26 10:30:53 PM,2.00,3.01,263.9,11.429,64.248,1069.350,4.928
27281,05/06/26 10:40:53 PM,1.67,2.34,289.2,11.285,65.377,1069.350,5.041
27282,05/06/26 10:50:53 PM,1.34,2.00,317.3,11.858,63.285,1069.350,5.118
27283,05/06/26 11:00:53 PM,1.34,2.00,282.2,11.526,64.419,1069.350,5.058
27284,05/06/26 11:10:53 PM,1.34,2.34,287.8,10.877,66.787,1069.350,4.958
27285,05/06/26 11:20:53 PM,1.34,2.00,296.2,10.705,67.636,1069.350,4.975
27286,05/06/26 11:30:53 PM,1.00,1.67,306.1,11.016,67.126,1069.350,5.163
27287,05/06/26 11:40:53 PM,0.33,1.34,266.7,10.550,69.343,1069.350,5.184
27288,05/06/26 11:50:53 PM,0.00,0.00,228.8,10.722,69.032,1069.350,5.284
27289,05/07/26 12:00:53 AM,1.00,2.00,306.1,11.145,67.210,1069.350,5.304
27290,05/07/26 12:10:53 AM,1.00,1.67,297.6,11.357,66.833,1069.350,5.426
27291,05/07/26 12:20:53 AM,1.67,2.67,315.9,11.244,66.999,1069.350,5.354
27292,05/07/26 12:30:53 AM,1.67,2.67,255.5,11.049,67.189,1069.350,5.208
27293,05/07/26 12:40:53 AM,1.67,2.67,283.6,11.590,64.831,1069.350,5.210
27294,05/07/26 12:50:53 AM,1.34,3.01,278.0,11.073,66.461,1069.350,5.075
27295,05/07/26 01:00:53 AM,1.67,3.01,262.5,10.550,67.829,1069.350,4.867
27296,05/07/26 01:10:53 AM,1.34,3.34,289.2,9.496,71.397,1069.350,4.590
27297,05/07/26 01:20:53 AM,1.34,2.00,265.3,9.365,72.218,1069.350,4.628
27298,05/07/26 01:30:53 AM,1.67,2.67,268.1,9.188,72.193,1069.350,4.452
27299,05/07/26 01:40:53 AM,1.34,2.67,259.7,9.091,71.733,1069.350,4.268
27300,05/07/26 01:50:53 AM,1.67,2.67,268.1,8.931,71.855,1069.350,4.138
27301,05/07/26 02:00:53 AM,2.00,3.01,263.9,8.142,73.849,1069.350,3.766
27302,05/07/26 02:10:53 AM,1.34,2.00,272.4,6.242,80.409,1069.350,3.127
27303,05/07/26 02:20:53 AM,1.67,3.01,272.4,6.652,80.146,1069.350,3.480
27304,05/07/26 02:30:53 AM,2.00,3.67,278.0,8.116,75.257,1069.350,4.010
27305,05/07/26 02:40:53 AM,2.00,3.01,273.8,8.478,73.510,1069.350,4.025
27306,05/07/26 02:50:53 AM,1.67,2.67,280.8,8.770,72.461,1069.350,4.102
27307,05/07/26 03:00:53 AM,1.67,2.67,290.6,8.118,74.113,1069.350,3.794
27308,05/07/26 03:10:53 AM,2.00,3.01,268.1,7.113,77.075,1069.350,3.376
27309,05/07/26 03:20:53 AM,1.67,2.34,286.4,5.839,81.842,1069.350,2.982
27310,05/07/26 03:30:53 AM,2.00,2.67,300.4,6.848,78.958,1069.350,3.460
27311,05/07/26 03:40:53 AM,2.00,3.34,293.4,7.360,77.221,1069.350,3.642
27312,05/07/26 03:50:53 AM,2.34,3.67,293.4,7.553,76.201,1069.350,3.641
27313,05/07/26 04:00:53 AM,3.34,4.34,297.6,7.360,76.962,1069.350,3.595
27314,05/07/26 04:10:53 AM,1.67,4.01,287.8,7.183,77.630,1069.350,3.545
27315,05/07/26 04:20:53 AM,2.00,3.67,314.5,7.676,76.912,1069.350,3.892
27316,05/07/26 04:30:53 AM,3.01,4.68,320.1,8.030,75.358,1069.350,3.945
27317,05/07/26 04:40:53 AM,3.34,5.01,320.1,7.944,75.592,1069.350,3.906
27318,05/07/26 04:50:53 AM,3.67,5.34,325.7,8.019,75.227,1069.350,3.910
27319,05/07/26 05:00:53 AM,2.00,4.68,315.9,7.896,75.413,1069.350,3.826
27320,05/07/26 05:10:53 AM,2.00,2.67,244.3,7.067,78.270,1069.350,3.549
27321,05/07/26 05:20:53 AM,2.34,3.34,252.7,5.971,82.557,1069.350,3.234
27322,05/07/26 05:30:53 AM,2.00,3.01,273.8,6.209,81.628,1069.350,3.307
27323,05/07/26 05:40:53 AM,1.67,2.00,296.2,6.389,80.841,1069.350,3.346
27324,05/07/26 05:50:53 AM,1.67,2.34,293.4,6.081,81.440,1069.350,3.149
27325,05/07/26 06:00:53 AM,1.67,2.67,286.4,5.882,82.071,1069.350,3.064
27326,05/07/26 06:10:53 AM,2.00,2.67,300.4,5.679,83.188,1069.350,3.056
27327,05/07/26 06:20:53 AM,2.00,2.67,294.8,6.376,81.379,1069.350,3.427
27328,05/07/26 06:30:53 AM,1.67,2.67,285.0,6.303,81.958,1069.350,3.456
27329,05/07/26 06:40:53 AM,2.00,2.34,280.8,6.346,82.516,1069.350,3.594
27330,05/07/26 06:50:53 AM,2.34,3.34,280.8,6.869,80.909,1069.350,3.827
27331,05/07/26 07:00:53 AM,2.34,3.34,290.6,7.317,79.423,1069.350,4.000
27332,05/07/26 07:10:53 AM,2.00,3.01,293.4,8.244,76.899,1069.350,4.441
27333,05/07/26 07:20:53 AM,1.34,2.34,290.6,9.172,75.378,1069.350,5.055
27334,05/07/26 07:30:53 AM,2.00,3.01,304.7,9.582,73.391,1069.350,5.068
27335,05/07/26 07:40:53 AM,1.67,3.01,276.6,10.831,71.403,1069.350,5.876
27336,05/07/26 07:50:53 AM,2.00,3.01,265.3,11.687,69.758,1069.350,6.361
27337,05/07/26 08:00:53 AM,2.34,3.67,272.4,12.617,64.414,1069.350,6.093
27338,05/07/26 08:10:53 AM,2.34,3.34,280.8,12.826,62.766,1069.350,5.917
27339,05/07/26 08:20:53 AM,2.34,3.67,272.4,13.638,59.902,1069.350,6.008
27340,05/07/26 08:30:53 AM,3.01,4.68,254.1,14.405,54.524,1069.350,5.368
27341,05/07/26 08:40:53 AM,4.01,5.34,254.1,14.681,51.862,1069.350,4.906
27342,05/07/26 08:50:53 AM,4.34,6.68,262.5,14.971,49.126,1069.350,4.398
27343,05/07/26 09:00:53 AM,4.68,7.01,268.1,15.100,47.823,1069.350,4.133
27344,05/07/26 09:10:53 AM,5.01,8.02,265.3,15.172,46.802,1069.350,3.891
27345,05/07/26 09:20:53 AM,5.01,7.68,271.0,15.443,46.348,1069.350,4.000
27346,05/07/26 09:30:53 AM,4.68,7.01,266.7,15.936,45.721,1069.350,4.256
27347,05/07/26 09:40:53 AM,4.68,7.35,265.3,16.134,44.915,1069.350,4.183
27348,05/07/26 09:50:53 AM,5.34,8.02,268.1,16.239,43.548,1069.350,3.838
27349,05/07/26 10:00:53 AM,6.01,10.35,278.0,16.057,43.742,1069.350,3.736
27350,05/07/26 10:10:53 AM,6.35,9.68,276.6,16.212,43.786,1069.350,3.891
27351,05/07/26 10:20:53 AM,7.01,9.68,283.6,16.311,43.023,1069.350,3.731
27352,05/07/26 10:30:53 AM,6.35,10.35,279.4,16.322,42.477,1069.350,3.560
27353,05/07/26 10:40:53 AM,7.01,10.69,272.4,16.555,40.182,1069.350,2.984
27354,05/07/26 10:50:53 AM,6.68,10.35,280.8,16.609,39.287,1069.350,2.715
27355,05/07/26 11:00:53 AM,7.01,11.69,273.8,16.789,39.152,1069.350,2.827
27356,05/07/26 11:10:53 AM,6.35,9.35,269.6,16.633,39.150,1069.350,2.687
27357,05/07/26 11:20:53 AM,5.34,8.35,273.8,16.330,39.585,1069.350,2.571
27358,05/07/26 11:30:53 AM,5.01,8.02,279.4,16.759,38.843,1069.350,2.689
27359,05/07/26 11:40:53 AM,4.68,7.35,275.2,17.561,38.207,1069.350,3.172
27360,05/07/26 11:50:53 AM,6.01,9.35,279.4,17.282,35.830,1069.350,2.021
27361,05/07/26 12:00:53 PM,6.01,10.02,279.4,17.169,34.871,1069.350,1.542
27362,05/07/26 12:10:53 PM,5.34,8.02,283.6,17.057,35.317,1069.350,1.620
27363,05/07/26 12:20:53 PM,6.01,8.68,279.4,16.877,33.944,1069.350,0.910
27364,05/07/26 12:30:53 PM,5.68,9.02,279.4,17.413,34.017,1069.350,1.411
27365,05/07/26 12:40:53 PM,6.35,10.02,266.7,17.432,31.057,1069.350,0.166
27366,05/07/26 12:50:53 PM,6.68,10.02,259.7,17.756,30.283,1069.350,0.100
27367,05/07/26 01:00:53 PM,6.68,10.35,265.3,18.269,30.057,1069.350,0.442
27368,05/07/26 01:10:53 PM,7.01,10.35,259.7,17.330,32.396,1069.350,0.660
27369,05/07/26 01:20:53 PM,5.68,9.35,262.5,18.207,32.938,1069.350,1.659
27370,05/07/26 01:30:53 PM,6.01,9.35,265.3,18.480,32.164,1069.350,1.566
27371,05/07/26 01:40:53 PM,6.01,9.02,261.1,18.657,32.422,1069.350,1.832
27372,05/07/26 01:50:53 PM,5.68,8.68,265.3,19.089,33.657,1069.350,2.735
27373,05/07/26 02:00:53 PM,5.68,9.68,269.6,19.177,32.883,1069.350,2.485
27374,05/07/26 02:10:53 PM,5.68,9.35,268.1,19.027,32.921,1069.350,2.370
27375,05/07/26 02:20:53 PM,5.68,8.68,278.0,19.110,32.250,1069.350,2.153
27376,05/07/26 02:30:53 PM,6.35,10.69,278.0,18.850,31.534,1069.350,1.613
27377,05/07/26 02:40:53 PM,6.68,10.69,276.6,19.129,31.060,1069.350,1.644
27378,05/07/26 02:50:53 PM,7.01,11.69,269.6,19.094,30.397,1069.350,1.313
27379,05/07/26 03:00:53 PM,6.35,10.35,276.6,19.290,30.784,1069.350,1.660
27380,05/07/26 03:10:53 PM,7.35,11.02,266.7,19.330,31.147,1069.350,1.858
27381,05/07/26 03:20:53 PM,7.35,11.69,261.1,19.421,31.379,1069.350,2.041
27382,05/07/26 03:30:53 PM,7.35,10.69,275.2,19.440,30.977,1069.350,1.877
27383,05/07/26 03:40:53 PM,7.68,10.69,280.8,19.400,30.445,1069.350,1.601
27384,05/07/26 03:50:53 PM,6.68,10.69,273.8,19.762,30.718,1069.350,2.040
27385,05/07/26 04:00:53 PM,7.01,10.35,283.6,19.639,30.565,1069.350,1.863
27386,05/07/26 04:10:53 PM,7.35,11.02,259.7,19.397,30.900,1069.350,1.805
27387,05/07/26 04:20:53 PM,7.01,10.69,266.7,19.622,31.023,1069.350,2.056
27388,05/07/26 04:30:53 PM,6.68,9.68,269.6,19.655,30.654,1069.350,1.918
27389,05/07/26 04:40:53 PM,6.68,9.68,268.1,19.756,33.210,1069.350,3.131
27390,05/07/26 04:50:53 PM,6.01,10.69,263.9,19.893,32.290,1069.350,2.855
27391,05/07/26 05:00:53 PM,6.68,9.68,269.6,19.676,32.605,1069.350,2.802
27392,05/07/26 05:10:53 PM,6.68,10.35,261.1,19.580,31.809,1069.350,2.371
27393,05/07/26 05:20:53 PM,6.35,9.68,262.5,19.652,32.395,1069.350,2.690
27394,05/07/26 05:30:53 PM,6.01,9.35,259.7,19.689,32.862,1069.350,2.924
27395,05/07/26 05:40:53 PM,6.68,10.35,272.4,19.512,31.707,1069.350,2.266
27396,05/07/26 05:50:53 PM,6.01,9.02,269.6,19.555,32.653,1069.350,2.717
27397,05/07/26 06:00:53 PM,6.35,9.35,262.5,19.362,33.561,1069.350,2.934
27398,05/07/26 06:10:53 PM,7.01,9.68,266.7,19.204,33.280,1069.350,2.677
27399,05/07/26 06:20:53 PM,6.68,10.02,262.5,19.086,33.486,1069.350,2.661
27400,05/07/26 06:30:53 PM,6.01,9.68,265.3,19.067,33.854,1069.350,2.798
27401,05/07/26 06:40:53 PM,6.35,9.02,268.1,18.872,34.237,1069.350,2.785
27402,05/07/26 06:50:53 PM,5.68,8.35,268.1,18.877,34.702,1069.350,2.980
27403,05/07/26 07:00:53 PM,7.35,10.69,275.2,18.596,32.145,1069.350,1.659
27404,05/07/26 07:10:53 PM,6.35,9.68,269.6,18.496,32.641,1069.350,1.785
27405,05/07/26 07:20:53 PM,6.35,9.02,271.0,18.368,32.592,1069.350,1.652
27406,05/07/26 07:30:53 PM,5.68,9.35,269.6,18.126,33.375,1069.350,1.772
27407,05/07/26 07:40:53 PM,5.68,8.68,276.6,17.893,33.976,1069.350,1.816
27408,05/07/26 07:50:53 PM,4.68,7.35,272.4,17.424,35.746,1069.350,2.113
27409,05/07/26 08:00:53 PM,4.01,6.35,278.0,16.885,37.075,1069.350,2.147
27410,05/07/26 08:10:53 PM,3.67,7.01,292.0,16.247,37.443,1069.350,1.718
27411,05/07/26 08:20:53 PM,4.68,8.68,286.4,15.773,36.823,1069.350,1.063
27412,05/07/26 08:30:53 PM,5.01,7.35,282.2,15.443,36.312,1069.350,0.577
27413,05/07/26 08:40:53 PM,4.01,6.35,286.4,14.872,36.765,1069.350,0.241
27414,05/07/26 08:50:53 PM,4.01,5.68,292.0,14.306,36.895,1069.350,-0.214
27415,05/07/26 09:00:53 PM,3.34,5.01,294.8,13.966,37.061,1069.350,-0.455
27416,05/07/26 09:10:53 PM,2.00,3.34,283.6,13.108,38.875,1069.350,-0.566
27417,05/07/26 09:20:53 PM,1.34,2.34,266.7,11.019,44.366,1069.350,-0.642
27418,05/07/26 09:30:53 PM,0.67,1.67,311.7,10.196,46.368,1069.350,-0.789
27419,05/07/26 09:40:53 PM,0.67,1.34,278.0,9.488,48.228,1069.350,-0.900
27420,05/07/26 09:50:53 PM,0.67,1.67,237.3,9.006,50.016,1069.350,-0.847
27421,05/07/26 10:00:53 PM,0.67,1.34,251.3,8.547,51.951,1069.350,-0.753
27422,05/07/26 10:10:53 PM,1.00,1.67,263.9,8.054,53.085,1069.350,-0.915
27423,05/07/26 10:20:53 PM,1.34,2.67,271.0,7.861,54.199,1069.350,-0.811
27424,05/07/26 10:30:53 PM,2.34,4.01,306.1,8.416,53.330,1069.350,-0.516
27425,05/07/26 10:40:53 PM,4.01,5.01,331.3,10.381,47.381,1069.350,-0.323
27426,05/07/26 10:50:53 PM,4.01,5.01,324.3,10.668,46.213,1069.350,-0.403
27427,05/07/26 11:00:53 PM,3.67,4.68,318.7,10.593,46.296,1069.350,-0.447
27428,05/07/26 11:10:53 PM,3.67,5.01,317.3,10.478,46.215,1069.350,-0.576
27429,05/07/26 11:20:53 PM,4.01,5.34,315.9,10.405,45.974,1069.350,-0.714
27430,05/07/26 11:30:53 PM,4.01,5.01,321.5,9.614,48.838,1069.350,-0.612
27431,05/07/26 11:40:53 PM,4.01,5.34,324.3,9.317,50.375,1069.350,-0.462
27432,05/07/26 11:50:53 PM,4.01,5.34,328.5,9.928,48.725,1069.350,-0.355
27433,05/08/26 12:00:53 AM,4.68,6.01,328.5,10.858,45.820,1069.350,-0.346
27434,05/08/26 12:10:53 AM,4.34,5.68,325.7,10.890,45.859,1069.350,-0.305
27435,05/08/26 12:20:53 AM,4.01,5.01,324.3,11.239,44.898,1069.350,-0.278
27436,05/08/26 12:30:53 AM,3.67,5.01,325.7,11.212,45.293,1069.350,-0.182
27437,05/08/26 12:40:53 AM,3.34,4.68,329.9,10.596,47.221,1069.350,-0.172
27438,05/08/26 12:50:53 AM,1.67,3.67,311.7,10.024,49.401,1069.350,-0.078
27439,05/08/26 01:00:53 AM,0.67,2.67,262.5,7.448,57.455,1069.350,-0.398
27440,05/08/26 01:10:53 AM,2.00,3.01,240.1,7.201,58.637,1069.350,-0.351
27441,05/08/26 01:20:53 AM,1.67,2.67,255.5,7.386,58.328,1069.350,-0.250
27442,05/08/26 01:30:53 AM,2.00,3.67,289.2,6.748,60.491,1069.350,-0.351
27443,05/08/26 01:40:53 AM,3.01,4.01,308.9,7.882,56.550,1069.350,-0.210
27444,05/08/26 01:50:53 AM,3.01,4.01,303.2,8.413,54.502,1069.350,-0.220
27445,05/08/26 02:00:53 AM,2.67,3.67,299.0,8.545,53.982,1069.350,-0.229
27446,05/08/26 02:10:53 AM,2.67,3.34,300.4,8.644,53.838,1069.350,-0.173
27447,05/08/26 02:20:53 AM,2.67,3.67,304.7,8.974,53.176,1069.350,-0.036
27448,05/08/26 02:30:53 AM,3.01,4.01,304.7,8.770,54.426,1069.350,0.094
27449,05/08/26 02:40:53 AM,3.34,4.34,313.1,8.073,57.343,1069.350,0.161
27450,05/08/26 02:50:53 AM,3.01,4.34,321.5,8.279,56.896,1069.350,0.246
27451,05/08/26 03:00:53 AM,1.34,3.34,299.0,8.011,57.414,1069.350,0.120
27452,05/08/26 03:10:53 AM,1.00,2.00,134.8,5.890,64.260,1069.350,-0.334
27453,05/08/26 03:20:53 AM,1.67,2.67,64.6,5.435,66.014,1069.350,-0.398
27454,05/08/26 03:30:53 AM,1.00,2.67,84.2,5.290,66.569,1069.350,-0.422
27455,05/08/26 03:40:53 AM,0.67,2.34,84.2,5.226,66.621,1069.350,-0.472
27456,05/08/26 03:50:53 AM,0.00,1.00,47.7,5.204,66.857,1069.350,-0.445
27457,05/08/26 04:00:53 AM,0.00,1.34,16.8,5.735,64.468,1069.350,-0.438
27458,05/08/26 04:10:53 AM,0.33,2.34,287.8,6.443,61.450,1069.350,-0.423
27459,05/08/26 04:20:53 AM,0.67,1.67,280.8,6.421,61.213,1069.350,-0.497
27460,05/08/26 04:30:53 AM,1.34,2.34,255.5,6.142,61.672,1069.350,-0.659
27461,05/08/26 04:40:53 AM,1.00,2.34,245.7,5.335,64.082,1069.350,-0.900
27462,05/08/26 04:50:53 AM,0.67,2.00,273.8,4.553,66.961,1069.350,-1.046
27463,05/08/26 05:00:53 AM,0.33,1.67,241.5,4.338,68.342,1069.350,-0.973
27464,05/08/26 05:10:53 AM,0.33,1.34,228.8,3.880,69.654,1069.350,-1.153
27465,05/08/26 05:20:53 AM,0.33,1.34,279.4,4.038,69.197,1069.350,-1.091
27466,05/08/26 05:30:53 AM,0.67,1.34,294.8,4.901,66.204,1069.350,-0.869
27467,05/08/26 05:40:53 AM,0.67,1.34,85.6,3.279,70.947,1069.350,-1.480
27468,05/08/26 05:50:53 AM,0.67,1.67,113.7,2.453,74.565,1069.350,-1.602
27469,05/08/26 06:00:53 AM,0.67,1.34,77.2,2.561,74.931,1069.350,-1.431
27470,05/08/26 06:10:53 AM,0.33,1.00,77.2,2.735,74.501,1069.350,-1.341
27471,05/08/26 06:20:53 AM,0.00,0.67,113.7,2.834,74.308,1069.350,-1.280
27472,05/08/26 06:30:53 AM,0.33,2.34,176.9,3.671,72.164,1069.350,-0.871
27473,05/08/26 06:40:53 AM,0.67,2.00,231.6,4.799,68.566,1069.350,-0.486
27474,05/08/26 06:50:53 AM,0.67,1.67,217.6,5.097,67.733,1069.350,-0.369
27475,05/08/26 07:00:53 AM,0.33,1.67,188.1,4.990,69.152,1069.350,-0.186
27476,05/08/26 07:10:53 AM,0.67,2.00,108.1,5.424,68.441,1069.350,0.087
27477,05/08/26 07:20:53 AM,0.33,1.34,169.9,6.732,65.536,1069.350,0.738
27478,05/08/26 07:30:53 AM,0.67,1.67,102.5,8.234,62.600,1069.350,1.529
27479,05/08/26 07:40:53 AM,0.33,2.00,129.2,9.301,60.377,1069.350,2.033
27480,05/08/26 07:50:53 AM,1.00,1.67,183.9,9.960,60.548,1069.350,2.694
27481,05/08/26 08:00:53 AM,0.67,1.34,202.2,11.344,56.405,1069.350,2.995
27482,05/08/26 08:10:53 AM,2.34,3.67,324.3,12.394,52.329,1069.350,2.915
27483,05/08/26 08:20:53 AM,2.34,3.34,313.1,13.153,51.765,1069.350,3.465
27484,05/08/26 08:30:53 AM,2.00,3.34,315.9,13.799,50.600,1069.350,3.739
27485,05/08/26 08:40:53 AM,1.67,2.67,318.7,14.545,49.374,1069.350,4.078
27486,05/08/26 08:50:53 AM,2.67,4.34,300.4,15.352,46.204,1069.350,3.873
27487,05/08/26 09:00:53 AM,2.00,3.67,299.0,16.070,46.072,1069.350,4.487
27488,05/08/26 09:10:53 AM,2.34,4.01,280.8,16.480,43.716,1069.350,4.111
27489,05/08/26 09:20:53 AM,2.34,4.01,278.0,16.823,42.669,1069.350,4.076
27490,05/08/26 09:30:53 AM,2.67,4.34,271.0,17.421,41.151,1069.350,4.100
27491,05/08/26 09:40:53 AM,2.67,5.01,276.6,17.775,40.542,1069.350,4.205
27492,05/08/26 09:50:53 AM,3.34,6.01,265.3,17.746,39.718,1069.350,3.887
27493,05/08/26 10:00:53 AM,4.01,6.01,258.3,17.877,38.915,1069.350,3.714
27494,05/08/26 10:10:53 AM,4.01,7.35,266.7,18.014,38.294,1069.350,3.608
27495,05/08/26 10:20:53 AM,5.01,6.68,259.7,17.864,37.711,1069.350,3.257
27496,05/08/26 10:30:53 AM,4.68,7.68,263.9,17.923,37.629,1069.350,3.279
27497,05/08/26 10:40:53 AM,4.68,8.68,280.8,18.078,36.553,1069.350,3.007
27498,05/08/26 10:50:53 AM,4.34,7.68,286.4,18.432,37.591,1069.350,3.717
27499,05/08/26 11:00:53 AM,5.34,9.35,266.7,18.271,39.240,1069.350,4.185
27500,05/08/26 11:10:53 AM,6.01,9.02,266.7,18.108,38.994,1069.350,3.949
27501,05/08/26 11:20:53 AM,5.68,8.35,273.8,18.250,38.660,1069.350,3.954
27502,05/08/26 11:30:53 AM,5.68,10.02,276.6,18.360,37.191,1069.350,3.502
27503,05/08/26 11:40:53 AM,5.68,8.68,272.4,18.494,36.390,1069.350,3.312
27504,05/08/26 11:50:53 AM,5.34,8.68,266.7,18.700,34.989,1069.350,2.940
27505,05/08/26 12:00:53 PM,5.68,8.35,252.7,18.976,35.564,1069.350,3.414
27506,05/08/26 12:10:53 PM,5.34,9.02,256.9,18.555,35.735,1069.350,3.109
27507,05/08/26 12:20:53 PM,5.68,8.35,252.7,19.145,35.779,1069.350,3.649
27508,05/08/26 12:30:53 PM,6.01,8.35,258.3,19.086,35.616,1069.350,3.532
27509,05/08/26 12:40:53 PM,6.01,8.68,263.9,19.204,33.988,1069.350,2.974
27510,05/08/26 12:50:53 PM,6.35,9.68,255.5,19.188,33.666,1069.350,2.826
27511,05/08/26 01:00:53 PM,6.35,9.68,265.3,19.386,33.713,1069.350,3.019
27512,05/08/26 01:10:53 PM,6.68,10.02,271.0,19.365,33.413,1069.350,2.875
27513,05/08/26 01:20:53 PM,6.35,10.69,263.9,19.689,34.897,1069.350,3.774
27514,05/08/26 01:30:53 PM,6.68,10.69,258.3,19.625,33.005,1069.350,2.929
27515,05/08/26 01:40:53 PM,6.35,9.02,266.7,19.730,33.606,1069.350,3.276
27516,05/08/26 01:50:53 PM,6.35,9.68,258.3,19.963,33.797,1069.350,3.561
27517,05/08/26 02:00:53 PM,6.68,10.02,263.9,19.861,32.992,1069.350,3.130
27518,05/08/26 02:10:53 PM,6.35,9.68,276.6,20.006,31.760,1069.350,2.720
27519,05/08/26 02:20:53 PM,6.01,8.68,265.3,20.488,31.690,1069.350,3.109
27520,05/08/26 02:30:53 PM,7.01,10.02,271.0,20.373,30.384,1069.350,2.416
27521,05/08/26 02:40:53 PM,6.35,10.02,266.7,20.387,29.358,1069.350,1.947
27522,05/08/26 02:50:53 PM,6.68,10.35,259.7,20.365,29.244,1069.350,1.874
27523,05/08/26 03:00:53 PM,7.35,11.02,269.6,20.228,27.167,1069.350,0.731
27524,05/08/26 03:10:53 PM,6.35,9.68,272.4,19.665,28.061,1069.350,0.696
27525,05/08/26 03:20:53 PM,6.68,10.02,269.6,19.982,28.243,1069.350,1.058
27526,05/08/26 03:30:53 PM,7.35,10.35,258.3,20.000,27.298,1069.350,0.602
27527,05/08/26 03:40:53 PM,7.35,11.69,265.3,19.609,27.016,1069.350,0.124
27528,05/08/26 03:50:53 PM,6.68,11.02,263.9,19.673,27.474,1069.350,0.411
27529,05/08/26 04:00:53 PM,6.68,10.02,278.0,19.054,27.687,1069.350,-0.014
27530,05/08/26 04:10:53 PM,6.68,10.02,266.7,18.700,27.456,1069.350,-0.432
27531,05/08/26 04:20:53 PM,6.68,11.02,275.2,18.263,28.449,1069.350,-0.320
27532,05/08/26 04:30:53 PM,6.68,9.68,262.5,17.818,28.423,1069.350,-0.716
27533,05/08/26 04:40:53 PM,6.01,9.02,279.4,17.671,29.799,1069.350,-0.195
27534,05/08/26 04:50:53 PM,6.35,9.35,278.0,17.504,29.837,1069.350,-0.322
27535,05/08/26 05:00:53 PM,7.01,10.02,276.6,17.432,29.209,1069.350,-0.676
27536,05/08/26 05:10:53 PM,6.35,9.68,272.4,17.555,29.931,1069.350,-0.235
27537,05/08/26 05:20:53 PM,6.35,10.69,276.6,19.183,28.925,1069.350,0.701
27538,05/08/26 05:30:53 PM,6.68,11.02,290.6,19.462,28.313,1069.350,0.645
27539,05/08/26 05:40:53 PM,6.35,11.02,289.2,19.987,25.832,1069.350,-0.170
27540,05/08/26 05:50:53 PM,6.68,10.02,289.2,19.901,26.017,1069.350,-0.145
27541,05/08/26 06:00:53 PM,6.68,9.68,282.2,19.711,25.704,1069.350,-0.473
27542,05/08/26 06:10:53 PM,7.35,10.02,279.4,18.118,27.813,1069.350,-0.755
27543,05/08/26 06:20:53 PM,6.68,10.02,280.8,18.403,28.856,1069.350,-0.005
27544,05/08/26 06:30:53 PM,7.68,11.35,280.8,17.464,29.868,1069.350,-0.343
27545,05/08/26 06:40:53 PM,6.68,10.02,285.0,16.982,30.220,1069.350,-0.600
27546,05/08/26 06:50:53 PM,6.35,9.35,289.2,16.998,30.663,1069.350,-0.387
27547,05/08/26 07:00:53 PM,5.34,7.35,293.4,17.534,31.212,1069.350,0.324
27548,05/08/26 07:10:53 PM,6.35,9.02,300.4,16.791,31.287,1069.350,-0.290
27549,05/08/26 07:20:53 PM,6.01,9.35,301.8,16.451,31.135,1069.350,-0.653
27550,05/08/26 07:30:53 PM,4.68,7.01,296.2,16.049,32.622,1069.350,-0.365
27551,05/08/26 07:40:53 PM,3.67,5.68,301.8,16.011,33.527,1069.350,-0.023
27552,05/08/26 07:50:53 PM,3.67,5.34,303.2,16.523,33.845,1069.350,0.558
27553,05/08/26 08:00:53 PM,3.34,5.01,300.4,16.121,33.935,1069.350,0.241
27554,05/08/26 08:10:53 PM,3.67,7.01,299.0,15.655,34.446,1069.350,0.036
27555,05/08/26 08:20:53 PM,3.34,5.01,297.6,15.210,35.044,1069.350,-0.120
27556,05/08/26 08:30:53 PM,3.34,6.35,299.0,14.786,35.396,1069.350,-0.357
27557,05/08/26 08:40:53 PM,4.01,6.68,294.8,14.416,35.375,1069.350,-0.693
27558,05/08/26 08:50:53 PM,3.34,6.01,292.0,13.799,36.727,1069.350,-0.727
27559,05/08/26 09:00:53 PM,3.01,4.01,303.2,12.676,39.239,1069.350,-0.825
27560,05/08/26 09:10:53 PM,2.67,3.67,301.8,11.705,41.683,1069.350,-0.873
27561,05/08/26 09:20:53 PM,3.01,4.01,300.4,11.671,42.118,1069.350,-0.762
27562,05/08/26 09:30:53 PM,3.01,4.34,311.7,12.025,41.424,1069.350,-0.669
27563,05/08/26 09:40:53 PM,3.34,4.68,327.1,11.526,42.972,1069.350,-0.618
27564,05/08/26 09:50:53 PM,3.34,4.34,325.7,11.470,42.934,1069.350,-0.681
27565,05/08/26 10:00:53 PM,3.01,3.67,324.3,10.671,44.637,1069.350,-0.875
27566,05/08/26 10:10:53 PM,2.67,3.34,320.1,10.150,45.765,1069.350,-1.009
27567,05/08/26 10:20:53 PM,2.67,3.34,324.3,10.003,46.007,1069.350,-1.072
27568,05/08/26 10:30:53 PM,2.34,3.01,329.9,8.781,49.238,1069.350,-1.268
27569,05/08/26 10:40:53 PM,1.67,2.34,297.6,7.751,52.020,1069.350,-1.473
27570,05/08/26 10:50:53 PM,1.67,2.34,268.1,7.100,54.124,1069.350,-1.539
27571,05/08/26 11:00:53 PM,2.00,2.67,275.2,6.609,56.132,1069.350,-1.503
27572,05/08/26 11:10:53 PM,1.34,2.00,292.0,7.252,53.339,1069.350,-1.596
27573,05/08/26 11:20:53 PM,1.34,1.67,290.6,8.113,51.017,1069.350,-1.402
27574,05/08/26 11:30:53 PM,1.67,2.67,299.0,6.604,54.849,1069.350,-1.821
27575,05/08/26 11:40:53 PM,2.00,2.34,287.8,6.164,56.616,1069.350,-1.803
27576,05/08/26 11:50:53 PM,2.34,3.01,266.7,6.872,54.965,1069.350,-1.543
27577,05/09/26 12:00:53 AM,2.00,3.01,280.8,6.252,56.786,1069.350,-1.680
27578,05/09/26 12:10:53 AM,1.67,2.67,287.8,7.271,54.911,1069.350,-1.183
27579,05/09/26 12:20:53 AM,1.67,2.00,297.6,7.783,53.426,1069.350,-1.080
27580,05/09/26 12:30:53 AM,1.67,2.34,292.0,7.354,54.618,1069.350,-1.179
27581,05/09/26 12:40:53 AM,1.67,2.34,286.4,6.869,56.130,1069.350,-1.260
27582,05/09/26 12:50:53 AM,1.67,2.34,289.2,6.700,56.747,1069.350,-1.269
27583,05/09/26 01:00:53 AM,1.67,2.67,286.4,7.263,54.917,1069.350,-1.189
27584,05/09/26 01:10:53 AM,1.67,2.34,299.0,6.443,57.467,1069.350,-1.339
27585,05/09/26 01:20:53 AM,1.67,2.00,296.2,7.150,55.857,1069.350,-1.064
27586,05/09/26 01:30:53 AM,1.67,2.67,292.0,6.459,57.757,1069.350,-1.255
27587,05/09/26 01:40:53 AM,1.67,2.34,294.8,6.496,58.241,1069.350,-1.107
27588,05/09/26 01:50:53 AM,1.67,2.34,301.8,6.188,59.319,1069.350,-1.147
27589,05/09/26 02:00:53 AM,2.00,2.67,286.4,6.553,58.151,1069.350,-1.074
27590,05/09/26 02:10:53 AM,2.00,3.01,285.0,6.124,59.196,1069.350,-1.235
27591,05/09/26 02:20:53 AM,2.34,3.34,271.0,5.486,60.359,1069.350,-1.572
27592,05/09/26 02:30:53 AM,3.01,3.67,268.1,5.035,61.422,1069.350,-1.762
27593,05/09/26 02:40:53 AM,2.34,3.34,283.6,4.877,61.488,1069.350,-1.897
27594,05/09/26 02:50:53 AM,2.00,2.67,303.2,4.705,60.671,1069.350,-2.240
27595,05/09/26 03:00:53 AM,1.67,2.67,301.8,4.995,59.489,1069.350,-2.232
27596,05/09/26 03:10:53 AM,2.00,2.67,297.6,4.437,62.031,1069.350,-2.194
27597,05/09/26 03:20:53 AM,1.67,2.67,292.0,4.030,62.789,1069.350,-2.416
27598,05/09/26 03:30:53 AM,3.34,4.68,341.2,5.360,60.539,1069.350,-1.651
27599,05/09/26 03:40:53 AM,3.34,4.01,338.3,6.078,58.482,1069.350,-1.444
27600,05/09/26 03:50:53 AM,3.34,4.01,335.5,6.000,58.679,1069.350,-1.471
27601,05/09/26 04:00:53 AM,3.67,4.34,341.2,6.153,58.379,1069.350,-1.397
27602,05/09/26 04:10:53 AM,3.67,4.34,342.6,6.762,56.530,1069.350,-1.264
27603,05/09/26 04:20:53 AM,3.67,4.68,338.3,6.979,55.552,1069.350,-1.298
27604,05/09/26 04:30:53 AM,3.67,4.34,341.2,6.716,56.066,1069.350,-1.419
27605,05/09/26 04:40:53 AM,3.34,4.01,335.5,6.314,57.147,1069.350,-1.536
27606,05/09/26 04:50:53 AM,3.67,4.01,331.3,6.563,55.895,1069.350,-1.603
27607,05/09/26 05:00:53 AM,3.34,4.34,327.1,6.116,56.829,1069.350,-1.797
27608,05/09/26 05:10:53 AM,3.67,4.34,332.7,6.252,55.933,1069.350,-1.885
27609,05/09/26 05:20:53 AM,3.34,4.34,322.9,6.780,53.776,1069.350,-1.925
27610,05/09/26 05:30:53 AM,3.67,4.34,314.5,6.282,54.656,1069.350,-2.170
27611,05/09/26 05:40:53 AM,3.34,4.34,314.5,5.368,57.263,1069.350,-2.396
27612,05/09/26 05:50:53 AM,3.01,4.01,313.1,5.287,57.494,1069.350,-2.418
27613,05/09/26 06:00:53 AM,2.34,3.67,268.1,4.035,59.835,1069.350,-3.060
27614,05/09/26 06:10:53 AM,2.00,3.34,241.5,2.046,65.318,1069.350,-3.774
27615,05/09/26 06:20:53 AM,1.34,2.67,262.5,2.252,64.709,1069.350,-3.703
27616,05/09/26 06:30:53 AM,2.00,3.01,234.5,2.038,65.220,1069.350,-3.802
27617,05/09/26 06:40:53 AM,0.33,2.00,238.7,2.239,65.553,1069.350,-3.542
27618,05/09/26 06:50:53 AM,0.33,2.00,242.9,3.099,62.679,1069.350,-3.323
27619,05/09/26 07:00:53 AM,2.34,3.67,231.6,3.547,60.722,1069.350,-3.324
27620,05/09/26 07:10:53 AM,2.00,3.01,245.7,4.732,58.688,1069.350,-2.663
27621,05/09/26 07:20:53 AM,1.00,2.00,262.5,5.700,58.785,1069.350,-1.729
27622,05/09/26 07:30:53 AM,1.67,2.34,244.3,6.786,56.106,1069.350,-1.344
27623,05/09/26 07:40:53 AM,2.00,2.67,245.7,8.164,54.363,1069.350,-0.487
27624,05/09/26 07:50:53 AM,1.67,2.34,241.5,9.086,53.167,1069.350,0.065
27625,05/09/26 08:00:53 AM,1.34,2.67,235.9,10.022,50.901,1069.350,0.333
27626,05/09/26 08:10:53 AM,2.00,3.67,241.5,11.172,46.868,1069.350,0.252
27627,05/09/26 08:20:53 AM,2.34,3.67,269.6,11.869,41.251,1069.350,-0.867
27628,05/09/26 08:30:53 AM,2.34,4.01,279.4,12.226,40.749,1069.350,-0.713
27629,05/09/26 08:40:53 AM,2.34,4.01,286.4,12.478,42.676,1069.350,0.149
27630,05/09/26 08:50:53 AM,3.01,4.34,285.0,12.864,41.122,1069.350,-0.013
27631,05/09/26 09:00:53 AM,3.34,4.68,276.6,12.984,40.562,1069.350,-0.094
27632,05/09/26 09:10:53 AM,3.34,4.68,261.1,13.381,38.672,1069.350,-0.393
27633,05/09/26 09:20:53 AM,3.34,4.68,266.7,13.689,38.372,1069.350,-0.225
27634,05/09/26 09:30:53 AM,3.34,5.34,259.7,13.888,39.318,1069.350,0.289
27635,05/09/26 09:40:53 AM,3.01,5.68,258.3,14.368,38.991,1069.350,0.603
27636,05/09/26 09:50:53 AM,3.01,5.01,278.0,14.818,38.056,1069.350,0.670
27637,05/09/26 10:00:53 AM,3.34,6.68,268.1,14.837,36.939,1069.350,0.275
27638,05/09/26 10:10:53 AM,3.01,5.34,285.0,15.215,36.349,1069.350,0.389
27639,05/09/26 10:20:53 AM,2.67,4.68,271.0,15.896,35.776,1069.350,0.772
27640,05/09/26 10:30:53 AM,2.67,5.34,300.4,16.151,35.575,1069.350,0.920
27641,05/09/26 10:40:53 AM,3.34,11.35,293.4,16.290,33.318,1069.350,0.136
27642,05/09/26 10:50:53 AM,3.67,6.01,297.6,16.196,30.135,1069.350,-1.321
27643,05/09/26 11:00:53 AM,3.34,5.34,293.4,16.523,29.986,1069.350,-1.105
27644,05/09/26 11:10:53 AM,2.67,5.68,282.2,17.033,30.634,1069.350,-0.369
27645,05/09/26 11:20:53 AM,2.67,6.68,273.8,17.424,32.526,1069.350,0.798
27646,05/09/26 11:30:53 AM,3.67,6.68,273.8,17.400,31.264,1069.350,0.230
27647,05/09/26 11:40:53 AM,3.01,6.01,285.0,17.735,30.365,1069.350,0.119
27648,05/09/26 11:50:53 AM,3.67,6.68,275.2,17.711,30.388,1069.350,0.109
27649,05/09/26 12:00:53 PM,3.34,7.35,251.3,17.684,31.467,1069.350,0.567
27650,05/09/26 12:10:53 PM,4.01,6.35,252.7,18.247,31.958,1069.350,1.273
27651,05/09/26 12:20:53 PM,4.34,7.01,251.3,17.869,31.240,1069.350,0.628
27652,05/09/26 12:30:53 PM,3.67,7.35,263.9,18.046,31.476,1069.350,0.886
27653,05/09/26 12:40:53 PM,4.34,6.68,252.7,18.293,31.833,1069.350,1.259
27654,05/09/26 12:50:53 PM,4.34,7.01,263.9,18.293,35.195,1069.350,2.663
27655,05/09/26 01:00:53 PM,4.68,8.35,249.9,18.630,36.611,1069.350,3.519
27656,05/09/26 01:10:53 PM,4.68,8.35,251.3,18.550,36.826,1069.350,3.531
27657,05/09/26 01:20:53 PM,5.01,8.35,255.5,18.472,36.794,1069.350,3.449
27658,05/09/26 01:30:53 PM,5.01,8.02,258.3,18.526,37.131,1069.350,3.626
27659,05/09/26 01:40:53 PM,5.34,9.35,262.5,18.518,37.652,1069.350,3.817
27660,05/09/26 01:50:53 PM,5.01,8.35,258.3,18.818,35.595,1069.350,3.286
27661,05/09/26 02:00:53 PM,5.34,8.68,263.9,18.837,35.412,1069.350,3.230
27662,05/09/26 02:10:53 PM,5.34,9.02,254.1,18.971,36.309,1069.350,3.703
27663,05/09/26 02:20:53 PM,5.34,8.35,259.7,19.121,36.341,1069.350,3.849
27664,05/09/26 02:30:53 PM,4.68,8.02,265.3,19.204,34.820,1069.350,3.316
27665,05/09/26 02:40:53 PM,5.34,8.02,262.5,19.153,36.123,1069.350,3.792
27666,05/09/26 02:50:53 PM,5.34,9.02,276.6,19.191,35.518,1069.350,3.585
27667,05/09/26 03:00:53 PM,6.01,10.69,265.3,19.132,36.242,1069.350,3.820
27668,05/09/26 03:10:53 PM,5.34,8.35,271.0,19.491,36.194,1069.350,4.119
27669,05/09/26 03:20:53 PM,5.01,8.68,268.1,19.282,36.107,1069.350,3.899
27670,05/09/26 03:30:53 PM,5.68,8.68,266.7,19.692,35.569,1069.350,4.048
27671,05/09/26 03:40:53 PM,5.68,8.68,261.1,19.419,36.539,1069.350,4.190
27672,05/09/26 03:50:53 PM,5.68,9.35,254.1,19.655,36.382,1069.350,4.338
27673,05/09/26 04:00:53 PM,6.68,9.68,254.1,19.386,37.238,1069.350,4.431
27674,05/09/26 04:10:53 PM,6.35,10.02,248.5,19.545,37.658,1069.350,4.733
27675,05/09/26 04:20:53 PM,6.68,9.68,258.3,19.462,37.705,1069.350,4.677
27676,05/09/26 04:30:53 PM,6.01,9.35,256.9,19.687,37.462,1069.350,4.784
27677,05/09/26 04:40:53 PM,6.35,9.02,263.9,19.743,37.435,1069.350,4.824
27678,05/09/26 04:50:53 PM,6.01,9.35,258.3,19.893,37.745,1069.350,5.075
27679,05/09/26 05:00:53 PM,6.35,9.35,255.5,19.802,37.655,1069.350,4.960
27680,05/09/26 05:10:53 PM,6.01,10.02,262.5,19.791,37.122,1069.350,4.746
27681,05/09/26 05:20:53 PM,6.35,9.35,261.1,19.773,37.316,1069.350,4.805
27682,05/09/26 05:30:53 PM,6.35,9.35,263.9,19.730,37.543,1069.350,4.854
27683,05/09/26 05:40:53 PM,6.01,8.68,263.9,19.802,37.198,1069.350,4.785
27684,05/09/26 05:50:53 PM,6.68,9.35,255.5,19.537,37.394,1069.350,4.625
27685,05/09/26 06:00:53 PM,6.35,9.02,259.7,19.504,37.443,1069.350,4.614
27686,05/09/26 06:10:53 PM,6.01,9.35,256.9,19.537,37.845,1069.350,4.797
27687,05/09/26 06:20:53 PM,5.68,8.68,245.7,19.378,38.379,1069.350,4.856
27688,05/09/26 06:30:53 PM,5.34,7.68,251.3,19.298,38.570,1069.350,4.856
27689,05/09/26 06:40:53 PM,5.68,8.68,251.3,19.062,38.497,1069.350,4.618
27690,05/09/26 06:50:53 PM,5.34,7.68,249.9,18.829,38.618,1069.350,4.455
27691,05/09/26 07:00:53 PM,5.01,7.35,256.9,18.840,38.705,1069.350,4.497
27692,05/09/26 07:10:53 PM,5.68,7.68,265.3,18.604,38.714,1069.350,4.290
27693,05/09/26 07:20:53 PM,5.34,8.35,275.2,18.400,39.086,1069.350,4.244
27694,05/09/26 07:30:53 PM,5.01,7.68,271.0,18.164,39.596,1069.350,4.218
27695,05/09/26 07:40:53 PM,4.34,7.35,269.6,17.990,40.339,1069.350,4.327
27696,05/09/26 07:50:53 PM,4.01,6.35,259.7,17.403,41.324,1069.350,4.143
27697,05/09/26 08:00:53 PM,4.01,6.01,265.3,16.786,42.083,1069.350,3.846
27698,05/09/26 08:10:53 PM,3.67,5.68,275.2,16.105,44.169,1069.350,3.918
27699,05/09/26 08:20:53 PM,3.67,5.01,276.6,15.252,45.847,1069.350,3.672
27700,05/09/26 08:30:53 PM,3.34,4.68,282.2,14.159,47.958,1069.350,3.310
27701,05/09/26 08:40:53 PM,3.67,4.68,283.6,13.563,48.429,1069.350,2.901
27702,05/09/26 08:50:53 PM,3.67,5.34,286.4,13.464,47.695,1069.350,2.595
27703,05/09/26 09:00:53 PM,4.34,6.35,289.2,13.692,46.516,1069.350,2.452
27704,05/09/26 09:10:53 PM,3.67,5.01,300.4,12.738,49.241,1069.350,2.377
27705,05/09/26 09:20:53 PM,3.67,5.01,294.8,12.153,51.049,1069.350,2.343
27706,05/09/26 09:30:53 PM,3.01,5.34,290.6,11.963,51.792,1069.350,2.370
27707,05/09/26 09:40:53 PM,1.67,2.67,262.5,10.799,55.172,1069.350,2.175
27708,05/09/26 09:50:53 PM,2.00,3.34,294.8,10.689,55.689,1069.350,2.203
27709,05/09/26 10:00:53 PM,3.67,5.68,308.9,10.668,55.685,1069.350,2.183
27710,05/09/26 10:10:53 PM,3.67,5.34,311.7,10.188,57.043,1069.350,2.071
27711,05/09/26 10:20:53 PM,4.68,6.68,311.7,10.545,55.474,1069.350,2.015
27712,05/09/26 10:30:53 PM,4.34,6.01,318.7,11.566,52.349,1069.350,2.153
27713,05/09/26 10:40:53 PM,3.34,5.34,314.5,12.105,51.086,1069.350,2.309
27714,05/09/26 10:50:53 PM,4.34,5.68,311.7,11.805,52.305,1069.350,2.362
27715,05/09/26 11:00:53 PM,4.68,6.35,311.7,11.531,53.725,1069.350,2.484
27716,05/09/26 11:10:53 PM,3.67,5.34,310.3,11.596,53.703,1069.350,2.539
27717,05/09/26 11:20:53 PM,2.00,3.34,297.6,10.941,55.348,1069.350,2.352
27718,05/09/26 11:30:53 PM,2.67,3.34,252.7,8.405,61.118,1069.350,1.357
27719,05/09/26 11:40:53 PM,1.34,3.01,273.8,7.376,65.052,1069.350,1.249
27720,05/09/26 11:50:53 PM,2.67,4.34,237.3,7.287,65.946,1069.350,1.354
27721,05/10/26 12:00:53 AM,2.34,4.34,290.6,8.083,64.331,1069.350,1.766
27722,05/10/26 12:10:53 AM,2.34,5.01,301.8,10.242,56.712,1069.350,2.040
27723,05/10/26 12:20:53 AM,1.67,3.34,261.1,7.933,63.276,1069.350,1.393
27724,05/10/26 12:30:53 AM,1.34,2.34,272.4,8.102,63.006,1069.350,1.494
27725,05/10/26 12:40:53 AM,2.00,3.67,268.1,7.719,63.781,1069.350,1.300
27726,05/10/26 12:50:53 AM,2.34,3.34,272.4,6.724,66.824,1069.350,1.000
27727,05/10/26 01:00:53 AM,2.00,3.34,279.4,6.823,66.804,1069.350,1.091
27728,05/10/26 01:10:53 AM,3.01,4.01,278.0,7.301,65.325,1069.350,1.236
27729,05/10/26 01:20:53 AM,1.67,3.01,276.6,7.094,65.718,1069.350,1.122
27730,05/10/26 01:30:53 AM,1.67,2.67,282.2,7.480,63.862,1069.350,1.091
27731,05/10/26 01:40:53 AM,2.34,3.67,286.4,7.405,64.089,1069.350,1.069
27732,05/10/26 01:50:53 AM,2.34,3.67,307.5,7.829,62.280,1069.350,1.074
27733,05/10/26 02:00:53 AM,2.00,3.01,293.4,8.089,60.937,1069.350,1.017
27734,05/10/26 02:10:53 AM,1.67,2.67,287.8,8.220,60.661,1069.350,1.078
27735,05/10/26 02:20:53 AM,1.34,3.34,275.2,7.394,63.568,1069.350,0.945
27736,05/10/26 02:30:53 AM,1.00,2.34,292.0,6.933,65.014,1069.350,0.819
27737,05/10/26 02:40:53 AM,1.67,2.67,271.0,5.906,68.078,1069.350,0.476
27738,05/10/26 02:50:53 AM,1.67,2.34,276.6,5.475,69.642,1069.350,0.376
27739,05/10/26 03:00:53 AM,1.67,3.01,299.0,4.933,70.835,1069.350,0.090
27740,05/10/26 03:10:53 AM,2.67,3.67,307.5,4.451,71.316,1069.350,-0.281
27741,05/10/26 03:20:53 AM,2.67,3.34,296.2,4.708,71.177,1069.350,-0.061
27742,05/10/26 03:30:53 AM,2.34,3.67,286.4,5.459,68.585,1069.350,0.150
27743,05/10/26 03:40:53 AM,2.00,3.67,320.1,5.089,68.951,1069.350,-0.132
27744,05/10/26 03:50:53 AM,1.00,2.34,150.2,3.440,74.182,1069.350,-0.717
27745,05/10/26 04:00:53 AM,0.67,1.34,266.7,2.947,76.670,1069.350,-0.743
27746,05/10/26 04:10:53 AM,0.00,0.67,290.6,3.601,74.032,1069.350,-0.589
27747,05/10/26 04:20:53 AM,0.00,0.33,290.6,3.515,74.014,1069.350,-0.675
27748,05/10/26 04:30:53 AM,0.00,0.67,290.6,3.105,74.784,1069.350,-0.931
27749,05/10/26 04:40:53 AM,0.33,1.00,290.6,2.979,75.164,1069.350,-0.983
27750,05/10/26 04:50:53 AM,0.00,0.00,290.6,2.528,76.295,1069.350,-1.217
27751,05/10/26 05:00:53 AM,0.00,0.67,290.6,1.931,79.080,1069.350,-1.310
27752,05/10/26 05:10:53 AM,0.00,1.00,290.6,2.099,78.665,1069.350,-1.218
27753,05/10/26 05:20:53 AM,0.00,0.67,290.6,1.657,79.171,1069.350,-1.561
27754,05/10/26 05:30:53 AM,1.00,1.34,290.6,0.960,79.487,1069.350,-2.187
27755,05/10/26 05:40:53 AM,1.00,1.67,290.6,1.234,78.962,1069.350,-2.009
27756,05/10/26 05:50:53 AM,1.34,2.00,287.8,0.810,79.141,1069.350,-2.392
27757,05/10/26 06:00:53 AM,1.34,1.67,296.2,1.244,78.015,1069.350,-2.163
27758,05/10/26 06:10:53 AM,0.67,1.34,301.8,1.901,76.675,1069.350,-1.758
27759,05/10/26 06:20:53 AM,0.67,1.00,301.8,1.721,77.452,1069.350,-1.797
27760,05/10/26 06:30:53 AM,0.00,0.00,301.8,1.335,77.902,1069.350,-2.094
27761,05/10/26 06:40:53 AM,0.00,0.00,301.8,0.700,79.100,1069.350,-2.506
27762,05/10/26 06:50:53 AM,0.00,0.00,301.8,0.236,80.967,1069.350,-2.645
27763,05/10/26 07:00:53 AM,0.00,0.00,301.8,0.649,79.486,1069.350,-2.490
27764,05/10/26 07:10:53 AM,0.67,1.34,313.1,1.303,78.637,1069.350,-1.998
27765,05/10/26 07:20:53 AM,0.67,1.34,314.5,3.469,73.625,1069.350,-0.792
27766,05/10/26 07:30:53 AM,0.00,0.33,314.5,5.799,68.965,1069.350,0.552
27767,05/10/26 07:40:53 AM,0.00,0.00,314.5,6.890,67.135,1069.350,1.224
27768,05/10/26 07:50:53 AM,0.00,0.00,314.5,7.413,65.306,1069.350,1.338
27769,05/10/26 08:00:53 AM,0.00,0.67,314.5,7.901,64.305,1069.350,1.587
27770,05/10/26 08:10:53 AM,0.33,1.00,30.9,8.671,61.598,1069.350,1.717
27771,05/10/26 08:20:53 AM,0.67,1.34,87.0,9.660,58.897,1069.350,2.023
27772,05/10/26 08:30:53 AM,1.00,2.00,134.8,9.394,60.543,1069.350,2.159
27773,05/10/26 08:40:53 AM,1.00,1.67,120.7,9.574,60.624,1069.350,2.347
27774,05/10/26 08:50:53 AM,0.67,1.67,127.8,10.298,59.501,1069.350,2.767
27775,05/10/26 09:00:53 AM,1.34,3.01,95.5,11.338,54.122,1069.350,2.408
27776,05/10/26 09:10:53 AM,1.67,3.01,108.1,11.212,54.319,1069.350,2.342
27777,05/10/26 09:20:53 AM,1.67,2.67,98.3,11.915,54.052,1069.350,2.927
27778,05/10/26 09:30:53 AM,1.67,3.01,94.1,12.992,52.134,1069.350,3.416
27779,05/10/26 09:40:53 AM,1.67,3.01,102.5,13.679,50.704,1069.350,3.657
27780,05/10/26 09:50:53 AM,2.00,3.67,112.3,14.067,49.500,1069.350,3.674
27781,05/10/26 10:00:53 AM,2.34,4.01,101.1,15.011,46.886,1069.350,3.770
27782,05/10/26 10:10:53 AM,3.01,5.34,82.8,15.877,44.225,1069.350,3.729
27783,05/10/26 10:20:53 AM,4.01,6.35,87.0,16.563,42.376,1069.350,3.744
27784,05/10/26 10:30:53 AM,4.34,7.01,84.2,17.172,41.802,1069.350,4.099
27785,05/10/26 10:40:53 AM,4.01,6.68,77.2,17.810,41.347,1069.350,4.517
27786,05/10/26 10:50:53 AM,4.34,6.68,80.0,17.952,40.548,1069.350,4.366
27787,05/10/26 11:00:53 AM,4.01,6.68,74.4,18.330,41.137,1069.350,4.912
27788,05/10/26 11:10:53 AM,4.01,5.68,82.8,18.620,40.827,1069.350,5.064
27789,05/10/26 11:20:53 AM,3.67,6.01,68.8,19.084,40.931,1069.350,5.518
27790,05/10/26 11:30:53 AM,3.67,6.68,92.7,19.365,40.273,1069.350,5.537
27791,05/10/26 11:40:53 AM,3.34,5.68,75.8,20.008,39.440,1069.350,5.811
27792,05/10/26 11:50:53 AM,3.34,6.35,74.4,20.271,38.824,1069.350,5.818
27793,05/10/26 12:00:53 PM,3.01,6.35,77.2,20.558,38.033,1069.350,5.777
27794,05/10/26 12:10:53 PM,3.01,6.01,73.0,21.183,36.550,1069.350,5.757
27795,05/10/26 12:20:53 PM,3.01,6.01,87.0,20.955,35.752,1069.350,5.237
27796,05/10/26 12:30:53 PM,2.67,6.01,87.0,20.944,35.431,1069.350,5.098
27797,05/10/26 12:40:53 PM,2.67,6.68,109.5,21.041,35.447,1069.350,5.190
27798,05/10/26 12:50:53 PM,2.67,6.01,63.2,21.553,34.565,1069.350,5.279
27799,05/10/26 01:00:53 PM,2.67,5.34,47.7,21.692,33.887,1069.350,5.116
27800,05/10/26 01:10:53 PM,3.34,7.35,105.3,22.314,33.147,1069.350,5.344
27801,05/10/26 01:20:53 PM,3.01,6.01,129.2,22.346,31.090,1069.350,4.453
27802,05/10/26 01:30:53 PM,2.00,4.68,116.5,22.338,28.631,1069.350,3.275
27803,05/10/26 01:40:53 PM,2.34,4.34,140.4,22.684,25.960,1069.350,2.192
27804,05/10/26 01:50:53 PM,2.34,5.34,103.9,23.003,25.023,1069.350,1.948
27805,05/10/26 02:00:53 PM,2.00,4.68,108.1,23.076,25.367,1069.350,2.201
27806,05/10/26 02:10:53 PM,2.34,5.01,116.5,22.775,24.193,1069.350,1.285
27807,05/10/26 02:20:53 PM,1.34,4.34,56.2,23.572,22.325,1069.350,0.837
27808,05/10/26 02:30:53 PM,2.00,4.34,110.9,23.553,22.300,1069.350,0.806
27809,05/10/26 02:40:53 PM,2.34,4.68,120.7,23.633,22.416,1069.350,0.945
27810,05/10/26 02:50:53 PM,2.34,4.01,101.1,23.555,21.057,1069.350,0.015
27811,05/10/26 03:00:53 PM,1.67,4.34,89.9,24.287,21.820,1069.350,1.116
27812,05/10/26 03:10:53 PM,1.34,3.34,99.7,24.810,22.058,1069.350,1.702
27813,05/10/26 03:20:53 PM,1.67,4.34,112.3,24.285,21.335,1069.350,0.802
27814,05/10/26 03:30:53 PM,1.67,4.34,158.6,24.507,21.970,1069.350,1.394
27815,05/10/26 03:40:53 PM,1.34,5.01,189.5,25.164,22.509,1069.350,2.280
27816,05/10/26 03:50:53 PM,2.34,3.67,117.9,24.212,21.468,1069.350,0.827
27817,05/10/26 04:00:53 PM,1.34,4.34,78.6,24.824,21.773,1069.350,1.532
27818,05/10/26 04:10:53 PM,2.00,4.01,64.6,24.714,21.984,1069.350,1.575
27819,05/10/26 04:20:53 PM,1.67,4.68,168.5,25.234,21.546,1069.350,1.727
27820,05/10/26 04:30:53 PM,2.34,4.01,227.4,24.429,21.103,1069.350,0.770
27821,05/10/26 04:40:53 PM,1.34,3.67,234.5,24.719,20.742,1069.350,0.771
27822,05/10/26 04:50:53 PM,2.34,5.01,252.7,24.681,22.144,1069.350,1.649
27823,05/10/26 05:00:53 PM,2.34,4.01,331.3,24.866,21.929,1069.350,1.667
27824,05/10/26 05:10:53 PM,1.34,4.34,14.0,24.609,20.830,1069.350,0.739
27825,05/10/26 05:20:53 PM,1.67,3.67,12.6,24.700,20.710,1069.350,0.734
27826,05/10/26 05:30:53 PM,1.00,2.67,61.8,25.151,21.321,1069.350,1.511
27827,05/10/26 05:40:53 PM,1.34,3.67,54.8,25.218,22.460,1069.350,2.295
27828,05/10/26 05:50:53 PM,1.34,3.34,355.2,24.652,22.832,1069.350,2.052
27829,05/10/26 06:00:53 PM,2.00,4.01,355.2,24.202,24.079,1069.350,2.421
27830,05/10/26 06:10:53 PM,1.67,3.01,22.5,24.673,25.472,1069.350,3.612
27831,05/10/26 06:20:53 PM,1.67,3.34,30.9,24.073,25.937,1069.350,3.360
27832,05/10/26 06:30:53 PM,1.34,2.00,54.8,24.893,26.477,1069.350,4.349
27833,05/10/26 06:40:53 PM,2.00,4.01,54.8,24.534,27.295,1069.350,4.478
27834,05/10/26 06:50:53 PM,1.67,2.67,77.2,23.440,28.627,1069.350,4.221
27835,05/10/26 07:00:53 PM,1.34,2.34,78.6,23.301,31.737,1069.350,5.579
27836,05/10/26 07:10:53 PM,1.67,2.67,87.0,24.641,29.772,1069.350,5.818
27837,05/10/26 07:20:53 PM,1.67,3.01,80.0,23.555,30.578,1069.350,5.264
27838,05/10/26 07:30:53 PM,1.67,2.34,85.6,22.100,35.203,1069.350,6.025
27839,05/10/26 07:40:53 PM,1.34,1.67,63.2,20.328,41.837,1069.350,6.954
27840,05/10/26 07:50:53 PM,1.34,1.67,59.0,19.196,43.467,1069.350,6.489
27841,05/10/26 08:00:53 PM,1.34,2.00,42.1,17.864,43.328,1069.350,5.237
27842,05/10/26 08:10:53 PM,1.67,2.34,30.9,17.706,42.542,1069.350,4.831
27843,05/10/26 08:20:53 PM,2.34,2.67,12.6,16.995,43.714,1069.350,4.577
27844,05/10/26 08:30:53 PM,1.67,2.34,12.6,16.663,44.227,1069.350,4.443
27845,05/10/26 08:40:53 PM,1.67,3.01,33.7,16.569,42.153,1069.350,3.674
27846,05/10/26 08:50:53 PM,2.00,3.01,22.5,16.357,42.086,1069.350,3.460
27847,05/10/26 09:00:53 PM,1.34,2.00,16.8,15.453,43.183,1069.350,3.007
27848,05/10/26 09:10:53 PM,1.34,2.67,14.0,15.319,42.419,1069.350,2.634
27849,05/10/26 09:20:53 PM,2.34,3.01,11.2,15.601,40.667,1069.350,2.296
27850,05/10/26 09:30:53 PM,2.00,2.67,11.2,15.293,41.044,1069.350,2.148
27851,05/10/26 09:40:53 PM,1.67,2.67,8.4,14.982,41.236,1069.350,1.933
27852,05/10/26 09:50:53 PM,1.00,2.00,217.6,13.888,44.613,1069.350,2.045
27853,05/10/26 10:00:53 PM,1.00,2.00,256.9,13.708,45.660,1069.350,2.206
27854,05/10/26 10:10:53 PM,2.00,2.67,275.2,10.861,53.402,1069.350,1.777
27855,05/10/26 10:20:53 PM,1.00,2.00,286.4,11.823,48.569,1069.350,1.343
27856,05/10/26 10:30:53 PM,1.00,1.67,300.4,12.408,45.722,1069.350,1.039
27857,05/10/26 10:40:53 PM,1.00,1.34,324.3,13.067,43.496,1069.350,0.946
27858,05/10/26 10:50:53 PM,1.34,2.00,307.5,10.408,50.913,1069.350,0.693
27859,05/10/26 11:00:53 PM,0.67,1.34,308.9,9.834,52.322,1069.350,0.539
27860,05/10/26 11:10:53 PM,1.34,2.00,307.5,8.834,55.212,1069.350,0.351
27861,05/10/26 11:20:53 PM,0.67,1.67,320.1,10.260,51.125,1069.350,0.614
27862,05/10/26 11:30:53 PM,1.00,1.34,320.1,9.799,52.686,1069.350,0.602
27863,05/10/26 11:40:53 PM,0.67,1.34,320.1,9.799,52.905,1069.350,0.660
27864,05/10/26 11:50:53 PM,0.33,1.00,320.1,10.483,51.087,1069.350,0.810
27865,05/11/26 12:00:53 AM,0.00,0.00,320.1,11.322,48.821,1069.350,0.954
27866,05/11/26 12:10:53 AM,0.00,0.00,320.1,10.826,50.248,1069.350,0.897
27867,05/11/26 12:20:53 AM,0.67,1.34,306.1,8.638,56.980,1069.350,0.603
27868,05/11/26 12:30:53 AM,0.00,0.00,301.8,10.193,52.711,1069.350,0.975
27869,05/11/26 12:40:53 AM,1.00,2.00,292.0,8.153,58.767,1069.350,0.575
27870,05/11/26 12:50:53 AM,1.00,2.00,289.2,6.939,63.183,1069.350,0.429
27871,05/11/26 01:00:53 AM,1.00,1.67,314.5,8.617,57.421,1069.350,0.690
27872,05/11/26 01:10:53 AM,1.00,1.67,327.1,8.083,58.347,1069.350,0.410
27873,05/11/26 01:20:53 AM,0.67,1.67,331.3,8.091,58.068,1069.350,0.351
27874,05/11/26 01:30:53 AM,1.00,2.00,304.7,7.663,59.194,1069.350,0.214
27875,05/11/26 01:40:53 AM,1.00,1.67,352.4,7.547,60.172,1069.350,0.330
27876,05/11/26 01:50:53 AM,1.00,1.67,299.0,7.003,61.547,1069.350,0.128
27877,05/11/26 02:00:53 AM,1.34,1.67,286.4,6.188,64.520,1069.350,0.005
27878,05/11/26 02:10:53 AM,1.34,1.67,289.2,5.898,65.789,1069.350,-0.004
27879,05/11/26 02:20:53 AM,1.67,2.00,293.4,5.646,66.500,1069.350,-0.096
27880,05/11/26 02:30:53 AM,1.34,1.67,303.2,7.000,61.497,1069.350,0.114
27881,05/11/26 02:40:53 AM,1.34,2.00,303.2,6.609,62.367,1069.350,-0.063
27882,05/11/26 02:50:53 AM,1.67,2.34,293.4,6.491,62.829,1069.350,-0.073
27883,05/11/26 03:00:53 AM,1.67,2.00,283.6,6.612,62.103,1069.350,-0.118
27884,05/11/26 03:10:53 AM,1.34,2.00,290.6,6.885,60.981,1069.350,-0.111
27885,05/11/26 03:20:53 AM,1.00,2.00,294.8,5.987,63.603,1069.350,-0.383
27886,05/11/26 03:30:53 AM,0.67,1.34,297.6,6.507,61.698,1069.350,-0.308
27887,05/11/26 03:40:53 AM,1.34,2.34,292.0,6.960,60.282,1069.350,-0.198
27888,05/11/26 03:50:53 AM,1.67,3.01,258.3,6.279,62.501,1069.350,-0.346
27889,05/11/26 04:00:53 AM,2.34,3.34,273.8,4.829,67.781,1069.350,-0.615
27890,05/11/26 04:10:53 AM,2.00,3.01,265.3,6.142,62.812,1069.350,-0.408
27891,05/11/26 04:20:53 AM,2.34,3.01,258.3,4.469,69.032,1069.350,-0.710
27892,05/11/26 04:30:53 AM,2.00,2.67,261.1,5.215,66.723,1069.350,-0.462
27893,05/11/26 04:40:53 AM,2.00,2.34,290.6,5.301,66.079,1069.350,-0.513
27894,05/11/26 04:50:53 AM,2.00,2.34,289.2,5.957,63.879,1069.350,-0.352
27895,05/11/26 05:00:53 AM,2.00,4.01,306.1,6.818,60.941,1069.350,-0.183
27896,05/11/26 05:10:53 AM,2.67,4.01,296.2,6.877,60.563,1069.350,-0.213
27897,05/11/26 05:20:53 AM,2.00,4.01,279.4,7.429,57.598,1069.350,-0.382
27898,05/11/26 05:30:53 AM,2.34,4.34,299.0,8.078,54.200,1069.350,-0.609
27899,05/11/26 05:40:53 AM,1.34,2.67,252.7,6.480,59.385,1069.350,-0.856
27900,05/11/26 05:50:53 AM,1.67,2.67,290.6,7.960,53.544,1069.350,-0.885
27901,05/11/26 06:00:53 AM,1.34,2.67,271.0,7.451,55.128,1069.350,-0.961
27902,05/11/26 06:10:53 AM,1.00,2.34,221.8,5.888,61.392,1069.350,-0.961
27903,05/11/26 06:20:53 AM,1.67,3.34,248.5,5.810,62.922,1069.350,-0.699
27904,05/11/26 06:30:53 AM,1.34,2.67,255.5,6.850,59.658,1069.350,-0.445
27905,05/11/26 06:40:53 AM,1.67,3.01,249.9,6.735,59.765,1069.350,-0.529
27906,05/11/26 06:50:53 AM,1.67,3.01,261.1,8.150,55.181,1069.350,-0.295
27907,05/11/26 07:00:53 AM,1.67,3.01,252.7,9.183,51.783,1069.350,-0.207
27908,05/11/26 07:10:53 AM,1.34,2.34,245.7,9.724,52.425,1069.350,0.464
27909,05/11/26 07:20:53 AM,1.67,2.67,242.9,10.368,53.332,1069.350,1.300
27910,05/11/26 07:30:53 AM,1.67,2.67,251.3,11.636,49.888,1069.350,1.544
27911,05/11/26 07:40:53 AM,1.34,2.34,259.7,12.743,46.918,1069.350,1.705
27912,05/11/26 07:50:53 AM,1.34,2.34,258.3,13.274,45.522,1069.350,1.768
27913,05/11/26 08:00:53 AM,2.00,4.68,297.6,14.234,42.446,1069.350,1.663
27914,05/11/26 08:10:53 AM,2.34,5.01,301.8,14.604,42.220,1069.350,1.922
27915,05/11/26 08:20:53 AM,1.34,3.01,254.1,15.395,43.095,1069.350,2.926
27916,05/11/26 08:30:53 AM,0.67,1.34,210.6,15.976,43.352,1069.350,3.536
27917,05/11/26 08:40:53 AM,0.33,1.67,224.6,16.995,42.527,1069.350,4.184
27918,05/11/26 08:50:53 AM,1.34,2.34,282.2,18.341,36.872,1069.350,3.363
27919,05/11/26 09:00:53 AM,1.34,3.01,237.3,19.113,37.354,1069.350,4.233
27920,05/11/26 09:10:53 AM,2.00,3.34,280.8,20.022,36.927,1069.350,4.876
27921,05/11/26 09:20:53 AM,2.34,3.67,282.2,20.094,34.963,1069.350,4.158
27922,05/11/26 09:30:53 AM,2.00,3.34,285.0,20.510,36.217,1069.350,5.030
27923,05/11/26 09:40:53 AM,3.67,6.35,261.1,21.113,31.473,1069.350,3.556
27924,05/11/26 09:50:53 AM,4.34,6.68,266.7,20.813,31.647,1069.350,3.373
27925,05/11/26 10:00:53 AM,4.34,6.35,266.7,21.014,31.968,1069.350,3.691
27926,05/11/26 10:10:53 AM,4.34,5.68,282.2,21.156,32.728,1069.350,4.149
27927,05/11/26 10:20:53 AM,4.01,6.35,285.0,21.727,32.871,1069.350,4.711
27928,05/11/26 10:30:53 AM,4.01,6.35,287.8,21.933,34.052,1069.350,5.398
27929,05/11/26 10:40:53 AM,4.01,5.68,283.6,22.309,34.134,1069.350,5.763
27930,05/11/26 10:50:53 AM,4.34,6.01,278.0,22.593,34.110,1069.350,6.002
27931,05/11/26 11:00:53 AM,5.01,7.35,296.2,22.250,35.433,1069.350,6.251
27932,05/11/26 11:10:53 AM,4.68,7.01,282.2,22.488,35.914,1069.350,6.657
27933,05/11/26 11:20:53 AM,4.68,7.35,290.6,22.735,36.179,1069.350,6.982
27934,05/11/26 11:30:53 AM,4.34,7.01,279.4,22.955,34.778,1069.350,6.601
27935,05/11/26 11:40:53 AM,5.01,8.02,272.4,23.129,35.378,1069.350,7.003
27936,05/11/26 11:50:53 AM,5.68,8.35,279.4,22.810,35.273,1069.350,6.679
27937,05/11/26 12:00:53 PM,5.01,7.01,271.0,22.963,36.239,1069.350,7.208
27938,05/11/26 12:10:53 PM,5.34,8.35,259.7,23.193,35.489,1069.350,7.106
27939,05/11/26 12:20:53 PM,5.68,8.35,263.9,23.084,35.177,1069.350,6.881
27940,05/11/26 12:30:53 PM,5.34,8.35,262.5,23.325,34.896,1069.350,6.976
27941,05/11/26 12:40:53 PM,5.68,8.02,265.3,23.601,33.431,1069.350,6.594
27942,05/11/26 12:50:53 PM,5.34,8.35,271.0,23.614,33.680,1069.350,6.713
27943,05/11/26 01:00:53 PM,5.01,7.35,261.1,23.770,34.588,1069.350,7.238
27944,05/11/26 01:10:53 PM,5.01,7.35,265.3,23.998,34.984,1069.350,7.605
27945,05/11/26 01:20:53 PM,5.01,7.68,278.0,24.212,35.973,1069.350,8.203
27946,05/11/26 01:30:53 PM,4.68,8.02,289.2,23.968,35.753,1069.350,7.898
27947,05/11/26 01:40:53 PM,4.68,7.68,268.1,24.389,35.923,1069.350,8.339
27948,05/11/26 01:50:53 PM,5.01,8.35,275.2,24.306,35.366,1069.350,8.036
27949,05/11/26 02:00:53 PM,4.68,7.35,282.2,24.521,35.550,1069.350,8.301
27950,05/11/26 02:10:53 PM,4.34,6.68,273.8,24.574,35.265,1069.350,8.229
27951,05/11/26 02:20:53 PM,5.68,8.68,262.5,24.754,33.283,1069.350,7.538
27952,05/11/26 02:30:53 PM,5.01,7.68,255.5,24.735,33.942,1069.350,7.808
27953,05/11/26 02:40:53 PM,5.01,7.68,263.9,24.872,33.373,1069.350,7.680
27954,05/11/26 02:50:53 PM,5.34,10.02,263.9,24.901,32.453,1069.350,7.296
27955,05/11/26 03:00:53 PM,5.68,10.02,251.3,24.759,32.474,1069.350,7.182
27956,05/11/26 03:10:53 PM,5.68,9.35,261.1,24.939,32.300,1069.350,7.260
27957,05/11/26 03:20:53 PM,5.34,8.02,276.6,24.789,32.425,1069.350,7.186
27958,05/11/26 03:30:53 PM,4.68,7.68,265.3,25.177,32.769,1069.350,7.679
27959,05/11/26 03:40:53 PM,5.01,8.35,278.0,25.124,32.366,1069.350,7.451
27960,05/11/26 03:50:53 PM,5.34,8.68,259.7,24.915,32.541,1069.350,7.348
27961,05/11/26 04:00:53 PM,4.68,7.01,275.2,25.017,32.856,1069.350,7.578
27962,05/11/26 04:10:53 PM,5.34,8.35,271.0,25.271,32.691,1069.350,7.726
27963,05/11/26 04:20:53 PM,4.34,7.01,273.8,25.376,32.714,1069.350,7.828
27964,05/11/26 04:30:53 PM,5.01,8.02,273.8,25.293,33.613,1069.350,8.154
27965,05/11/26 04:40:53 PM,4.34,7.01,271.0,25.620,33.385,1069.350,8.340
27966,05/11/26 04:50:53 PM,4.68,7.68,276.6,25.258,33.144,1069.350,7.917
27967,05/11/26 05:00:53 PM,4.68,8.02,303.2,24.933,33.089,1069.350,7.608
27968,05/11/26 05:10:53 PM,5.01,7.68,282.2,25.148,32.790,1069.350,7.663
27969,05/11/26 05:20:53 PM,4.34,7.01,293.4,25.151,33.341,1069.350,7.910
27970,05/11/26 05:30:53 PM,4.68,7.68,285.0,25.019,32.926,1069.350,7.611
27971,05/11/26 05:40:53 PM,4.34,6.68,269.6,25.100,32.468,1069.350,7.476
27972,05/11/26 05:50:53 PM,4.01,7.35,285.0,25.196,32.416,1069.350,7.537
27973,05/11/26 06:00:53 PM,4.68,8.02,314.5,24.781,32.641,1069.350,7.276
27974,05/11/26 06:10:53 PM,3.67,5.68,278.0,25.188,32.815,1069.350,7.709
27975,05/11/26 06:20:53 PM,4.34,7.35,299.0,24.563,33.159,1069.350,7.316
27976,05/11/26 06:30:53 PM,4.34,6.68,304.7,24.577,33.207,1069.350,7.349
27977,05/11/26 06:40:53 PM,5.01,8.02,315.9,24.263,32.749,1069.350,6.872
27978,05/11/26 06:50:53 PM,5.01,7.35,303.2,24.207,31.434,1069.350,6.228
27979,05/11/26 07:00:53 PM,5.34,8.02,311.7,23.944,31.070,1069.350,5.831
27980,05/11/26 07:10:53 PM,4.34,7.01,313.1,23.740,32.555,1069.350,6.330
27981,05/11/26 07:20:53 PM,4.68,7.68,314.5,23.301,33.179,1069.350,6.221
27982,05/11/26 07:30:53 PM,5.01,7.01,317.3,22.614,33.117,1069.350,5.593
27983,05/11/26 07:40:53 PM,4.01,6.68,314.5,22.636,32.985,1069.350,5.555
27984,05/11/26 07:50:53 PM,2.34,3.34,304.7,21.496,36.805,1069.350,6.135
27985,05/11/26 08:00:53 PM,2.67,3.67,299.0,19.472,40.386,1069.350,5.673
27986,05/11/26 08:10:53 PM,2.67,3.34,307.5,19.183,40.792,1069.350,5.558
27987,05/11/26 08:20:53 PM,2.34,3.34,317.3,18.550,42.046,1069.350,5.424
27988,05/11/26 08:30:53 PM,2.67,3.67,322.9,17.606,44.054,1069.350,5.242
27989,05/11/26 08:40:53 PM,3.01,4.01,322.9,17.124,44.491,1069.350,4.947
27990,05/11/26 08:50:53 PM,3.01,3.67,325.7,16.834,45.360,1069.350,4.960
27991,05/11/26 09:00:53 PM,2.34,4.34,327.1,15.912,48.106,1069.350,4.961
27992,05/11/26 09:10:53 PM,2.34,3.67,317.3,15.475,48.873,1069.350,4.787
27993,05/11/26 09:20:53 PM,1.67,3.01,297.6,14.866,50.367,1069.350,4.658
27994,05/11/26 09:30:53 PM,1.34,2.67,252.7,14.204,51.933,1069.350,4.484
27995,05/11/26 09:40:53 PM,1.34,2.34,289.2,13.386,54.101,1069.350,4.309
27996,05/11/26 09:50:53 PM,3.01,4.68,314.5,13.944,52.602,1069.350,4.426
27997,05/11/26 10:00:53 PM,3.01,4.34,317.3,14.582,50.718,1069.350,4.495
27998,05/11/26 10:10:53 PM,2.34,3.34,315.9,14.673,49.767,1069.350,4.308
27999,05/11/26 10:20:53 PM,0.33,1.34,40.7,12.791,55.027,1069.350,3.996
28000,05/11/26 10:30:53 PM,0.67,1.34,141.8,11.815,57.176,1069.350,3.628
28001,05/11/26 10:40:53 PM,0.67,1.34,101.1,11.655,57.534,1069.350,3.567
28002,05/11/26 10:50:53 PM,0.67,1.34,137.6,11.955,56.405,1069.350,3.567
28003,05/11/26 11:00:53 PM,0.67,1.67,181.1,11.882,56.139,1069.350,3.432
28004,05/11/26 11:10:53 PM,1.34,1.67,286.4,12.448,54.293,1069.350,3.486
28005,05/11/26 11:20:53 PM,1.34,2.00,301.8,12.362,54.189,1069.350,3.379
28006,05/11/26 11:30:53 PM,1.34,2.00,297.6,11.976,55.056,1069.350,3.244
28007,05/11/26 11:40:53 PM,1.67,2.00,300.4,11.877,55.169,1069.350,3.180
28008,05/11/26 11:50:53 PM,1.67,2.67,280.8,11.880,54.932,1069.350,3.122
28009,05/12/26 12:00:53 AM,2.00,2.34,287.8,10.400,59.120,1069.350,2.773
28010,05/12/26 12:10:53 AM,1.67,2.34,289.2,10.783,58.376,1069.350,2.954
28011,05/12/26 12:20:53 AM,0.67,1.34,294.8,11.282,57.321,1069.350,3.165
28012,05/12/26 12:30:53 AM,1.34,2.00,301.8,10.561,59.921,1069.350,3.114
28013,05/12/26 12:40:53 AM,2.00,2.67,282.2,11.236,58.683,1069.350,3.454
28014,05/12/26 12:50:53 AM,2.34,2.67,279.4,9.389,64.332,1069.350,3.008
28015,05/12/26 01:00:53 AM,2.00,2.34,286.4,10.550,60.832,1069.350,3.317
28016,05/12/26 01:10:53 AM,2.00,2.34,280.8,10.668,59.355,1069.350,3.081
28017,05/12/26 01:20:53 AM,1.34,2.00,287.8,10.196,59.545,1069.350,2.681
28018,05/12/26 01:30:53 AM,1.67,2.34,306.1,10.987,56.519,1069.350,2.690
28019,05/12/26 01:40:53 AM,1.67,2.67,283.6,11.118,54.768,1069.350,2.370
28020,05/12/26 01:50:53 AM,2.00,2.34,280.8,10.974,55.116,1069.350,2.324
28021,05/12/26 02:00:53 AM,2.00,2.34,294.8,10.614,56.306,1069.350,2.288
28022,05/12/26 02:10:53 AM,1.67,2.67,299.0,11.041,54.891,1069.350,2.329
28023,05/12/26 02:20:53 AM,1.34,2.34,297.6,11.483,53.472,1069.350,2.373
28024,05/12/26 02:30:53 AM,1.67,2.34,303.2,11.209,55.357,1069.350,2.605
28025,05/12/26 02:40:53 AM,1.67,2.67,300.4,10.620,58.137,1069.350,2.743
28026,05/12/26 02:50:53 AM,2.00,3.34,261.1,10.057,59.861,1069.350,2.625
28027,05/12/26 03:00:53 AM,2.34,3.01,289.2,8.271,67.021,1069.350,2.519
28028,05/12/26 03:10:53 AM,2.00,2.67,283.6,10.129,58.996,1069.350,2.488
28029,05/12/26 03:20:53 AM,2.00,2.34,273.8,9.376,61.518,1069.350,2.366
28030,05/12/26 03:30:53 AM,2.34,3.67,304.7,9.746,60.671,1069.350,2.521
28031,05/12/26 03:40:53 AM,1.34,3.34,299.0,10.368,58.424,1069.350,2.576
28032,05/12/26 03:50:53 AM,0.33,1.34,331.3,9.427,61.453,1069.350,2.399
28033,05/12/26 04:00:53 AM,0.33,1.34,299.0,8.882,62.770,1069.350,2.181
28034,05/12/26 04:10:53 AM,0.67,1.34,9.8,8.276,65.338,1069.350,2.167
28035,05/12/26 04:20:53 AM,0.33,0.67,23.9,8.376,64.167,1069.350,2.009
28036,05/12/26 04:30:53 AM,0.00,0.67,23.9,8.947,61.993,1069.350,2.068
28037,05/12/26 04:40:53 AM,0.00,0.00,355.2,8.912,61.904,1069.350,2.015
28038,05/12/26 04:50:53 AM,1.00,1.67,282.2,7.912,65.135,1069.350,1.777
28039,05/12/26 05:00:53 AM,1.34,2.67,289.2,6.990,68.302,1069.350,1.559
28040,05/12/26 05:10:53 AM,1.34,2.34,266.7,8.022,64.785,1069.350,1.806
28041,05/12/26 05:20:53 AM,1.00,2.00,294.8,8.201,63.665,1069.350,1.733
28042,05/12/26 05:30:53 AM,1.00,2.67,321.5,7.826,64.381,1069.350,1.533
28043,05/12/26 05:40:53 AM,0.33,1.67,332.7,7.094,66.473,1069.350,1.281
28044,05/12/26 05:50:53 AM,1.67,3.01,307.5,7.204,65.373,1069.350,1.153
28045,05/12/26 06:00:53 AM,1.67,3.01,294.8,6.633,67.080,1069.350,0.967
28046,05/12/26 06:10:53 AM,1.34,1.67,299.0,6.904,65.748,1069.350,0.947
28047,05/12/26 06:20:53 AM,1.00,1.67,320.1,6.778,65.798,1069.350,0.837
28048,05/12/26 06:30:53 AM,0.33,2.00,146.0,6.722,66.146,1069.350,0.857
28049,05/12/26 06:40:53 AM,0.67,1.67,280.8,5.955,69.181,1069.350,0.745
28050,05/12/26 06:50:53 AM,1.34,1.67,303.2,6.419,68.913,1069.350,1.136
28051,05/12/26 07:00:53 AM,0.33,1.34,278.0,7.764,64.727,1069.350,1.548
28052,05/12/26 07:10:53 AM,1.00,1.67,313.1,7.400,66.738,1069.350,1.628
28053,05/12/26 07:20:53 AM,0.33,1.00,325.7,9.692,61.303,1069.350,2.615
28054,05/12/26 07:30:53 AM,0.33,1.00,313.1,10.668,64.218,1069.350,4.198
28055,05/12/26 07:40:53 AM,0.33,1.00,315.9,12.327,61.898,1069.350,5.244
28056,05/12/26 07:50:53 AM,1.00,1.67,122.1,11.239,67.355,1069.350,5.425
28057,05/12/26 08:00:53 AM,1.00,1.34,136.2,10.880,68.624,1069.350,5.351
28058,05/12/26 08:10:53 AM,0.67,1.00,103.9,11.609,65.046,1069.350,5.276
28059,05/12/26 08:20:53 AM,0.00,0.67,77.2,12.711,59.867,1069.350,5.126
28060,05/12/26 08:30:53 AM,0.33,1.34,77.2,13.928,56.069,1069.350,5.326
28061,05/12/26 08:40:53 AM,0.67,1.67,75.8,14.679,52.418,1069.350,5.057
28062,05/12/26 08:50:53 AM,1.00,1.67,116.5,15.033,53.745,1069.350,5.745
28063,05/12/26 09:00:53 AM,1.00,1.67,67.4,16.008,51.493,1069.350,6.030
28064,05/12/26 09:10:53 AM,1.00,2.00,108.1,16.620,49.520,1069.350,6.029
28065,05/12/26 09:20:53 AM,1.00,2.00,95.5,17.145,49.282,1069.350,6.442
28066,05/12/26 09:30:53 AM,1.00,2.00,103.9,18.014,46.850,1069.350,6.503
28067,05/12/26 09:40:53 AM,1.00,2.00,70.2,18.781,46.058,1069.350,6.954
28068,05/12/26 09:50:53 AM,1.34,2.67,81.4,19.108,44.942,1069.350,6.894
28069,05/12/26 10:00:53 AM,1.67,3.01,94.1,19.708,44.675,1069.350,7.352
28070,05/12/26 10:10:53 AM,2.00,3.67,71.6,20.346,43.590,1069.350,7.570
28071,05/12/26 10:20:53 AM,2.34,3.67,98.3,20.684,40.639,1069.350,6.850
28072,05/12/26 10:30:53 AM,2.34,4.68,95.5,21.116,42.196,1069.350,7.789
28073,05/12/26 10:40:53 AM,3.01,5.34,95.5,21.639,41.210,1069.350,7.912
28074,05/12/26 10:50:53 AM,3.01,4.68,77.2,22.100,38.970,1069.350,7.505
28075,05/12/26 11:00:53 AM,3.67,5.34,71.6,22.692,34.072,1069.350,6.073
28076,05/12/26 11:10:53 AM,3.67,6.68,57.6,22.915,35.647,1069.350,6.925
28077,05/12/26 11:20:53 AM,4.01,6.01,77.2,23.193,34.919,1069.350,6.869
28078,05/12/26 11:30:53 AM,4.01,6.35,75.8,23.277,34.476,1069.350,6.757
28079,05/12/26 11:40:53 AM,4.01,6.68,73.0,24.003,33.381,1069.350,6.924
28080,05/12/26 11:50:53 AM,3.67,5.34,74.4,24.534,33.436,1069.350,7.412
28081,05/12/26 12:00:53 PM,3.01,5.01,68.8,24.738,33.719,1069.350,7.714
28082,05/12/26 12:10:53 PM,3.34,6.35,74.4,25.046,34.884,1069.350,8.484
28083,05/12/26 12:20:53 PM,3.67,6.01,71.6,25.647,34.983,1069.350,9.055
28084,05/12/26 12:30:53 PM,3.67,6.35,67.4,25.606,34.079,1069.350,8.631
28085,05/12/26 12:40:53 PM,3.34,5.68,85.6,26.494,33.457,1069.350,9.135
28086,05/12/26 12:50:53 PM,3.67,7.68,73.0,26.751,31.667,1069.350,8.545
28087,05/12/26 01:00:53 PM,3.01,7.01,87.0,26.754,30.776,1069.350,8.127
28088,05/12/26 01:10:53 PM,4.01,7.68,78.6,27.692,31.144,1069.350,9.115
28089,05/12/26 01:20:53 PM,4.34,7.01,77.2,27.108,29.947,1069.350,8.031
28090,05/12/26 01:30:53 PM,4.34,6.68,92.7,27.387,28.559,1069.350,7.574
28091,05/12/26 01:40:53 PM,3.67,6.35,88.4,27.633,27.950,1069.350,7.469
28092,05/12/26 01:50:53 PM,3.01,5.68,94.1,27.765,27.614,1069.350,7.405
28093,05/12/26 02:00:53 PM,3.34,5.68,96.9,28.175,27.979,1069.350,7.947
28094,05/12/26 02:10:53 PM,3.67,6.01,106.7,28.038,27.677,1069.350,7.671
28095,05/12/26 02:20:53 PM,3.67,5.68,87.0,28.253,26.372,1069.350,7.147
28096,05/12/26 02:30:53 PM,3.01,5.68,112.3,28.228,26.331,1069.350,7.103
28097,05/12/26 02:40:53 PM,2.67,5.34,146.0,28.180,25.824,1069.350,6.779
28098,05/12/26 02:50:53 PM,2.34,5.68,130.6,28.639,25.673,1069.350,7.082
28099,05/12/26 03:00:53 PM,2.34,6.68,102.5,28.842,24.977,1069.350,6.853
28100,05/12/26 03:10:53 PM,3.67,6.01,96.9,28.807,24.344,1069.350,6.450
28101,05/12/26 03:20:53 PM,2.00,4.34,101.1,29.089,24.994,1069.350,7.071
28102,05/12/26 03:30:53 PM,3.01,5.01,120.7,29.105,24.421,1069.350,6.746
28103,05/12/26 03:40:53 PM,2.34,4.34,132.0,29.017,23.275,1069.350,5.975
28104,05/12/26 03:50:53 PM,3.01,6.01,71.6,29.368,23.687,1069.350,6.523
28105,05/12/26 04:00:53 PM,2.67,5.01,40.7,29.124,22.982,1069.350,5.881
28106,05/12/26 04:10:53 PM,2.34,4.68,51.9,29.617,23.676,1069.350,6.725
28107,05/12/26 04:20:53 PM,3.01,5.01,84.2,29.649,23.536,1069.350,6.665
28108,05/12/26 04:30:53 PM,3.01,7.35,91.3,29.531,23.478,1069.350,6.531
28109,05/12/26 04:40:53 PM,2.67,5.68,78.6,29.842,23.792,1069.350,6.984
28110,05/12/26 04:50:53 PM,3.01,5.68,78.6,29.845,22.673,1069.350,6.286
28111,05/12/26 05:00:53 PM,2.67,4.68,82.8,29.923,22.428,1069.350,6.194
28112,05/12/26 05:10:53 PM,3.01,6.35,71.6,29.802,23.005,1069.350,6.461
28113,05/12/26 05:20:53 PM,3.34,6.01,51.9,29.684,23.456,1069.350,6.645
28114,05/12/26 05:30:53 PM,4.01,7.01,57.6,29.561,24.530,1069.350,7.194
28115,05/12/26 05:40:53 PM,4.01,6.35,50.5,29.395,24.347,1069.350,6.946
28116,05/12/26 05:50:53 PM,4.34,6.68,60.4,29.451,24.126,1069.350,6.860
28117,05/12/26 06:00:53 PM,4.01,6.35,66.0,29.537,24.556,1069.350,7.190
28118,05/12/26 06:10:53 PM,4.01,6.35,60.4,29.298,24.898,1069.350,7.191
28119,05/12/26 06:20:53 PM,3.67,6.01,59.0,28.909,24.981,1069.350,6.911
28120,05/12/26 06:30:53 PM,4.01,6.35,67.4,28.925,25.367,1069.350,7.149
28121,05/12/26 06:40:53 PM,4.34,6.68,60.4,28.665,25.634,1069.350,7.082
28122,05/12/26 06:50:53 PM,4.01,7.68,50.5,27.944,27.002,1069.350,7.229
28123,05/12/26 07:00:53 PM,3.34,5.34,51.9,27.143,28.986,1069.350,7.582
28124,05/12/26 07:10:53 PM,2.67,4.68,85.6,27.773,28.627,1069.350,7.940
28125,05/12/26 07:20:53 PM,3.01,4.34,54.8,26.647,31.157,1069.350,8.215
28126,05/12/26 07:30:53 PM,3.34,5.34,50.5,26.303,30.968,1069.350,7.828
28127,05/12/26 07:40:53 PM,3.01,4.68,46.3,25.655,33.477,1069.350,8.411
28128,05/12/26 07:50:53 PM,3.01,5.34,46.3,24.606,35.225,1069.350,8.241
28129,05/12/26 08:00:53 PM,2.00,4.68,60.4,23.773,37.082,1069.350,8.262
28130,05/12/26 08:10:53 PM,3.34,5.01,30.9,22.853,36.832,1069.350,7.348
28131,05/12/26 08:20:53 PM,3.67,4.68,22.5,22.521,36.545,1069.350,6.940
28132,05/12/26 08:30:53 PM,3.34,4.68,25.3,22.100,36.632,1069.350,6.602
28133,05/12/26 08:40:53 PM,3.01,4.01,15.4,21.432,37.584,1069.350,6.382
28134,05/12/26 08:50:53 PM,3.34,4.34,19.7,21.161,37.218,1069.350,5.999
28135,05/12/26 09:00:53 PM,3.01,4.01,28.1,20.754,37.926,1069.350,5.910
28136,05/12/26 09:10:53 PM,2.67,4.01,40.7,20.507,38.058,1069.350,5.741
28137,05/12/26 09:20:53 PM,1.67,3.34,64.6,20.008,38.938,1069.350,5.626
28138,05/12/26 09:30:53 PM,1.00,3.01,146.0,19.025,41.685,1069.350,5.728
28139,05/12/26 09:40:53 PM,1.00,2.00,176.9,18.365,44.425,1069.350,6.052
28140,05/12/26 09:50:53 PM,0.33,1.34,310.3,17.159,48.405,1069.350,6.194
28141,05/12/26 10:00:53 PM,1.00,1.67,287.8,17.059,47.973,1069.350,5.973
28142,05/12/26 10:10:53 PM,1.34,1.67,286.4,16.920,47.762,1069.350,5.782
28143,05/12/26 10:20:53 PM,0.67,1.67,325.7,16.958,45.603,1069.350,5.150
28144,05/12/26 10:30:53 PM,0.67,2.34,19.7,17.470,43.796,1069.350,5.035
28145,05/12/26 10:40:53 PM,1.00,2.00,307.5,14.874,50.161,1069.350,4.606
28146,05/12/26 10:50:53 PM,1.00,1.67,282.2,16.480,44.863,1069.350,4.481
28147,05/12/26 11:00:53 PM,1.00,1.67,285.0,15.952,45.702,1069.350,4.265
28148,05/12/26 11:10:53 PM,0.67,1.34,299.0,16.727,43.784,1069.350,4.357
28149,05/12/26 11:20:53 PM,1.00,1.67,320.1,15.191,48.019,1069.350,4.274
28150,05/12/26 11:30:53 PM,1.67,2.67,282.2,13.944,51.962,1069.350,4.251
28151,05/12/26 11:40:53 PM,1.00,2.67,320.1,13.638,52.239,1069.350,4.043
28152,05/12/26 11:50:53 PM,1.34,2.00,315.9,13.831,51.493,1069.350,4.017
28153,05/13/26 12:00:53 AM,0.67,2.00,338.3,14.443,49.404,1069.350,3.992
28154,05/13/26 12:10:53 AM,1.00,2.00,300.4,13.904,50.974,1069.350,3.941
28155,05/13/26 12:20:53 AM,1.67,2.00,289.2,12.837,53.922,1069.350,3.751
28156,05/13/26 12:30:53 AM,2.00,3.01,282.2,13.333,52.781,1069.350,3.907
28157,05/13/26 12:40:53 AM,2.00,2.34,286.4,12.553,56.764,1069.350,4.217
28158,05/13/26 12:50:53 AM,2.34,4.34,289.2,15.180,50.013,1069.350,4.846
28159,05/13/26 01:00:53 AM,2.00,3.34,8.4,16.952,44.833,1069.350,4.900
28160,05/13/26 01:10:53 AM,1.34,3.67,214.8,16.609,45.917,1069.350,4.931
28161,05/13/26 01:20:53 AM,0.67,2.34,66.0,17.789,41.590,1069.350,4.582
28162,05/13/26 01:30:53 AM,1.34,2.67,75.8,16.622,47.381,1069.350,5.393
28163,05/13/26 01:40:53 AM,2.00,3.67,219.0,15.204,50.750,1069.350,5.078
28164,05/13/26 01:50:53 AM,1.34,2.67,168.5,18.038,41.332,1069.350,4.717
28165,05/13/26 02:00:53 AM,1.00,2.00,285.0,16.644,44.730,1069.350,4.587
28166,05/13/26 02:10:53 AM,1.67,2.67,276.6,15.381,48.745,1069.350,4.663
28167,05/13/26 02:20:53 AM,1.67,3.34,275.2,14.381,51.614,1069.350,4.559
28168,05/13/26 02:30:53 AM,0.67,1.67,207.8,13.984,53.747,1069.350,4.771
28169,05/13/26 02:40:53 AM,1.34,2.67,345.4,13.826,53.301,1069.350,4.505
28170,05/13/26 02:50:53 AM,1.34,2.34,342.6,15.086,48.835,1069.350,4.419
28171,05/13/26 03:00:53 AM,1.67,3.01,352.4,14.596,49.772,1069.350,4.239
28172,05/13/26 03:10:53 AM,1.67,2.67,311.7,13.118,53.301,1069.350,3.847
28173,05/13/26 03:20:53 AM,2.00,2.67,273.8,12.400,55.547,1069.350,3.765
28174,05/13/26 03:30:53 AM,1.67,2.34,303.2,11.909,56.918,1069.350,3.652
28175,05/13/26 03:40:53 AM,1.34,2.34,306.1,12.705,54.118,1069.350,3.679
28176,05/13/26 03:50:53 AM,1.67,2.34,332.7,13.569,50.878,1069.350,3.604
28177,05/13/26 04:00:53 AM,1.67,2.34,308.9,13.134,52.088,1069.350,3.535
28178,05/13/26 04:10:53 AM,1.34,2.67,306.1,12.089,55.610,1069.350,3.491
28179,05/13/26 04:20:53 AM,2.67,3.67,261.1,11.601,58.187,1069.350,3.676
28180,05/13/26 04:30:53 AM,2.67,4.68,307.5,13.923,50.979,1069.350,3.960
28181,05/13/26 04:40:53 AM,1.67,5.68,265.3,14.596,49.042,1069.350,4.028
28182,05/13/26 04:50:53 AM,1.67,2.34,352.4,13.606,51.075,1069.350,3.693
28183,05/13/26 05:00:53 AM,1.34,2.34,286.4,13.657,50.359,1069.350,3.540
28184,05/13/26 05:10:53 AM,1.00,2.67,234.5,12.049,55.563,1069.350,3.442
28185,05/13/26 05:20:53 AM,1.67,2.67,308.9,11.445,56.872,1069.350,3.206
28186,05/13/26 05:30:53 AM,2.00,3.67,315.9,11.057,58.524,1069.350,3.247
28187,05/13/26 05:40:53 AM,1.00,2.67,294.8,10.866,59.028,1069.350,3.189
28188,05/13/26 05:50:53 AM,1.00,2.34,331.3,10.754,59.786,1069.350,3.264
28189,05/13/26 06:00:53 AM,0.33,1.00,60.4,10.357,60.499,1069.350,3.057
28190,05/13/26 06:10:53 AM,0.33,1.67,315.9,10.561,60.101,1069.350,3.156
28191,05/13/26 06:20:53 AM,1.00,2.00,266.7,9.301,64.976,1069.350,3.065
28192,05/13/26 06:30:53 AM,1.34,2.67,278.0,9.459,65.188,1069.350,3.261
28193,05/13/26 06:40:53 AM,1.34,2.67,283.6,9.703,65.330,1069.350,3.524
28194,05/13/26 06:50:53 AM,0.67,2.00,304.7,10.898,61.648,1069.350,3.835
28195,05/13/26 07:00:53 AM,1.67,3.67,269.6,11.569,64.201,1069.350,5.050
28196,05/13/26 07:10:53 AM,1.34,2.67,311.7,11.035,68.882,1069.350,5.553
28197,05/13/26 07:20:53 AM,1.34,2.67,339.7,13.046,64.285,1069.350,6.472
28198,05/13/26 07:30:53 AM,1.67,3.67,158.6,12.781,68.142,1069.350,7.067
28199,05/13/26 07:40:53 AM,1.00,2.00,355.2,13.228,65.866,1069.350,6.998
28200,05/13/26 07:50:53 AM,0.67,2.00,136.2,13.896,66.258,1069.350,7.722
28201,05/13/26 08:00:53 AM,0.67,2.34,169.9,13.971,67.369,1069.350,8.037
28202,05/13/26 08:10:53 AM,0.67,2.00,258.3,14.086,66.509,1069.350,7.958
28203,05/13/26 08:20:53 AM,0.33,1.00,283.6,14.582,65.809,1069.350,8.275
28204,05/13/26 08:30:53 AM,0.33,1.00,314.5,14.786,65.801,1069.350,8.467
28205,05/13/26 08:40:53 AM,0.33,1.34,174.1,15.057,66.795,1069.350,8.947
28206,05/13/26 08:50:53 AM,1.34,2.00,273.8,15.596,64.234,1069.350,8.881
28207,05/13/26 09:00:53 AM,1.34,2.00,327.1,16.703,60.813,1069.350,9.116
28208,05/13/26 09:10:53 AM,2.00,3.01,80.0,17.370,59.425,1069.350,9.401
28209,05/13/26 09:20:53 AM,2.00,3.67,9.8,18.159,53.951,1069.350,8.705
28210,05/13/26 09:30:53 AM,0.33,1.67,296.2,19.075,47.213,1069.350,7.585
28211,05/13/26 09:40:53 AM,1.00,2.34,146.0,18.885,55.766,1069.350,9.872
28212,05/13/26 09:50:53 AM,2.34,3.67,115.1,18.252,62.266,1069.350,10.931
28213,05/13/26 10:00:53 AM,1.34,2.00,143.2,17.853,63.052,1069.350,10.743
28214,05/13/26 10:10:53 AM,1.00,1.67,146.0,18.057,61.381,1069.350,10.532
28215,05/13/26 10:20:53 AM,0.00,1.00,146.0,19.022,56.201,1069.350,10.116
28216,05/13/26 10:30:53 AM,0.67,1.67,133.4,20.274,51.881,1069.350,10.082
28217,05/13/26 10:40:53 AM,1.67,3.34,75.8,21.161,47.910,1069.350,9.708
28218,05/13/26 10:50:53 AM,2.00,3.34,92.7,22.443,43.809,1069.350,9.541
28219,05/13/26 11:00:53 AM,0.67,2.34,66.0,23.282,40.047,1069.350,8.962
28220,05/13/26 11:10:53 AM,2.00,3.67,87.0,23.108,38.819,1069.350,8.346
28221,05/13/26 11:20:53 AM,1.00,2.34,144.6,23.306,38.080,1069.350,8.239
28222,05/13/26 11:30:53 AM,4.34,8.35,212.0,23.531,34.450,1069.350,6.969
28223,05/13/26 11:40:53 AM,6.01,9.68,221.8,23.818,31.380,1069.350,5.865
28224,05/13/26 11:50:53 AM,5.34,8.35,224.6,24.625,31.447,1069.350,6.597
28225,05/13/26 12:00:53 PM,6.01,9.02,224.6,24.748,30.913,1069.350,6.455
28226,05/13/26 12:10:53 PM,6.68,11.02,212.0,24.872,30.517,1069.350,6.375
28227,05/13/26 12:20:53 PM,6.35,9.35,216.2,24.797,29.306,1069.350,5.724
28228,05/13/26 12:30:53 PM,7.01,9.68,209.2,25.338,28.544,1069.350,5.809
28229,05/13/26 12:40:53 PM,6.68,11.69,212.0,25.609,28.473,1069.350,6.005
28230,05/13/26 12:50:53 PM,7.35,10.35,221.8,25.454,28.040,1069.350,5.651
28231,05/13/26 01:00:53 PM,7.01,11.69,221.8,25.641,27.869,1069.350,5.723
28232,05/13/26 01:10:53 PM,8.02,14.36,217.6,25.939,27.127,1069.350,5.588
28233,05/13/26 01:20:53 PM,9.02,13.69,221.8,25.907,26.093,1069.350,5.002
28234,05/13/26 01:30:53 PM,9.35,14.69,219.0,26.068,26.712,1069.350,5.476
28235,05/13/26 01:40:53 PM,7.01,14.36,242.9,26.191,28.023,1069.350,6.273
28236,05/13/26 01:50:53 PM,7.01,12.36,241.5,25.925,28.228,1069.350,6.151
28237,05/13/26 02:00:53 PM,7.68,11.02,265.3,25.467,30.141,1069.350,6.709
28238,05/13/26 02:10:53 PM,8.02,12.02,263.9,24.748,31.118,1069.350,6.551
28239,05/13/26 02:20:53 PM,8.68,13.02,265.3,23.802,35.033,1069.350,7.453
28240,05/13/26 02:30:53 PM,8.68,12.02,283.6,22.577,36.483,1069.350,6.965
28241,05/13/26 02:40:53 PM,9.35,12.69,283.6,22.218,36.437,1069.350,6.629
28242,05/13/26 02:50:53 PM,9.02,15.03,278.0,21.671,36.553,1069.350,6.191
28243,05/13/26 03:00:53 PM,9.68,14.03,286.4,21.202,37.910,1069.350,6.303
28244,05/13/26 03:10:53 PM,9.68,14.36,279.4,20.783,38.647,1069.350,6.209
28245,05/13/26 03:20:53 PM,10.02,15.70,282.2,20.330,39.971,1069.350,6.292
28246,05/13/26 03:30:53 PM,10.35,14.69,279.4,19.392,40.636,1069.350,5.690
28247,05/13/26 03:40:53 PM,11.35,16.03,287.8,18.714,40.655,1069.350,5.088
28248,05/13/26 03:50:53 PM,10.69,17.37,283.6,18.303,40.761,1069.350,4.757
28249,05/13/26 04:00:53 PM,11.35,17.37,285.0,18.100,40.012,1069.350,4.309
28250,05/13/26 04:10:53 PM,11.35,17.37,290.6,17.751,39.483,1069.350,3.807
28251,05/13/26 04:20:53 PM,12.36,17.37,303.2,17.274,39.182,1069.350,3.272
28252,05/13/26 04:30:53 PM,11.35,18.03,304.7,17.226,39.080,1069.350,3.192
28253,05/13/26 04:40:53 PM,10.69,15.36,293.4,17.212,39.261,1069.350,3.245
28254,05/13/26 04:50:53 PM,10.35,16.70,294.8,17.027,39.226,1069.350,3.067
28255,05/13/26 05:00:53 PM,10.69,16.03,293.4,16.561,39.156,1069.350,2.625
28256,05/13/26 05:10:53 PM,9.02,13.69,292.0,17.025,38.239,1069.350,2.706
28257,05/13/26 05:20:53 PM,11.35,16.03,294.8,16.346,35.163,1069.350,0.931
28258,05/13/26 05:30:53 PM,11.69,16.70,297.6,16.067,35.329,1069.350,0.750
28259,05/13/26 05:40:53 PM,12.02,16.70,294.8,15.708,33.719,1069.350,-0.210
28260,05/13/26 05:50:53 PM,11.35,17.03,293.4,15.604,34.588,1069.350,0.048
28261,05/13/26 06:00:53 PM,11.69,18.03,296.2,15.349,30.845,1069.350,-1.741
28262,05/13/26 06:10:53 PM,10.69,14.36,297.6,15.298,31.438,1069.350,-1.527
28263,05/13/26 06:20:53 PM,8.68,14.69,289.2,15.092,31.896,1069.350,-1.510
28264,05/13/26 06:30:53 PM,7.01,10.35,283.6,15.295,31.148,1069.350,-1.655
28265,05/13/26 06:40:53 PM,8.35,12.69,285.0,15.086,30.224,1069.350,-2.245
28266,05/13/26 06:50:53 PM,9.35,14.69,285.0,14.671,31.324,1069.350,-2.123
28267,05/13/26 07:00:53 PM,9.02,13.02,286.4,14.448,31.801,1069.350,-2.113
28268,05/13/26 07:10:53 PM,7.68,11.69,286.4,14.309,32.535,1069.350,-1.926
28269,05/13/26 07:20:53 PM,7.68,11.02,279.4,14.025,33.254,1069.350,-1.880
28270,05/13/26 07:30:53 PM,7.68,12.02,280.8,13.834,33.977,1069.350,-1.756
28271,05/13/26 07:40:53 PM,6.68,10.35,276.6,13.577,34.575,1069.350,-1.746
28272,05/13/26 07:50:53 PM,5.34,8.68,279.4,13.333,35.435,1069.350,-1.629
28273,05/13/26 08:00:53 PM,5.01,8.02,278.0,13.067,36.173,1069.350,-1.585
28274,05/13/26 08:10:53 PM,5.01,7.68,283.6,12.604,37.432,1069.350,-1.532
28275,05/13/26 08:20:53 PM,4.01,7.68,275.2,12.228,38.379,1069.350,-1.528
28276,05/13/26 08:30:53 PM,4.68,8.35,271.0,11.740,38.315,1069.350,-1.987
28277,05/13/26 08:40:53 PM,5.01,8.02,282.2,10.966,38.062,1069.350,-2.769
28278,05/13/26 08:50:53 PM,4.34,7.01,268.1,10.612,37.693,1069.350,-3.216
28279,05/13/26 09:00:53 PM,3.01,5.34,258.3,10.043,38.387,1069.350,-3.480
28280,05/13/26 09:10:53 PM,5.01,8.68,280.8,10.121,38.190,1069.350,-3.479
28281,05/13/26 09:20:53 PM,4.34,7.68,278.0,9.872,39.179,1069.350,-3.360
28282,05/13/26 09:30:53 PM,5.01,7.68,287.8,9.845,39.582,1069.350,-3.248
28283,05/13/26 09:40:53 PM,4.01,6.68,282.2,9.574,40.517,1069.350,-3.179
28284,05/13/26 09:50:53 PM,3.67,5.34,282.2,9.252,41.970,1069.350,-2.997
28285,05/13/26 10:00:53 PM,3.34,5.34,283.6,8.671,44.005,1069.350,-2.889
28286,05/13/26 10:10:53 PM,3.34,4.68,275.2,8.175,45.595,1069.350,-2.864
28287,05/13/26 10:20:53 PM,3.67,5.01,272.4,7.713,47.172,1069.350,-2.830
28288,05/13/26 10:30:53 PM,3.01,4.01,280.8,7.043,49.477,1069.350,-2.805
28289,05/13/26 10:40:53 PM,3.01,4.01,278.0,6.912,50.156,1069.350,-2.743
28290,05/13/26 10:50:53 PM,2.67,3.67,282.2,6.813,50.675,1069.350,-2.696
28291,05/13/26 11:00:53 PM,1.67,2.67,301.8,6.384,52.070,1069.350,-2.728
28292,05/13/26 11:10:53 PM,2.67,3.67,341.2,5.839,53.465,1069.350,-2.880
28293,05/13/26 11:20:53 PM,1.67,3.01,327.1,5.992,52.850,1069.350,-2.893
28294,05/13/26 11:30:53 PM,1.00,2.00,324.3,3.901,58.706,1069.350,-3.441
28295,05/13/26 11:40:53 PM,1.34,2.34,329.9,4.609,57.259,1069.350,-3.110
28296,05/13/26 11:50:53 PM,0.67,1.67,328.5,4.783,56.309,1069.350,-3.171
28297,05/14/26 12:00:53 AM,0.67,1.34,328.5,4.317,58.001,1069.350,-3.211
28298,05/14/26 12:10:53 AM,0.67,1.34,307.5,4.003,59.152,1069.350,-3.244
28299,05/14/26 12:20:53 AM,1.00,2.00,321.5,3.713,60.294,1069.350,-3.261
28300,05/14/26 12:30:53 AM,1.00,2.00,322.9,3.191,62.222,1069.350,-3.334
28301,05/14/26 12:40:53 AM,1.00,2.00,321.5,2.601,64.485,1069.350,-3.417
28302,05/14/26 12:50:53 AM,1.67,3.01,325.7,2.786,64.491,1069.350,-3.239
28303,05/14/26 01:00:53 AM,1.67,2.34,287.8,2.939,64.039,1069.350,-3.188
28304,05/14/26 01:10:53 AM,2.00,2.67,278.0,3.175,63.288,1069.350,-3.122
28305,05/14/26 01:20:53 AM,2.00,2.67,272.4,2.901,64.070,1069.350,-3.218
28306,05/14/26 01:30:53 AM,1.67,2.34,273.8,2.322,65.644,1069.350,-3.445
28307,05/14/26 01:40:53 AM,2.00,2.67,279.4,1.912,67.385,1069.350,-3.486
28308,05/14/26 01:50:53 AM,2.00,2.67,273.8,1.445,69.146,1069.350,-3.589
28309,05/14/26 02:00:53 AM,2.34,3.01,279.4,2.038,68.226,1069.350,-3.200
28310,05/14/26 02:10:53 AM,3.01,3.67,268.1,3.327,64.637,1069.350,-2.694
28311,05/14/26 02:20:53 AM,3.01,4.34,268.1,3.767,63.182,1069.350,-2.582
28312,05/14/26 02:30:53 AM,3.34,4.01,272.4,4.333,61.437,1069.350,-2.423
28313,05/14/26 02:40:53 AM,3.34,4.01,271.0,4.595,60.592,1069.350,-2.362
28314,05/14/26 02:50:53 AM,3.01,3.67,271.0,4.695,60.056,1069.350,-2.387
28315,05/14/26 03:00:53 AM,3.01,4.01,262.5,3.960,62.197,1069.350,-2.610
28316,05/14/26 03:10:53 AM,3.01,4.01,251.3,2.252,67.004,1069.350,-3.237
28317,05/14/26 03:20:53 AM,3.34,4.01,259.7,1.721,69.067,1069.350,-3.340
28318,05/14/26 03:30:53 AM,3.01,4.01,261.1,2.078,68.511,1069.350,-3.106
28319,05/14/26 03:40:53 AM,3.34,4.01,258.3,2.301,67.608,1069.350,-3.070
28320,05/14/26 03:50:53 AM,3.01,3.67,247.1,2.306,67.732,1069.350,-3.041
28321,05/14/26 04:00:53 AM,3.67,5.01,249.9,3.008,66.230,1069.350,-2.671
28322,05/14/26 04:10:53 AM,3.34,4.34,251.3,3.078,65.666,1069.350,-2.719
28323,05/14/26 04:20:53 AM,3.01,3.67,242.9,1.831,69.711,1069.350,-3.110
28324,05/14/26 04:30:53 AM,2.34,3.01,249.9,1.081,72.317,1069.350,-3.340
28325,05/14/26 04:40:53 AM,2.34,3.34,242.9,0.872,73.748,1069.350,-3.280
28326,05/14/26 04:50:53 AM,2.34,3.34,252.7,1.708,70.997,1069.350,-2.983
28327,05/14/26 05:00:53 AM,2.34,3.34,263.9,1.354,71.902,1069.350,-3.154
28328,05/14/26 05:10:53 AM,2.00,2.67,273.8,0.834,73.655,1069.350,-3.334
28329,05/14/26 05:20:53 AM,2.34,3.01,273.8,1.392,72.683,1069.350,-2.973
28330,05/14/26 05:30:53 AM,1.67,2.00,296.2,1.435,72.619,1069.350,-2.943
28331,05/14/26 05:40:53 AM,2.00,3.01,303.2,1.402,72.784,1069.350,-2.944
28332,05/14/26 05:50:53 AM,3.01,4.01,318.7,1.477,72.720,1069.350,-2.884
28333,05/14/26 06:00:53 AM,3.01,4.68,313.1,1.250,73.346,1069.350,-2.988
28334,05/14/26 06:10:53 AM,2.34,3.67,308.9,1.073,74.105,1069.350,-3.021
28335,05/14/26 06:20:53 AM,3.01,4.01,318.7,2.150,71.604,1069.350,-2.443
28336,05/14/26 06:30:53 AM,2.00,3.67,292.0,2.081,71.183,1069.350,-2.589
28337,05/14/26 06:40:53 AM,2.67,4.01,262.5,1.566,73.167,1069.350,-2.715
28338,05/14/26 06:50:53 AM,2.34,3.67,261.1,2.488,70.796,1069.350,-2.270
28339,05/14/26 07:00:53 AM,2.67,3.67,263.9,3.059,69.458,1069.350,-1.979
28340,05/14/26 07:10:53 AM,2.67,3.67,272.4,4.167,67.098,1069.350,-1.387
28341,05/14/26 07:20:53 AM,2.67,3.67,273.8,5.633,63.375,1069.350,-0.769
28342,05/14/26 07:30:53 AM,2.34,3.34,266.7,6.510,61.779,1069.350,-0.287
28343,05/14/26 07:40:53 AM,2.67,4.01,265.3,7.287,59.780,1069.350,-0.005
28344,05/14/26 07:50:53 AM,2.67,4.34,261.1,7.633,58.476,1069.350,0.017
28345,05/14/26 08:00:53 AM,2.00,3.34,268.1,8.354,57.638,1069.350,0.496
28346,05/14/26 08:10:53 AM,2.34,4.68,271.0,9.078,56.280,1069.350,0.844
28347,05/14/26 08:20:53 AM,3.01,5.01,254.1,9.030,56.643,1069.350,0.888
28348,05/14/26 08:30:53 AM,3.01,5.34,273.8,9.518,56.019,1069.350,1.191
28349,05/14/26 08:40:53 AM,3.67,6.68,286.4,9.799,54.784,1069.350,1.144
28350,05/14/26 08:50:53 AM,4.01,6.68,254.1,10.046,54.549,1069.350,1.314
28351,05/14/26 09:00:53 AM,4.34,6.01,259.7,10.196,53.434,1069.350,1.167
28352,05/14/26 09:10:53 AM,3.67,5.68,271.0,10.344,53.335,1069.350,1.279
28353,05/14/26 09:20:53 AM,4.01,6.35,271.0,10.553,52.987,1069.350,1.382
28354,05/14/26 09:30:53 AM,4.01,6.35,273.8,10.794,52.778,1069.350,1.550
28355,05/14/26 09:40:53 AM,4.68,7.35,273.8,11.054,52.142,1069.350,1.622
28356,05/14/26 09:50:53 AM,4.68,7.35,272.4,11.105,51.965,1069.350,1.622
28357,05/14/26 10:00:53 AM,4.01,7.35,261.1,11.507,51.769,1069.350,1.942
28358,05/14/26 10:10:53 AM,4.68,7.01,258.3,11.435,50.925,1069.350,1.646
28359,05/14/26 10:20:53 AM,5.01,7.68,251.3,11.526,48.827,1069.350,1.144
28360,05/14/26 10:30:53 AM,5.34,8.02,249.9,11.775,46.018,1069.350,0.551
28361,05/14/26 10:40:53 AM,5.01,8.68,263.9,11.909,45.873,1069.350,0.629
28362,05/14/26 10:50:53 AM,5.34,8.68,276.6,12.030,44.590,1069.350,0.348
28363,05/14/26 11:00:53 AM,5.34,8.68,282.2,11.990,45.374,1069.350,0.552
28364,05/14/26 11:10:53 AM,6.01,10.69,283.6,12.368,45.493,1069.350,0.933
28365,05/14/26 11:20:53 AM,5.68,9.02,268.1,12.381,46.529,1069.350,1.258
28366,05/14/26 11:30:53 AM,5.34,8.35,276.6,12.740,46.813,1069.350,1.671
28367,05/14/26 11:40:53 AM,5.68,9.68,261.1,13.043,46.433,1069.350,1.834
28368,05/14/26 11:50:53 AM,5.34,9.02,254.1,13.352,46.464,1069.350,2.126
28369,05/14/26 12:00:53 PM,5.01,8.35,251.3,13.360,46.717,1069.350,2.209
28370,05/14/26 12:10:53 PM,5.34,9.35,263.9,13.558,45.800,1069.350,2.112
28371,05/14/26 12:20:53 PM,5.01,8.35,255.5,13.494,45.475,1069.350,1.954
28372,05/14/26 12:30:53 PM,5.34,9.02,261.1,13.668,44.285,1069.350,1.742
28373,05/14/26 12:40:53 PM,5.34,9.02,255.5,13.813,43.720,1069.350,1.694
28374,05/14/26 12:50:53 PM,6.01,9.35,255.5,13.944,42.135,1069.350,1.298
28375,05/14/26 01:00:53 PM,5.01,8.68,262.5,14.285,42.109,1069.350,1.597
28376,05/14/26 01:10:53 PM,5.34,8.35,255.5,14.419,40.885,1069.350,1.307
28377,05/14/26 01:20:53 PM,5.68,8.68,266.7,14.486,40.111,1069.350,1.102
28378,05/14/26 01:30:53 PM,5.68,9.68,261.1,14.679,38.250,1069.350,0.616
28379,05/14/26 01:40:53 PM,6.35,9.68,261.1,14.949,37.168,1069.350,0.460
28380,05/14/26 01:50:53 PM,5.34,10.02,263.9,15.392,36.330,1069.350,0.538
28381,05/14/26 02:00:53 PM,4.68,8.68,259.7,15.386,36.188,1069.350,0.479
28382,05/14/26 02:10:53 PM,4.68,9.02,268.1,15.462,36.658,1069.350,0.725
28383,05/14/26 02:20:53 PM,5.68,10.02,247.1,15.652,34.824,1069.350,0.184
28384,05/14/26 02:30:53 PM,5.34,8.35,259.7,15.636,35.456,1069.350,0.418
28385,05/14/26 02:40:53 PM,5.01,8.02,271.0,15.778,34.746,1069.350,0.264
28386,05/14/26 02:50:53 PM,6.01,9.02,252.7,16.116,34.795,1069.350,0.582
28387,05/14/26 03:00:53 PM,5.68,8.35,252.7,16.338,33.162,1069.350,0.114
28388,05/14/26 03:10:53 PM,5.34,8.68,268.1,16.368,33.368,1069.350,0.226
28389,05/14/26 03:20:53 PM,5.34,9.02,263.9,16.395,31.739,1069.350,-0.439
28390,05/14/26 03:30:53 PM,5.01,8.02,272.4,16.588,31.862,1069.350,-0.217
28391,05/14/26 03:40:53 PM,5.01,9.35,271.0,16.719,29.979,1069.350,-0.938
28392,05/14/26 03:50:53 PM,4.68,8.02,275.2,17.062,30.314,1069.350,-0.488
28393,05/14/26 04:00:53 PM,5.68,10.02,272.4,16.866,27.942,1069.350,-1.768
28394,05/14/26 04:10:53 PM,6.01,9.35,263.9,16.724,27.808,1069.350,-1.956
28395,05/14/26 04:20:53 PM,5.68,8.68,258.3,16.939,27.544,1069.350,-1.900
28396,05/14/26 04:30:53 PM,5.34,8.35,265.3,17.207,27.784,1069.350,-1.552
28397,05/14/26 04:40:53 PM,6.35,9.35,279.4,16.770,26.168,1069.350,-2.736
28398,05/14/26 04:50:53 PM,5.68,8.68,275.2,16.963,27.318,1069.350,-1.991
28399,05/14/26 05:00:53 PM,5.68,10.02,279.4,16.756,26.426,1069.350,-2.616
28400,05/14/26 05:10:53 PM,6.01,8.68,278.0,16.885,24.274,1069.350,-3.645
28401,05/14/26 05:20:53 PM,6.01,9.02,280.8,16.899,23.684,1069.350,-3.961
28402,05/14/26 05:30:53 PM,6.01,8.68,272.4,16.931,23.120,1069.350,-4.255
28403,05/14/26 05:40:53 PM,6.01,9.35,278.0,16.976,23.270,1069.350,-4.131
28404,05/14/26 05:50:53 PM,5.68,9.35,279.4,16.802,22.217,1069.350,-4.890
28405,05/14/26 06:00:53 PM,5.01,8.35,280.8,16.984,22.344,1069.350,-4.662
28406,05/14/26 06:10:53 PM,5.34,7.68,276.6,16.901,22.084,1069.350,-4.887
28407,05/14/26 06:20:53 PM,4.68,6.68,286.4,17.073,22.338,1069.350,-4.591
28408,05/14/26 06:30:53 PM,4.34,7.01,285.0,16.813,22.388,1069.350,-4.780
28409,05/14/26 06:40:53 PM,5.34,8.02,276.6,16.638,21.210,1069.350,-5.638
28410,05/14/26 06:50:53 PM,5.01,7.68,279.4,16.545,21.880,1069.350,-5.307
28411,05/14/26 07:00:53 PM,4.01,6.68,280.8,16.620,22.121,1069.350,-5.100
28412,05/14/26 07:10:53 PM,4.01,7.35,268.1,16.566,22.454,1069.350,-4.948
28413,05/14/26 07:20:53 PM,3.67,5.68,269.6,16.451,23.177,1069.350,-4.626
28414,05/14/26 07:30:53 PM,3.34,6.01,273.8,16.354,24.430,1069.350,-4.009
28415,05/14/26 07:40:53 PM,3.34,5.34,285.0,15.995,26.076,1069.350,-3.445
28416,05/14/26 07:50:53 PM,2.67,4.34,297.6,15.647,27.785,1069.350,-2.893
28417,05/14/26 08:00:53 PM,2.67,4.01,311.7,15.172,28.156,1069.350,-3.124
28418,05/14/26 08:10:53 PM,3.01,4.34,322.9,14.569,29.522,1069.350,-3.010
28419,05/14/26 08:20:53 PM,3.01,4.34,320.1,13.982,31.415,1069.350,-2.685
28420,05/14/26 08:30:53 PM,3.01,3.67,315.9,13.038,34.360,1069.350,-2.307
28421,05/14/26 08:40:53 PM,2.67,3.34,314.5,11.518,38.021,1069.350,-2.290
28422,05/14/26 08:50:53 PM,2.34,3.34,315.9,10.593,39.628,1069.350,-2.560
28423,05/14/26 09:00:53 PM,1.67,2.34,304.7,9.223,42.693,1069.350,-2.794
28424,05/14/26 09:10:53 PM,1.34,2.00,278.0,8.268,44.120,1069.350,-3.220
28425,05/14/26 09:20:53 PM,2.00,2.67,245.7,7.376,47.623,1069.350,-3.012
28426,05/14/26 09:30:53 PM,1.67,2.67,273.8,5.778,51.778,1069.350,-3.366
28427,05/14/26 09:40:53 PM,1.67,2.34,290.6,5.054,53.379,1069.350,-3.632
28428,05/14/26 09:50:53 PM,1.67,2.34,301.8,6.389,46.729,1069.350,-4.170
28429,05/14/26 10:00:53 PM,1.67,2.34,296.2,7.421,42.951,1069.350,-4.348
28430,05/14/26 10:10:53 PM,1.67,2.34,261.1,7.850,41.448,1069.350,-4.432
28431,05/14/26 10:20:53 PM,1.34,2.67,280.8,7.365,42.457,1069.350,-4.552
28432,05/14/26 10:30:53 PM,1.67,2.00,294.8,5.979,46.612,1069.350,-4.579
28433,05/14/26 10:40:53 PM,1.67,2.00,292.0,5.496,47.297,1069.350,-4.830
28434,05/14/26 10:50:53 PM,1.67,2.00,287.8,5.239,47.987,1069.350,-4.875
28435,05/14/26 11:00:53 PM,1.67,2.00,282.2,4.577,50.304,1069.350,-4.862
28436,05/14/26 11:10:53 PM,1.67,2.00,287.8,4.094,51.237,1069.350,-5.067
28437,05/14/26 11:20:53 PM,1.67,2.00,290.6,5.027,48.066,1069.350,-5.048
28438,05/14/26 11:30:53 PM,1.34,2.00,308.9,5.429,46.215,1069.350,-5.196
28439,05/14/26 11:40:53 PM,1.67,2.34,321.5,5.177,46.526,1069.350,-5.339
28440,05/14/26 11:50:53 PM,1.34,2.34,321.5,4.933,47.176,1069.350,-5.380
28441,05/15/26 12:00:53 AM,1.67,2.67,310.3,5.011,47.050,1069.350,-5.344
28442,05/15/26 12:10:53 AM,1.67,2.67,303.2,5.199,46.586,1069.350,-5.302
28443,05/15/26 12:20:53 AM,2.00,3.01,293.4,4.467,48.771,1069.350,-5.372
28444,05/15/26 12:30:53 AM,1.67,2.34,266.7,5.499,46.137,1069.350,-5.154
28445,05/15/26 12:40:53 AM,2.00,3.67,247.1,5.402,46.809,1069.350,-5.053
28446,05/15/26 12:50:53 AM,2.00,3.01,258.3,4.590,49.490,1069.350,-5.066
28447,05/15/26 01:00:53 AM,2.00,2.67,272.4,3.180,53.931,1069.350,-5.242
28448,05/15/26 01:10:53 AM,2.00,2.67,285.0,2.260,57.160,1069.350,-5.338
28449,05/15/26 01:20:53 AM,2.00,2.34,293.4,3.228,53.944,1069.350,-5.194
28450,05/15/26 01:30:53 AM,2.00,2.67,294.8,3.534,52.964,1069.350,-5.151
28451,05/15/26 01:40:53 AM,2.00,3.01,292.0,4.167,51.020,1069.350,-5.056
28452,05/15/26 01:50:53 AM,1.67,3.01,276.6,3.998,51.553,1069.350,-5.075
28453,05/15/26 02:00:53 AM,2.00,2.34,268.1,2.121,57.496,1069.350,-5.392
28454,05/15/26 02:10:53 AM,2.34,3.01,282.2,2.298,57.818,1069.350,-5.152
28455,05/15/26 02:20:53 AM,2.67,3.67,294.8,4.252,52.383,1069.350,-4.628
28456,05/15/26 02:30:53 AM,2.34,3.01,293.4,5.196,51.077,1069.350,-4.087
28457,05/15/26 02:40:53 AM,2.34,3.34,276.6,7.496,46.104,1069.350,-3.336
28458,05/15/26 02:50:53 AM,1.34,2.00,245.7,5.242,51.348,1069.350,-3.974
28459,05/15/26 03:00:53 AM,1.34,2.00,228.8,2.384,59.997,1069.350,-4.582
28460,05/15/26 03:10:53 AM,2.00,2.67,223.2,2.764,59.966,1069.350,-4.230
28461,05/15/26 03:20:53 AM,2.34,3.01,230.2,3.097,59.159,1069.350,-4.096
28462,05/15/26 03:30:53 AM,2.34,3.01,234.5,2.711,60.688,1069.350,-4.121
28463,05/15/26 03:40:53 AM,3.01,5.01,271.0,5.116,54.202,1069.350,-3.370
28464,05/15/26 03:50:53 AM,3.67,5.68,290.6,6.260,51.273,1069.350,-3.050
28465,05/15/26 04:00:53 AM,3.67,5.01,313.1,6.091,51.037,1069.350,-3.269
28466,05/15/26 04:10:53 AM,4.01,5.34,311.7,5.456,52.013,1069.350,-3.604
28467,05/15/26 04:20:53 AM,4.34,5.68,304.7,5.837,52.412,1069.350,-3.148
28468,05/15/26 04:30:53 AM,4.01,5.68,297.6,5.799,53.709,1069.350,-2.856
28469,05/15/26 04:40:53 AM,4.01,5.01,293.4,5.376,55.114,1069.350,-2.903
28470,05/15/26 04:50:53 AM,4.01,5.01,296.2,5.448,54.646,1069.350,-2.951
28471,05/15/26 05:00:53 AM,3.01,4.34,292.0,4.979,56.216,1069.350,-3.009
28472,05/15/26 05:10:53 AM,2.34,3.67,251.3,3.046,62.672,1069.350,-3.375
28473,05/15/26 05:20:53 AM,3.01,5.01,247.1,2.630,64.614,1069.350,-3.362
28474,05/15/26 05:30:53 AM,3.01,4.34,261.1,3.022,64.413,1069.350,-3.031
28475,05/15/26 05:40:53 AM,3.01,4.34,266.7,2.429,65.554,1069.350,-3.361
28476,05/15/26 05:50:53 AM,3.01,4.01,262.5,1.786,68.066,1069.350,-3.473
28477,05/15/26 06:00:53 AM,3.01,4.01,268.1,2.209,67.343,1069.350,-3.211
28478,05/15/26 06:10:53 AM,3.01,4.01,263.9,2.030,67.742,1069.350,-3.303
28479,05/15/26 06:20:53 AM,2.67,3.34,269.6,2.515,67.219,1069.350,-2.943
28480,05/15/26 06:30:53 AM,2.34,3.01,271.0,3.805,64.537,1069.350,-2.260
28481,05/15/26 06:40:53 AM,2.34,3.01,268.1,4.896,61.842,1069.350,-1.801
28482,05/15/26 06:50:53 AM,2.00,2.67,247.1,5.217,61.238,1069.350,-1.630
28483,05/15/26 07:00:53 AM,2.34,3.34,234.5,4.939,62.951,1069.350,-1.519
28484,05/15/26 07:10:53 AM,2.67,4.01,259.7,6.201,59.977,1069.350,-0.984
28485,05/15/26 07:20:53 AM,2.67,4.01,278.0,6.630,59.471,1069.350,-0.695
28486,05/15/26 07:30:53 AM,2.34,3.67,287.8,7.537,57.105,1069.350,-0.399
28487,05/15/26 07:40:53 AM,1.67,2.67,307.5,7.974,56.652,1069.350,-0.099
28488,05/15/26 07:50:53 AM,3.01,5.34,301.8,8.368,55.624,1069.350,0.018
28489,05/15/26 08:00:53 AM,4.34,6.68,280.8,8.555,54.792,1069.350,-0.015
28490,05/15/26 08:10:53 AM,5.01,8.02,275.2,8.778,54.588,1069.350,0.142
28491,05/15/26 08:20:53 AM,5.01,8.02,269.6,9.113,53.787,1069.350,0.250
28492,05/15/26 08:30:53 AM,4.68,7.01,266.7,9.435,53.614,1069.350,0.506
28493,05/15/26 08:40:53 AM,5.01,7.01,263.9,9.759,53.095,1069.350,0.672
28494,05/15/26 08:50:53 AM,5.34,7.68,256.9,9.933,52.103,1069.350,0.573
28495,05/15/26 09:00:53 AM,5.34,8.35,261.1,10.118,51.456,1069.350,0.571
28496,05/15/26 09:10:53 AM,5.34,8.35,262.5,10.400,50.466,1069.350,0.564
28497,05/15/26 09:20:53 AM,6.35,9.35,272.4,10.440,46.824,1069.350,-0.431
28498,05/15/26 09:30:53 AM,7.01,9.68,269.6,10.416,45.199,1069.350,-0.937
28499,05/15/26 09:40:53 AM,7.01,9.35,272.4,10.732,44.923,1069.350,-0.732
28500,05/15/26 09:50:53 AM,7.01,10.02,265.3,10.786,45.000,1069.350,-0.660
28501,05/15/26 10:00:53 AM,7.01,11.35,258.3,10.856,42.972,1069.350,-1.226
28502,05/15/26 10:10:53 AM,6.68,9.68,269.6,11.244,38.236,1069.350,-2.459
28503,05/15/26 10:20:53 AM,6.68,9.68,278.0,11.083,36.283,1069.350,-3.306
28504,05/15/26 10:30:53 AM,6.68,9.68,272.4,11.451,39.995,1069.350,-1.665
28505,05/15/26 10:40:53 AM,6.35,9.35,273.8,11.437,41.630,1069.350,-1.132
28506,05/15/26 10:50:53 AM,6.35,9.35,259.7,11.555,41.173,1069.350,-1.176
28507,05/15/26 11:00:53 AM,6.35,9.68,285.0,11.614,40.839,1069.350,-1.234
28508,05/15/26 11:10:53 AM,6.01,10.02,280.8,11.762,39.396,1069.350,-1.590
28509,05/15/26 11:20:53 AM,5.34,8.02,272.4,12.177,41.808,1069.350,-0.406
28510,05/15/26 11:30:53 AM,5.34,9.02,262.5,12.705,39.359,1069.350,-0.757
28511,05/15/26 11:40:53 AM,5.68,8.68,263.9,12.652,37.110,1069.350,-1.606
28512,05/15/26 11:50:53 AM,7.01,10.35,263.9,12.590,36.291,1069.350,-1.964
28513,05/15/26 12:00:53 PM,7.01,10.35,266.7,12.783,38.225,1069.350,-1.087
28514,05/15/26 12:10:53 PM,6.35,10.69,265.3,13.352,37.742,1069.350,-0.752
28515,05/15/26 12:20:53 PM,6.35,9.68,285.0,13.242,38.883,1069.350,-0.443
28516,05/15/26 12:30:53 PM,6.35,9.35,286.4,13.515,37.850,1069.350,-0.568
28517,05/15/26 12:40:53 PM,6.68,9.68,282.2,13.242,38.607,1069.350,-0.540
28518,05/15/26 12:50:53 PM,6.01,9.68,276.6,13.673,40.081,1069.350,0.361
28519,05/15/26 01:00:53 PM,5.68,10.35,265.3,13.899,40.807,1069.350,0.813
28520,05/15/26 01:10:53 PM,6.68,11.02,271.0,13.488,39.614,1069.350,0.034
28521,05/15/26 01:20:53 PM,7.01,10.69,273.8,13.687,39.117,1069.350,0.038
28522,05/15/26 01:30:53 PM,6.35,9.68,259.7,13.920,36.748,1069.350,-0.612
28523,05/15/26 01:40:53 PM,6.35,10.35,271.0,14.164,36.666,1069.350,-0.425
28524,05/15/26 01:50:53 PM,6.01,9.68,271.0,14.360,35.787,1069.350,-0.584
28525,05/15/26 02:00:53 PM,6.68,10.02,261.1,14.421,36.262,1069.350,-0.349
28526,05/15/26 02:10:53 PM,7.35,11.35,262.5,13.982,33.902,1069.350,-1.656
28527,05/15/26 02:20:53 PM,7.01,10.35,256.9,14.051,33.288,1069.350,-1.843
28528,05/15/26 02:30:53 PM,6.01,10.35,259.7,14.663,34.812,1069.350,-0.694
28529,05/15/26 02:40:53 PM,6.35,10.35,258.3,14.684,36.329,1069.350,-0.090
28530,05/15/26 02:50:53 PM,6.35,9.68,252.7,14.523,33.327,1069.350,-1.412
28531,05/15/26 03:00:53 PM,5.34,8.35,252.7,15.086,32.332,1069.350,-1.331
28532,05/15/26 03:10:53 PM,6.01,9.02,259.7,14.947,32.720,1069.350,-1.290
28533,05/15/26 03:20:53 PM,6.35,10.69,263.9,15.046,31.173,1069.350,-1.861
28534,05/15/26 03:30:53 PM,6.35,9.35,256.9,15.199,31.583,1069.350,-1.551
28535,05/15/26 03:40:53 PM,5.68,9.35,268.1,15.218,31.794,1069.350,-1.443
28536,05/15/26 03:50:53 PM,6.01,9.68,254.1,15.378,31.247,1069.350,-1.540
28537,05/15/26 04:00:53 PM,6.01,10.35,268.1,15.210,31.554,1069.350,-1.553
28538,05/15/26 04:10:53 PM,6.01,9.35,283.6,15.279,31.106,1069.350,-1.687
28539,05/15/26 04:20:53 PM,6.01,11.02,262.5,15.462,30.909,1069.350,-1.614
28540,05/15/26 04:30:53 PM,5.68,8.68,254.1,15.636,30.964,1069.350,-1.438
28541,05/15/26 04:40:53 PM,5.68,9.68,269.6,15.317,31.217,1069.350,-1.606
28542,05/15/26 04:50:53 PM,6.68,11.35,266.7,15.204,28.740,1069.350,-2.821
28543,05/15/26 05:00:53 PM,6.01,9.35,282.2,15.226,27.562,1069.350,-3.363
28544,05/15/26 05:10:53 PM,7.01,9.68,289.2,14.963,27.451,1069.350,-3.643
28545,05/15/26 05:20:53 PM,7.01,10.35,287.8,14.486,27.807,1069.350,-3.881
28546,05/15/26 05:30:53 PM,7.68,11.02,276.6,14.539,27.742,1069.350,-3.867
28547,05/15/26 05:40:53 PM,7.35,11.02,273.8,14.944,27.678,1069.350,-3.549
28548,05/15/26 05:50:53 PM,7.01,10.02,276.6,14.756,28.974,1069.350,-3.099
28549,05/15/26 06:00:53 PM,6.35,9.02,287.8,14.834,30.298,1069.350,-2.431
28550,05/15/26 06:10:53 PM,6.68,10.02,279.4,14.936,31.478,1069.350,-1.825
28551,05/15/26 06:20:53 PM,5.68,9.02,278.0,14.692,32.732,1069.350,-1.509
28552,05/15/26 06:30:53 PM,5.01,8.35,279.4,14.880,32.743,1069.350,-1.339
28553,05/15/26 06:40:53 PM,5.01,9.02,289.2,14.928,32.731,1069.350,-1.302
28554,05/15/26 06:50:53 PM,5.01,8.02,276.6,14.435,33.527,1069.350,-1.408
28555,05/15/26 07:00:53 PM,4.68,8.35,292.0,14.175,33.725,1069.350,-1.557
28556,05/15/26 07:10:53 PM,4.34,7.01,313.1,13.789,34.597,1069.350,-1.550
28557,05/15/26 07:20:53 PM,4.68,7.35,311.7,13.579,34.376,1069.350,-1.823
28558,05/15/26 07:30:53 PM,4.01,7.01,299.0,13.853,34.778,1069.350,-1.423
28559,05/15/26 07:40:53 PM,4.34,7.35,296.2,13.896,33.925,1069.350,-1.722
28560,05/15/26 07:50:53 PM,3.67,6.35,287.8,13.453,34.896,1069.350,-1.730
28561,05/15/26 08:00:53 PM,3.67,6.35,287.8,12.984,35.860,1069.350,-1.776
28562,05/15/26 08:10:53 PM,3.34,4.68,294.8,12.746,37.096,1069.350,-1.528
28563,05/15/26 08:20:53 PM,2.67,3.67,307.5,12.306,39.210,1069.350,-1.167
28564,05/15/26 08:30:53 PM,2.00,2.67,307.5,11.311,41.736,1069.350,-1.211
28565,05/15/26 08:40:53 PM,2.00,2.67,308.9,10.041,44.126,1069.350,-1.605
28566,05/15/26 08:50:53 PM,2.00,3.01,307.5,8.982,45.734,1069.350,-2.086
28567,05/15/26 09:00:53 PM,2.00,2.67,301.8,8.217,46.932,1069.350,-2.437
28568,05/15/26 09:10:53 PM,1.34,2.00,307.5,7.357,49.158,1069.350,-2.603
28569,05/15/26 09:20:53 PM,1.34,2.00,308.9,6.322,51.710,1069.350,-2.879
28570,05/15/26 09:30:53 PM,1.34,2.34,317.3,5.775,52.355,1069.350,-3.220
28571,05/15/26 09:40:53 PM,1.67,2.34,282.2,5.644,52.293,1069.350,-3.358
28572,05/15/26 09:50:53 PM,1.34,2.34,279.4,5.542,52.317,1069.350,-3.447
28573,05/15/26 10:00:53 PM,1.67,2.67,279.4,5.419,52.390,1069.350,-3.542
28574,05/15/26 10:10:53 PM,1.34,2.00,289.2,4.528,54.841,1069.350,-3.762
28575,05/15/26 10:20:53 PM,1.00,2.34,294.8,4.539,54.685,1069.350,-3.790
28576,05/15/26 10:30:53 PM,2.00,2.67,258.3,5.102,52.474,1069.350,-3.815
28577,05/15/26 10:40:53 PM,1.67,2.00,269.6,5.073,52.224,1069.350,-3.906
28578,05/15/26 10:50:53 PM,1.00,2.00,258.3,4.223,54.702,1069.350,-4.081
28579,05/15/26 11:00:53 PM,0.33,1.00,256.9,2.815,59.294,1069.350,-4.332
28580,05/15/26 11:10:53 PM,0.33,1.00,256.9,2.303,61.199,1069.350,-4.396
28581,05/15/26 11:20:53 PM,1.34,2.00,280.8,2.091,62.213,1069.350,-4.379
28582,05/15/26 11:30:53 PM,1.67,2.00,297.6,2.582,60.304,1069.350,-4.328
28583,05/15/26 11:40:53 PM,1.34,2.00,313.1,2.510,60.345,1069.350,-4.387
28584,05/15/26 11:50:53 PM,1.67,2.34,297.6,2.335,60.963,1069.350,-4.417
28585,05/16/26 12:00:53 AM,1.67,2.34,308.9,2.542,60.815,1069.350,-4.253
28586,05/16/26 12:10:53 AM,1.67,2.00,276.6,2.542,60.810,1069.350,-4.255
28587,05/16/26 12:20:53 AM,1.00,2.00,248.5,1.823,63.259,1069.350,-4.412
28588,05/16/26 12:30:53 AM,0.67,1.67,293.4,1.035,66.459,1069.350,-4.509
28589,05/16/26 12:40:53 AM,1.34,2.00,273.8,1.834,64.492,1069.350,-4.146
28590,05/16/26 12:50:53 AM,1.00,1.67,258.3,1.464,65.028,1069.350,-4.388
28591,05/16/26 01:00:53 AM,1.00,1.67,275.2,0.931,66.749,1069.350,-4.551
28592,05/16/26 01:10:53 AM,1.34,1.67,290.6,1.196,66.615,1069.350,-4.324
28593,05/16/26 01:20:53 AM,2.00,3.34,280.8,1.957,64.160,1069.350,-4.097
28594,05/16/26 01:30:53 AM,2.00,2.34,282.2,0.764,67.520,1069.350,-4.559
28595,05/16/26 01:40:53 AM,1.67,2.00,292.0,1.510,65.949,1069.350,-4.158
28596,05/16/26 01:50:53 AM,1.34,2.34,314.5,2.641,62.843,1069.350,-3.723
28597,05/16/26 02:00:53 AM,1.67,2.34,308.9,2.882,61.929,1069.350,-3.690
28598,05/16/26 02:10:53 AM,2.00,2.34,297.6,2.614,62.446,1069.350,-3.833
28599,05/16/26 02:20:53 AM,2.00,3.01,299.0,2.791,62.208,1069.350,-3.716
28600,05/16/26 02:30:53 AM,1.67,2.34,286.4,3.373,60.458,1069.350,-3.546
28601,05/16/26 02:40:53 AM,1.67,2.67,276.6,3.957,58.634,1069.350,-3.405
28602,05/16/26 02:50:53 AM,1.34,2.00,290.6,3.019,61.436,1069.350,-3.667
28603,05/16/26 03:00:53 AM,1.00,1.67,290.6,3.054,61.999,1069.350,-3.512
28604,05/16/26 03:10:53 AM,1.67,2.34,278.0,3.099,62.324,1069.350,-3.399
28605,05/16/26 03:20:53 AM,1.67,2.67,287.8,4.110,59.339,1069.350,-3.101
28606,05/16/26 03:30:53 AM,1.67,3.34,290.6,4.555,58.021,1069.350,-2.983
28607,05/16/26 03:40:53 AM,1.34,2.67,297.6,4.802,57.292,1069.350,-2.921
28608,05/16/26 03:50:53 AM,0.67,1.34,299.0,4.244,59.506,1069.350,-2.937
28609,05/16/26 04:00:53 AM,0.67,2.00,293.4,4.370,58.993,1069.350,-2.934
28610,05/16/26 04:10:53 AM,0.67,1.67,300.4,4.869,57.230,1069.350,-2.872
28611,05/16/26 04:20:53 AM,1.67,2.34,306.1,4.555,58.445,1069.350,-2.885
28612,05/16/26 04:30:53 AM,1.34,2.67,306.1,4.228,59.623,1069.350,-2.925
28613,05/16/26 04:40:53 AM,1.00,1.67,285.0,4.145,60.830,1069.350,-2.734
28614,05/16/26 04:50:53 AM,0.67,1.67,287.8,3.703,63.284,1069.350,-2.621
28615,05/16/26 05:00:53 AM,0.67,2.00,279.4,4.142,61.117,1069.350,-2.674
28616,05/16/26 05:10:53 AM,1.34,2.67,272.4,4.373,60.752,1069.350,-2.536
28617,05/16/26 05:20:53 AM,2.34,4.01,278.0,5.531,57.624,1069.350,-2.158
28618,05/16/26 05:30:53 AM,2.67,3.67,297.6,5.199,58.836,1069.350,-2.189
28619,05/16/26 05:40:53 AM,3.01,4.34,285.0,5.789,57.586,1069.350,-1.925
28620,05/16/26 05:50:53 AM,4.01,5.68,280.8,6.636,55.262,1069.350,-1.690
28621,05/16/26 06:00:53 AM,4.34,6.35,285.0,6.947,54.817,1069.350,-1.509
28622,05/16/26 06:10:53 AM,4.01,5.68,290.6,6.614,56.027,1069.350,-1.524
28623,05/16/26 06:20:53 AM,4.01,6.35,289.2,6.303,57.447,1069.350,-1.475
28624,05/16/26 06:30:53 AM,4.01,6.01,289.2,6.239,58.518,1069.350,-1.284
28625,05/16/26 06:40:53 AM,3.67,5.68,286.4,6.443,58.373,1069.350,-1.126
28626,05/16/26 06:50:53 AM,3.67,5.34,299.0,6.469,58.537,1069.350,-1.063
28627,05/16/26 07:00:53 AM,3.67,5.68,304.7,6.352,59.528,1069.350,-0.944
28628,05/16/26 07:10:53 AM,4.34,5.68,307.5,6.893,58.708,1069.350,-0.624
28629,05/16/26 07:20:53 AM,4.01,6.68,290.6,7.518,57.603,1069.350,-0.297
28630,05/16/26 07:30:53 AM,4.34,6.35,285.0,7.952,55.830,1069.350,-0.320
28631,05/16/26 07:40:53 AM,4.34,6.35,292.0,8.563,54.534,1069.350,-0.072
28632,05/16/26 07:50:53 AM,4.68,7.01,294.8,8.992,53.283,1069.350,0.008
28633,05/16/26 08:00:53 AM,5.01,7.35,300.4,9.137,52.178,1069.350,-0.146
28634,05/16/26 08:10:53 AM,4.01,6.01,285.0,9.177,52.863,1069.350,0.071
28635,05/16/26 08:20:53 AM,4.01,6.01,275.2,9.445,53.173,1069.350,0.401
28636,05/16/26 08:30:53 AM,4.68,7.01,282.2,9.539,53.384,1069.350,0.543
28637,05/16/26 08:40:53 AM,6.01,9.35,280.8,9.338,54.228,1069.350,0.573
28638,05/16/26 08:50:53 AM,5.34,8.02,279.4,9.177,55.918,1069.350,0.847
28639,05/16/26 09:00:53 AM,6.01,8.35,294.8,9.319,54.652,1069.350,0.663
28640,05/16/26 09:10:53 AM,6.68,10.35,303.2,9.252,54.682,1069.350,0.608
28641,05/16/26 09:20:53 AM,6.68,9.35,287.8,9.695,54.314,1069.350,0.927
28642,05/16/26 09:30:53 AM,6.35,9.35,285.0,9.762,54.212,1069.350,0.964
28643,05/16/26 09:40:53 AM,6.35,9.68,275.2,9.561,54.617,1069.350,0.879
28644,05/16/26 09:50:53 AM,5.68,8.35,289.2,9.067,55.242,1069.350,0.576
28645,05/16/26 10:00:53 AM,6.35,9.35,282.2,8.684,55.462,1069.350,0.273
28646,05/16/26 10:10:53 AM,6.35,9.68,287.8,9.049,53.053,1069.350,0.001
28647,05/16/26 10:20:53 AM,6.68,9.35,282.2,8.944,52.111,1069.350,-0.342
28648,05/16/26 10:30:53 AM,6.35,9.68,286.4,9.392,52.575,1069.350,0.195
28649,05/16/26 10:40:53 AM,6.68,9.35,287.8,9.751,51.353,1069.350,0.204
28650,05/16/26 10:50:53 AM,6.01,9.35,282.2,9.872,50.779,1069.350,0.161
28651,05/16/26 11:00:53 AM,6.68,10.69,279.4,10.287,50.327,1069.350,0.421
28652,05/16/26 11:10:53 AM,6.01,9.68,278.0,10.748,48.731,1069.350,0.401
28653,05/16/26 11:20:53 AM,7.35,11.02,279.4,10.386,47.659,1069.350,-0.238
28654,05/16/26 11:30:53 AM,7.35,11.35,286.4,10.456,48.087,1069.350,-0.051
28655,05/16/26 11:40:53 AM,7.01,10.69,273.8,10.520,47.190,1069.350,-0.251
28656,05/16/26 11:50:53 AM,6.68,10.02,285.0,10.743,47.442,1069.350,0.027
28657,05/16/26 12:00:53 PM,8.02,12.36,272.4,10.167,48.511,1069.350,-0.196
28658,05/16/26 12:10:53 PM,7.68,12.02,265.3,10.483,46.825,1069.350,-0.392
28659,05/16/26 12:20:53 PM,7.68,10.69,273.8,10.376,45.675,1069.350,-0.830
28660,05/16/26 12:30:53 PM,7.68,11.35,268.1,10.440,44.150,1069.350,-1.235
28661,05/16/26 12:40:53 PM,7.68,11.69,265.3,10.545,42.745,1069.350,-1.579
28662,05/16/26 12:50:53 PM,7.01,12.36,259.7,11.000,41.979,1069.350,-1.413
28663,05/16/26 01:00:53 PM,8.02,12.02,265.3,10.553,38.894,1069.350,-2.848
28664,05/16/26 01:10:53 PM,7.35,12.02,263.9,10.378,40.746,1069.350,-2.379
28665,05/16/26 01:20:53 PM,8.02,12.69,256.9,10.504,39.268,1069.350,-2.763
28666,05/16/26 01:30:53 PM,8.35,12.69,245.7,10.518,39.117,1069.350,-2.802
28667,05/16/26 01:40:53 PM,8.35,12.36,268.1,10.569,39.297,1069.350,-2.695
28668,05/16/26 01:50:53 PM,8.02,12.36,256.9,10.609,37.565,1069.350,-3.264
28669,05/16/26 02:00:53 PM,8.02,12.02,266.7,10.360,37.467,1069.350,-3.521
28670,05/16/26 02:10:53 PM,7.01,11.02,268.1,10.636,37.263,1069.350,-3.348
28671,05/16/26 02:20:53 PM,8.02,12.02,279.4,10.625,38.183,1069.350,-3.031
28672,05/16/26 02:30:53 PM,8.02,11.35,271.0,10.276,38.726,1069.350,-3.154
28673,05/16/26 02:40:53 PM,8.02,12.36,265.3,10.885,37.906,1069.350,-2.896
28674,05/16/26 02:50:53 PM,8.02,12.36,266.7,10.663,38.012,1069.350,-3.057
28675,05/16/26 03:00:53 PM,8.35,12.69,269.6,10.815,38.119,1069.350,-2.883
28676,05/16/26 03:10:53 PM,8.35,12.69,266.7,11.169,36.271,1069.350,-3.234
28677,05/16/26 03:20:53 PM,9.02,14.03,273.8,10.711,37.406,1069.350,-3.230
28678,05/16/26 03:30:53 PM,7.68,12.36,259.7,11.153,38.631,1069.350,-2.401
28679,05/16/26 03:40:53 PM,7.68,11.69,269.6,10.947,37.746,1069.350,-2.898
28680,05/16/26 03:50:53 PM,8.35,13.02,268.1,10.679,38.671,1069.350,-2.812
28681,05/16/26 04:00:53 PM,8.68,13.36,275.2,10.957,36.690,1069.350,-3.269
28682,05/16/26 04:10:53 PM,8.35,14.36,294.8,10.110,36.258,1069.350,-4.181
28683,05/16/26 04:20:53 PM,8.68,13.69,286.4,10.571,35.547,1069.350,-4.034
28684,05/16/26 04:30:53 PM,8.35,12.69,272.4,10.764,35.686,1069.350,-3.811
28685,05/16/26 04:40:53 PM,8.68,12.69,273.8,10.518,35.856,1069.350,-3.966
28686,05/16/26 04:50:53 PM,8.68,13.02,276.6,10.957,34.809,1069.350,-3.972
28687,05/16/26 05:00:53 PM,8.68,13.02,283.6,10.746,35.502,1069.350,-3.896
28688,05/16/26 05:10:53 PM,8.02,13.02,275.2,10.665,36.078,1069.350,-3.754
28689,05/16/26 05:20:53 PM,7.35,11.02,286.4,11.169,36.469,1069.350,-3.161
28690,05/16/26 05:30:53 PM,7.01,11.69,306.1,9.939,37.624,1069.350,-3.841
28691,05/16/26 05:40:53 PM,7.01,10.69,286.4,10.303,37.002,1069.350,-3.739
28692,05/16/26 05:50:53 PM,7.68,10.35,296.2,10.218,36.573,1069.350,-3.970
28693,05/16/26 06:00:53 PM,7.68,12.36,290.6,9.306,37.937,1069.350,-4.297
28694,05/16/26 06:10:53 PM,7.35,12.36,290.6,9.743,37.754,1069.350,-3.970
28695,05/16/26 06:20:53 PM,8.35,12.02,301.8,9.338,38.326,1069.350,-4.133
28696,05/16/26 06:30:53 PM,6.68,10.69,300.4,9.869,37.798,1069.350,-3.842
28697,05/16/26 06:40:53 PM,7.35,12.36,282.2,9.786,38.137,1069.350,-3.797
28698,05/16/26 06:50:53 PM,7.35,11.02,296.2,9.504,38.955,1069.350,-3.767
28699,05/16/26 07:00:53 PM,7.68,11.69,296.2,9.338,39.336,1069.350,-3.786
28700,05/16/26 07:10:53 PM,8.02,12.02,287.8,9.113,39.039,1069.350,-4.089
28701,05/16/26 07:20:53 PM,7.35,11.69,296.2,8.874,40.229,1069.350,-3.905
28702,05/16/26 07:30:53 PM,8.35,12.02,306.1,8.515,39.542,1069.350,-4.456
28703,05/16/26 07:40:53 PM,8.02,12.36,310.3,7.882,39.858,1069.350,-4.920
28704,05/16/26 07:50:53 PM,7.35,10.69,303.2,7.890,40.751,1069.350,-4.620
28705,05/16/26 08:00:53 PM,5.68,9.02,296.2,7.617,42.036,1069.350,-4.456
28706,05/16/26 08:10:53 PM,7.01,10.69,297.6,7.362,41.427,1069.350,-4.880
28707,05/16/26 08:20:53 PM,5.68,8.68,286.4,7.059,42.010,1069.350,-4.969
28708,05/16/26 08:30:53 PM,6.01,9.35,285.0,6.872,41.733,1069.350,-5.226
28709,05/16/26 08:40:53 PM,7.01,12.02,294.8,6.448,40.459,1069.350,-6.016
28710,05/16/26 08:50:53 PM,6.68,10.35,289.2,6.247,39.702,1069.350,-6.443
28711,05/16/26 09:00:53 PM,6.68,11.35,292.0,6.014,39.101,1069.350,-6.851
28712,05/16/26 09:10:53 PM,6.35,9.35,290.6,5.780,38.293,1069.350,-7.332
28713,05/16/26 09:20:53 PM,5.01,9.02,287.8,5.268,39.799,1069.350,-7.293
28714,05/16/26 09:30:53 PM,5.34,9.02,290.6,5.271,40.484,1069.350,-7.069
28715,05/16/26 09:40:53 PM,4.34,7.68,293.4,4.845,42.223,1069.350,-6.909
28716,05/16/26 09:50:53 PM,3.67,5.68,299.0,4.287,43.961,1069.350,-6.893
28717,05/16/26 10:00:53 PM,3.67,6.01,303.2,4.156,44.108,1069.350,-6.969
28718,05/16/26 10:10:53 PM,3.01,4.68,314.5,3.558,46.018,1069.350,-6.966
28719,05/16/26 10:20:53 PM,3.01,4.01,304.7,2.920,48.511,1069.350,-6.868
28720,05/16/26 10:30:53 PM,3.01,4.68,301.8,2.815,49.496,1069.350,-6.704
28721,05/16/26 10:40:53 PM,3.01,4.68,294.8,2.550,50.294,1069.350,-6.741
28722,05/16/26 10:50:53 PM,3.01,4.01,287.8,2.604,49.815,1069.350,-6.815
28723,05/16/26 11:00:53 PM,2.34,3.67,283.6,2.207,50.384,1069.350,-7.035
28724,05/16/26 11:10:53 PM,1.67,2.67,299.0,1.008,53.600,1069.350,-7.348
28725,05/16/26 11:20:53 PM,2.00,3.01,299.0,0.477,55.059,1069.350,-7.498
28726,05/16/26 11:30:53 PM,2.34,3.01,320.1,0.351,55.070,1069.350,-7.613
28727,05/16/26 11:40:53 PM,2.00,2.67,314.5,-0.536,57.571,1069.350,-7.873
28728,05/16/26 11:50:53 PM,1.67,2.34,293.4,-0.927,58.326,1069.350,-8.074
28729,05/17/26 12:00:53 AM,1.34,2.00,289.2,-1.220,58.712,1069.350,-8.265
28730,05/17/26 12:10:53 AM,1.34,2.00,293.4,-0.957,57.028,1069.350,-8.391
28731,05/17/26 12:20:53 AM,1.67,2.00,285.0,-0.917,56.118,1069.350,-8.559
28732,05/17/26 12:30:53 AM,1.00,2.00,311.7,-1.855,58.332,1069.350,-8.947
28733,05/17/26 12:40:53 AM,1.34,2.00,273.8,-2.469,60.021,1069.350,-9.163
28734,05/17/26 12:50:53 AM,1.34,2.67,273.8,-2.949,61.149,1069.350,-9.380
28735,05/17/26 01:00:53 AM,1.67,2.67,265.3,-2.163,58.566,1069.350,-9.186
28736,05/17/26 01:10:53 AM,1.67,2.34,282.2,-2.541,59.895,1069.350,-9.258
28737,05/17/26 01:20:53 AM,1.34,2.00,299.0,-2.705,60.403,1069.350,-9.305
28738,05/17/26 01:30:53 AM,1.00,1.67,278.0,-3.010,60.880,1069.350,-9.494
28739,05/17/26 01:40:53 AM,1.67,2.34,248.5,-3.161,61.112,1069.350,-9.589
28740,05/17/26 01:50:53 AM,1.67,2.34,282.2,-3.118,61.071,1069.350,-9.557
28741,05/17/26 02:00:53 AM,0.67,1.34,308.9,-2.965,61.314,1069.350,-9.361
28742,05/17/26 02:10:53 AM,0.00,0.67,308.9,-3.295,61.975,1069.350,-9.538
28743,05/17/26 02:20:53 AM,0.33,1.67,317.3,-3.166,62.606,1069.350,-9.287
28744,05/17/26 02:30:53 AM,1.00,1.67,255.5,-3.557,64.103,1069.350,-9.359
28745,05/17/26 02:40:53 AM,1.00,2.34,256.9,-3.043,63.053,1069.350,-9.080
28746,05/17/26 02:50:53 AM,2.00,3.01,321.5,-3.045,64.068,1069.350,-8.878
28747,05/17/26 03:00:53 AM,1.00,2.34,217.6,-3.691,65.808,1069.350,-9.153
28748,05/17/26 03:10:53 AM,1.00,2.00,251.3,-3.000,64.463,1069.350,-8.757
28749,05/17/26 03:20:53 AM,2.67,3.67,321.5,-2.319,63.149,1069.350,-8.372
28750,05/17/26 03:30:53 AM,2.67,3.34,317.3,-2.107,62.287,1069.350,-8.347
28751,05/17/26 03:40:53 AM,3.01,4.01,318.7,-1.697,61.209,1069.350,-8.182
28752,05/17/26 03:50:53 AM,3.34,4.34,314.5,-1.606,61.003,1069.350,-8.139
28753,05/17/26 04:00:53 AM,2.67,3.34,328.5,-1.265,60.084,1069.350,-8.011
28754,05/17/26 04:10:53 AM,2.67,3.67,332.7,-1.397,60.151,1069.350,-8.122
28755,05/17/26 04:20:53 AM,2.34,3.34,328.5,-1.718,61.062,1069.350,-8.232
28756,05/17/26 04:30:53 AM,1.67,3.01,318.7,-2.212,63.090,1069.350,-8.282
28757,05/17/26 04:40:53 AM,2.67,3.67,310.3,-2.120,63.313,1069.350,-8.149
28758,05/17/26 04:50:53 AM,3.01,4.34,313.1,-1.410,61.573,1069.350,-7.833
28759,05/17/26 05:00:53 AM,2.67,4.01,320.1,-1.126,61.071,1069.350,-7.670
28760,05/17/26 05:10:53 AM,2.34,3.67,322.9,-1.244,61.707,1069.350,-7.648
28761,05/17/26 05:20:53 AM,2.34,3.34,317.3,-1.493,62.635,1069.350,-7.692
28762,05/17/26 05:30:53 AM,1.67,3.01,307.5,-2.287,65.286,1069.350,-7.914
28763,05/17/26 05:40:53 AM,0.67,1.67,308.9,-2.276,66.061,1069.350,-7.752
28764,05/17/26 05:50:53 AM,1.34,2.67,248.5,-3.096,67.437,1069.350,-8.271
28765,05/17/26 06:00:53 AM,1.34,2.34,223.2,-3.627,69.976,1069.350,-8.307
28766,05/17/26 06:10:53 AM,1.34,2.00,221.8,-3.214,69.645,1069.350,-7.971
28767,05/17/26 06:20:53 AM,1.67,2.67,247.1,-2.619,68.310,1069.350,-7.649
28768,05/17/26 06:30:53 AM,2.00,3.01,248.5,-2.126,67.245,1069.350,-7.379
28769,05/17/26 06:40:53 AM,2.00,3.01,256.9,-1.780,66.838,1069.350,-7.126
28770,05/17/26 06:50:53 AM,2.34,3.67,306.1,-0.697,63.865,1069.350,-6.683
28771,05/17/26 07:00:53 AM,3.01,4.68,304.7,-0.485,63.719,1069.350,-6.511
28772,05/17/26 07:10:53 AM,3.67,5.34,301.8,-0.340,63.474,1069.350,-6.424
28773,05/17/26 07:20:53 AM,3.67,5.68,308.9,-0.016,62.245,1069.350,-6.371
28774,05/17/26 07:30:53 AM,3.67,5.68,306.1,0.279,61.300,1069.350,-6.291
28775,05/17/26 07:40:53 AM,3.67,5.01,297.6,0.491,60.961,1069.350,-6.162
28776,05/17/26 07:50:53 AM,3.34,4.68,290.6,0.681,61.122,1069.350,-5.948
28777,05/17/26 08:00:53 AM,3.34,4.68,299.0,1.113,60.012,1069.350,-5.779
28778,05/17/26 08:10:53 AM,3.01,4.68,297.6,1.499,58.717,1069.350,-5.701
28779,05/17/26 08:20:53 AM,2.34,4.01,308.9,2.094,57.186,1069.350,-5.488
28780,05/17/26 08:30:53 AM,2.67,4.01,304.7,2.622,55.494,1069.350,-5.388
28781,05/17/26 08:40:53 AM,1.34,2.67,314.5,3.263,53.304,1069.350,-5.319
28782,05/17/26 08:50:53 AM,1.67,4.34,308.9,3.507,52.311,1069.350,-5.339
28783,05/17/26 09:00:53 AM,2.67,4.34,315.9,3.751,51.020,1069.350,-5.441
28784,05/17/26 09:10:53 AM,2.00,4.01,308.9,4.051,49.754,1069.350,-5.494
28785,05/17/26 09:20:53 AM,1.00,2.67,306.1,4.620,46.995,1069.350,-5.718
28786,05/17/26 09:30:53 AM,0.33,1.67,256.9,5.601,44.167,1069.350,-5.635
28787,05/17/26 09:40:53 AM,0.67,2.00,133.4,6.067,43.299,1069.350,-5.471
28788,05/17/26 09:50:53 AM,1.67,3.67,84.2,6.091,42.501,1069.350,-5.694
28789,05/17/26 10:00:53 AM,2.00,4.01,103.9,5.791,43.102,1069.350,-5.782
28790,05/17/26 10:10:53 AM,3.01,6.01,75.8,6.094,41.064,1069.350,-6.141
28791,05/17/26 10:20:53 AM,3.34,6.01,78.6,6.689,40.557,1069.350,-5.766
28792,05/17/26 10:30:53 AM,3.67,7.68,82.8,7.601,39.174,1069.350,-5.401
28793,05/17/26 10:40:53 AM,4.34,7.68,60.4,7.164,40.389,1069.350,-5.393
28794,05/17/26 10:50:53 AM,4.34,7.68,84.2,7.188,40.978,1069.350,-5.180
28795,05/17/26 11:00:53 AM,4.68,7.01,67.4,7.880,40.206,1069.350,-4.807
28796,05/17/26 11:10:53 AM,4.68,8.68,54.8,7.711,39.957,1069.350,-5.041
28797,05/17/26 11:20:53 AM,4.68,9.35,78.6,8.159,39.522,1069.350,-4.783
28798,05/17/26 11:30:53 AM,4.68,10.69,70.2,8.303,38.711,1069.350,-4.928
28799,05/17/26 11:40:53 AM,5.01,8.68,96.9,8.094,38.888,1069.350,-5.055
28800,05/17/26 11:50:53 AM,4.68,8.35,95.5,8.829,38.047,1069.350,-4.685
28801,05/17/26 12:00:53 PM,4.34,8.35,91.3,9.338,36.811,1069.350,-4.667
28802,05/17/26 12:10:53 PM,4.34,6.68,80.0,9.652,34.951,1069.350,-5.073
28803,05/17/26 12:20:53 PM,3.67,7.35,80.0,8.837,37.221,1069.350,-4.968
28804,05/17/26 12:30:53 PM,4.68,7.68,143.2,8.255,39.022,1069.350,-4.865
28805,05/17/26 12:40:53 PM,4.01,6.01,112.3,9.405,38.018,1069.350,-4.180
28806,05/17/26 12:50:53 PM,2.34,6.01,349.6,8.480,38.228,1069.350,-4.935
28807,05/17/26 01:00:53 PM,2.34,5.34,119.3,7.456,39.229,1069.350,-5.513
28808,05/17/26 01:10:53 PM,3.67,9.02,67.4,6.890,44.067,1069.350,-4.491
28809,05/17/26 01:20:53 PM,6.68,9.68,25.3,5.105,56.629,1069.350,-2.793
28810,05/17/26 01:30:53 PM,5.68,10.02,39.3,3.850,65.364,1069.350,-2.045
28811,05/17/26 01:40:53 PM,4.01,7.01,328.5,3.979,62.728,1069.350,-2.478
28812,05/17/26 01:50:53 PM,2.00,4.68,301.8,4.789,57.565,1069.350,-2.869
28813,05/17/26 02:00:53 PM,1.00,2.34,294.8,5.352,53.849,1069.350,-3.237
28814,05/17/26 02:10:53 PM,1.67,3.34,227.4,5.799,51.597,1069.350,-3.393
28815,05/17/26 02:20:53 PM,2.67,4.68,231.6,6.049,51.421,1069.350,-3.207
28816,05/17/26 02:30:53 PM,3.34,6.01,247.1,6.848,54.136,1069.350,-1.771
28817,05/17/26 02:40:53 PM,3.01,5.68,226.0,7.335,49.856,1069.350,-2.433
28818,05/17/26 02:50:53 PM,3.34,6.01,206.4,7.620,48.540,1069.350,-2.531
28819,05/17/26 03:00:53 PM,2.67,4.68,192.3,8.427,46.009,1069.350,-2.512
28820,05/17/26 03:10:53 PM,4.34,7.35,178.3,9.199,43.909,1069.350,-2.438
28821,05/17/26 03:20:53 PM,3.34,7.01,146.0,9.124,41.634,1069.350,-3.221
28822,05/17/26 03:30:53 PM,3.67,8.02,189.5,10.258,40.903,1069.350,-2.435
28823,05/17/26 03:40:53 PM,2.00,6.68,181.1,8.727,41.991,1069.350,-3.465
28824,05/17/26 03:50:53 PM,2.34,6.35,4.2,8.582,40.487,1069.350,-4.083
28825,05/17/26 04:00:53 PM,4.34,7.01,75.8,7.451,49.413,1069.350,-2.446
28826,05/17/26 04:10:53 PM,4.34,7.35,81.4,7.062,51.853,1069.350,-2.155
28827,05/17/26 04:20:53 PM,3.67,6.01,99.7,8.459,48.688,1069.350,-1.717
28828,05/17/26 04:30:53 PM,4.01,5.68,102.5,9.341,46.369,1069.350,-1.570
28829,05/17/26 04:40:53 PM,4.01,5.68,124.9,9.823,42.943,1069.350,-2.171
28830,05/17/26 04:50:53 PM,3.01,5.68,119.3,8.931,41.215,1069.350,-3.530
28831,05/17/26 05:00:53 PM,1.34,3.34,96.9,8.496,42.998,1069.350,-3.358
28832,05/17/26 05:10:53 PM,0.67,1.67,182.5,8.236,42.042,1069.350,-3.894
28833,05/17/26 05:20:53 PM,3.01,6.01,279.4,8.188,42.599,1069.350,-3.762
28834,05/17/26 05:30:53 PM,4.68,7.35,299.0,8.201,41.291,1069.350,-4.165
28835,05/17/26 05:40:53 PM,5.01,8.35,318.7,9.252,37.287,1069.350,-4.574
28836,05/17/26 05:50:53 PM,6.01,8.68,339.7,9.579,33.313,1069.350,-5.768
28837,05/17/26 06:00:53 PM,5.34,8.35,339.7,9.727,33.117,1069.350,-5.715
28838,05/17/26 06:10:53 PM,5.68,8.02,328.5,9.421,32.468,1069.350,-6.243
28839,05/17/26 06:20:53 PM,6.01,9.02,321.5,8.668,32.781,1069.350,-6.781
28840,05/17/26 06:30:53 PM,6.35,8.68,322.9,8.869,33.780,1069.350,-6.212
28841,05/17/26 06:40:53 PM,5.68,7.68,322.9,9.043,34.443,1069.350,-5.805
28842,05/17/26 06:50:53 PM,5.68,8.68,318.7,8.813,34.626,1069.350,-5.939
28843,05/17/26 07:00:53 PM,5.01,8.02,324.3,8.920,34.804,1069.350,-5.777
28844,05/17/26 07:10:53 PM,6.01,10.35,329.9,8.995,33.539,1069.350,-6.195
28845,05/17/26 07:20:53 PM,6.68,10.35,341.2,8.963,31.141,1069.350,-7.187
28846,05/17/26 07:30:53 PM,6.01,8.35,335.5,8.821,32.860,1069.350,-6.615
28847,05/17/26 07:40:53 PM,4.68,7.01,321.5,8.003,37.009,1069.350,-5.787
28848,05/17/26 07:50:53 PM,4.01,6.68,314.5,8.534,36.796,1069.350,-5.389
28849,05/17/26 08:00:53 PM,3.67,6.01,315.9,8.459,37.906,1069.350,-5.065
28850,05/17/26 08:10:53 PM,4.68,6.68,311.7,8.086,38.914,1069.350,-5.053
28851,05/17/26 08:20:53 PM,5.01,7.35,329.9,7.512,39.138,1069.350,-5.493
28852,05/17/26 08:30:53 PM,5.68,9.02,346.8,7.019,37.244,1069.350,-6.583
28853,05/17/26 08:40:53 PM,6.01,8.35,345.4,6.293,39.168,1069.350,-6.578
28854,05/17/26 08:50:53 PM,6.01,10.35,338.3,5.982,41.004,1069.350,-6.261
28855,05/17/26 09:00:53 PM,7.01,10.35,338.3,5.963,42.237,1069.350,-5.891
28856,05/17/26 09:10:53 PM,7.35,11.02,339.7,5.858,42.560,1069.350,-5.887
28857,05/17/26 09:20:53 PM,7.01,11.02,342.6,5.681,43.943,1069.350,-5.629
28858,05/17/26 09:30:53 PM,8.35,11.02,345.4,5.360,46.787,1069.350,-5.097
28859,05/17/26 09:40:53 PM,8.35,11.35,344.0,5.091,50.018,1069.350,-4.463
28860,05/17/26 09:50:53 PM,7.35,12.02,339.7,4.861,51.568,1069.350,-4.271
28861,05/17/26 10:00:53 PM,7.68,10.69,349.6,4.499,53.156,1069.350,-4.205
28862,05/17/26 10:10:53 PM,6.01,10.02,348.2,4.405,53.651,1069.350,-4.169
28863,05/17/26 10:20:53 PM,4.01,6.01,346.8,4.008,55.113,1069.350,-4.182
28864,05/17/26 10:30:53 PM,4.34,6.35,329.9,3.713,55.753,1069.350,-4.305
28865,05/17/26 10:40:53 PM,4.01,6.01,320.1,3.545,55.602,1069.350,-4.498
28866,05/17/26 10:50:53 PM,2.34,4.01,315.9,2.963,57.481,1069.350,-4.604
28867,05/17/26 11:00:53 PM,1.00,2.34,7.0,3.140,56.878,1069.350,-4.577
28868,05/17/26 11:10:53 PM,2.00,3.34,355.2,2.976,56.728,1069.350,-4.766
28869,05/17/26 11:20:53 PM,2.67,4.01,318.7,2.164,59.129,1069.350,-4.982
28870,05/17/26 11:30:53 PM,2.67,3.67,285.0,0.440,64.552,1069.350,-5.461
28871,05/17/26 11:40:53 PM,3.01,5.34,280.8,1.065,63.261,1069.350,-5.132
28872,05/17/26 11:50:53 PM,3.01,5.34,282.2,2.217,58.975,1069.350,-4.967
28873,05/18/26 12:00:53 AM,3.34,5.01,301.8,2.534,57.298,1069.350,-5.049
28874,05/18/26 12:10:53 AM,3.34,4.68,300.4,2.427,57.032,1069.350,-5.211
28875,05/18/26 12:20:53 AM,2.67,4.34,306.1,1.861,58.163,1069.350,-5.485
28876,05/18/26 12:30:53 AM,2.34,3.67,314.5,1.193,59.884,1069.350,-5.732
28877,05/18/26 12:40:53 AM,2.00,3.34,318.7,0.963,60.211,1069.350,-5.878
28878,05/18/26 12:50:53 AM,3.01,4.68,335.5,2.188,55.380,1069.350,-5.821
28879,05/18/26 01:00:53 AM,2.34,4.01,329.9,2.705,53.187,1069.350,-5.867
28880,05/18/26 01:10:53 AM,2.67,5.34,321.5,2.526,53.216,1069.350,-6.027
28881,05/18/26 01:20:53 AM,2.67,4.68,297.6,0.853,58.355,1069.350,-6.391
28882,05/18/26 01:30:53 AM,1.67,2.67,287.8,0.697,58.740,1069.350,-6.452
28883,05/18/26 01:40:53 AM,3.01,4.68,324.3,1.831,54.781,1069.350,-6.297
28884,05/18/26 01:50:53 AM,3.67,5.01,327.1,2.419,53.393,1069.350,-6.083
28885,05/18/26 02:00:53 AM,2.00,4.68,339.7,1.566,55.454,1069.350,-6.386
28886,05/18/26 02:10:53 AM,2.00,4.01,331.3,0.973,56.524,1069.350,-6.693
28887,05/18/26 02:20:53 AM,3.34,5.34,332.7,1.657,54.667,1069.350,-6.487
28888,05/18/26 02:30:53 AM,5.68,8.35,335.5,2.542,52.497,1069.350,-6.190
28889,05/18/26 02:40:53 AM,5.01,7.68,336.9,2.617,51.991,1069.350,-6.247
28890,05/18/26 02:50:53 AM,4.34,6.01,335.5,2.365,52.648,1069.350,-6.317
28891,05/18/26 03:00:53 AM,4.34,6.01,336.9,2.561,51.638,1069.350,-6.387
28892,05/18/26 03:10:53 AM,4.34,8.02,341.2,2.408,51.739,1069.350,-6.504
28893,05/18/26 03:20:53 AM,5.01,7.35,332.7,2.968,49.903,1069.350,-6.456
28894,05/18/26 03:30:53 AM,5.34,8.35,335.5,2.979,49.534,1069.350,-6.542
28895,05/18/26 03:40:53 AM,5.01,7.68,328.5,2.496,50.626,1069.350,-6.705
28896,05/18/26 03:50:53 AM,4.68,6.35,322.9,1.914,52.146,1069.350,-6.861
28897,05/18/26 04:00:53 AM,5.01,8.35,324.3,2.110,51.827,1069.350,-6.759
28898,05/18/26 04:10:53 AM,5.68,7.68,331.3,3.191,48.061,1069.350,-6.739
28899,05/18/26 04:20:53 AM,5.34,7.68,325.7,2.936,48.592,1069.350,-6.831
28900,05/18/26 04:30:53 AM,6.01,7.68,325.7,3.008,48.516,1069.350,-6.785
28901,05/18/26 04:40:53 AM,4.34,6.01,313.1,1.386,53.101,1069.350,-7.117
28902,05/18/26 04:50:53 AM,4.01,6.01,311.7,1.209,53.950,1069.350,-7.077
28903,05/18/26 05:00:53 AM,5.34,7.35,322.9,1.810,52.567,1069.350,-6.853
28904,05/18/26 05:10:53 AM,5.01,6.68,325.7,1.831,52.244,1069.350,-6.914
28905,05/18/26 05:20:53 AM,4.68,6.35,327.1,1.360,53.472,1069.350,-7.051
28906,05/18/26 05:30:53 AM,5.01,6.35,328.5,1.263,53.481,1069.350,-7.139
28907,05/18/26 05:40:53 AM,4.01,6.68,327.1,0.917,54.144,1069.350,-7.303
28908,05/18/26 05:50:53 AM,3.67,6.35,324.3,1.306,52.409,1069.350,-7.361
28909,05/18/26 06:00:53 AM,1.00,2.67,304.7,0.920,53.022,1069.350,-7.571
28910,05/18/26 06:10:53 AM,0.67,1.34,272.4,0.689,53.924,1069.350,-7.568
28911,05/18/26 06:20:53 AM,1.34,2.34,67.4,-0.370,57.160,1069.350,-7.809
28912,05/18/26 06:30:53 AM,1.67,2.34,46.3,-0.844,58.410,1069.350,-7.977
28913,05/18/26 06:40:53 AM,2.00,5.01,346.8,0.421,55.354,1069.350,-7.481
28914,05/18/26 06:50:53 AM,4.01,5.34,328.5,1.370,52.070,1069.350,-7.386
28915,05/18/26 07:00:53 AM,3.67,5.01,324.3,1.799,50.417,1069.350,-7.404
28916,05/18/26 07:10:53 AM,2.67,4.01,320.1,2.252,49.487,1069.350,-7.226
28917,05/18/26 07:20:53 AM,2.34,4.34,304.7,3.480,47.686,1069.350,-6.575
28918,05/18/26 07:30:53 AM,2.34,4.68,318.7,4.405,45.231,1069.350,-6.415
28919,05/18/26 07:40:53 AM,4.01,6.68,324.3,4.609,43.999,1069.350,-6.589
28920,05/18/26 07:50:53 AM,4.68,7.01,329.9,4.837,43.510,1069.350,-6.526
28921,05/18/26 08:00:53 AM,4.68,7.01,329.9,5.113,42.744,1069.350,-6.507
28922,05/18/26 08:10:53 AM,4.34,6.01,329.9,5.614,41.418,1069.350,-6.463
28923,05/18/26 08:20:53 AM,4.01,5.68,336.9,6.027,40.171,1069.350,-6.488
28924,05/18/26 08:30:53 AM,4.34,6.01,332.7,6.276,38.660,1069.350,-6.763
28925,05/18/26 08:40:53 AM,4.34,6.01,336.9,6.633,37.998,1069.350,-6.668
28926,05/18/26 08:50:53 AM,5.01,8.35,341.2,6.786,37.523,1069.350,-6.694
28927,05/18/26 09:00:53 AM,4.68,7.68,342.6,6.890,36.741,1069.350,-6.875
28928,05/18/26 09:10:53 AM,4.34,7.01,327.1,7.424,37.111,1069.350,-6.268
28929,05/18/26 09:20:53 AM,5.01,8.35,332.7,7.620,37.166,1069.350,-6.074
28930,05/18/26 09:30:53 AM,5.01,8.68,334.1,7.697,36.690,1069.350,-6.173
28931,05/18/26 09:40:53 AM,4.34,7.68,335.5,7.936,36.268,1069.350,-6.111
28932,05/18/26 09:50:53 AM,4.68,7.01,349.6,8.217,35.848,1069.350,-6.014
28933,05/18/26 10:00:53 AM,4.34,7.01,355.2,8.778,34.356,1069.350,-6.072
28934,05/18/26 10:10:53 AM,4.68,8.02,5.6,9.159,31.904,1069.350,-6.702
28935,05/18/26 10:20:53 AM,4.68,7.35,7.0,9.244,30.965,1069.350,-7.015
28936,05/18/26 10:30:53 AM,5.34,7.68,9.8,9.810,30.788,1069.350,-6.595
28937,05/18/26 10:40:53 AM,4.01,8.02,4.2,10.100,30.222,1069.350,-6.583
28938,05/18/26 10:50:53 AM,4.68,8.02,345.4,9.882,29.720,1069.350,-6.991
28939,05/18/26 11:00:53 AM,4.34,6.68,346.8,9.931,29.397,1069.350,-7.090
28940,05/18/26 11:10:53 AM,3.67,8.02,345.4,10.759,29.830,1069.350,-6.180
28941,05/18/26 11:20:53 AM,3.67,8.35,329.9,10.692,29.624,1069.350,-6.329
28942,05/18/26 11:30:53 AM,4.01,8.02,341.2,10.882,29.088,1069.350,-6.402
28943,05/18/26 11:40:53 AM,2.34,5.68,21.1,11.311,28.219,1069.350,-6.426
28944,05/18/26 11:50:53 AM,3.34,7.01,355.2,11.681,27.544,1069.350,-6.422
28945,05/18/26 12:00:53 PM,3.01,8.02,18.3,11.569,27.364,1069.350,-6.604
28946,05/18/26 12:10:53 PM,3.01,7.01,353.8,12.097,26.911,1069.350,-6.367
28947,05/18/26 12:20:53 PM,2.34,5.01,0.0,12.456,26.174,1069.350,-6.421
28948,05/18/26 12:30:53 PM,2.00,4.68,346.8,12.781,27.335,1069.350,-5.575
28949,05/18/26 12:40:53 PM,3.67,7.01,353.8,12.858,26.770,1069.350,-5.783
28950,05/18/26 12:50:53 PM,1.34,4.34,297.6,13.011,24.640,1069.350,-6.734
28951,05/18/26 01:00:53 PM,1.67,4.01,124.9,13.295,25.364,1069.350,-6.115
28952,05/18/26 01:10:53 PM,1.34,4.01,77.2,14.035,26.413,1069.350,-4.950
28953,05/18/26 01:20:53 PM,2.34,8.35,256.9,14.027,25.212,1069.350,-5.570
28954,05/18/26 01:30:53 PM,3.01,5.34,268.1,12.630,26.386,1069.350,-6.167
28955,05/18/26 01:40:53 PM,2.67,5.01,234.5,13.067,25.431,1069.350,-6.275
28956,05/18/26 01:50:53 PM,1.34,4.01,220.4,14.046,24.868,1069.350,-5.734
28957,05/18/26 02:00:53 PM,4.34,8.68,242.9,14.512,25.769,1069.350,-4.869
28958,05/18/26 02:10:53 PM,4.01,8.35,172.7,12.781,29.912,1069.350,-4.386
28959,05/18/26 02:20:53 PM,5.01,9.02,168.5,12.620,31.635,1069.350,-3.782
28960,05/18/26 02:30:53 PM,4.68,7.35,147.4,12.255,31.562,1069.350,-4.132
28961,05/18/26 02:40:53 PM,4.68,8.02,164.3,12.746,31.061,1069.350,-3.916
28962,05/18/26 02:50:53 PM,5.34,8.68,186.7,12.941,30.784,1069.350,-3.865
28963,05/18/26 03:00:53 PM,4.01,7.35,158.6,13.124,30.094,1069.350,-4.008
28964,05/18/26 03:10:53 PM,4.01,6.35,196.5,13.183,29.827,1069.350,-4.075
28965,05/18/26 03:20:53 PM,4.01,7.01,190.9,13.220,28.841,1069.350,-4.489
28966,05/18/26 03:30:53 PM,3.01,5.34,168.5,14.815,27.802,1069.350,-3.601
28967,05/18/26 03:40:53 PM,3.01,7.01,193.7,14.625,25.989,1069.350,-4.660
28968,05/18/26 03:50:53 PM,2.34,4.34,220.4,14.807,26.574,1069.350,-4.209
28969,05/18/26 04:00:53 PM,3.34,6.68,213.4,14.346,26.691,1069.350,-4.546
28970,05/18/26 04:10:53 PM,2.67,6.35,182.5,13.526,27.068,1069.350,-5.064
28971,05/18/26 04:20:53 PM,2.67,4.34,171.3,13.338,26.462,1069.350,-5.523
28972,05/18/26 04:30:53 PM,1.00,2.67,198.0,13.263,26.047,1069.350,-5.794
28973,05/18/26 04:40:53 PM,1.34,2.34,132.0,13.421,26.548,1069.350,-5.409
28974,05/18/26 04:50:53 PM,1.00,2.67,120.7,13.467,26.430,1069.350,-5.428
28975,05/18/26 05:00:53 PM,1.34,3.34,227.4,13.341,26.700,1069.350,-5.403
28976,05/18/26 05:10:53 PM,0.67,2.00,286.4,13.555,26.749,1069.350,-5.195
28977,05/18/26 05:20:53 PM,1.67,2.67,136.2,13.145,27.591,1069.350,-5.139
28978,05/18/26 05:30:53 PM,1.67,3.01,130.6,13.531,27.785,1069.350,-4.714
28979,05/18/26 05:40:53 PM,2.00,3.67,117.9,13.333,28.627,1069.350,-4.490
28980,05/18/26 05:50:53 PM,2.67,5.01,110.9,13.145,28.931,1069.350,-4.513
28981,05/18/26 06:00:53 PM,2.34,3.67,122.1,12.971,29.873,1069.350,-4.239
28982,05/18/26 06:10:53 PM,1.67,3.34,123.5,12.941,27.782,1069.350,-5.224
28983,05/18/26 06:20:53 PM,1.67,2.67,133.4,12.810,30.384,1069.350,-4.153
28984,05/18/26 06:30:53 PM,2.34,4.01,134.8,12.684,32.305,1069.350,-3.446
28985,05/18/26 06:40:53 PM,2.34,3.67,123.5,12.378,33.890,1069.350,-3.074
28986,05/18/26 06:50:53 PM,1.67,3.34,168.5,12.357,31.339,1069.350,-4.137
28987,05/18/26 07:00:53 PM,3.01,5.01,241.5,12.394,30.423,1069.350,-4.498
28988,05/18/26 07:10:53 PM,2.34,5.68,315.9,12.282,31.388,1069.350,-4.182
28989,05/18/26 07:20:53 PM,3.01,5.34,306.1,12.260,32.113,1069.350,-3.897
28990,05/18/26 07:30:53 PM,5.68,9.68,279.4,12.405,32.819,1069.350,-3.480
28991,05/18/26 07:40:53 PM,4.68,9.35,283.6,12.896,32.628,1069.350,-3.127
28992,05/18/26 07:50:53 PM,5.01,8.35,280.8,13.049,33.642,1069.350,-2.582
28993,05/18/26 08:00:53 PM,6.01,9.68,285.0,12.738,34.224,1069.350,-2.625
28994,05/18/26 08:10:53 PM,5.01,9.02,342.6,12.373,32.958,1069.350,-3.452
28995,05/18/26 08:20:53 PM,2.34,4.68,355.2,12.427,33.588,1069.350,-3.151
28996,05/18/26 08:30:53 PM,1.34,3.34,278.0,12.451,33.695,1069.350,-3.087
28997,05/18/26 08:40:53 PM,3.01,5.34,280.8,11.622,34.759,1069.350,-3.402
28998,05/18/26 08:50:53 PM,2.67,5.01,279.4,11.169,35.653,1069.350,-3.464
28999,05/18/26 09:00:53 PM,2.00,3.01,294.8,10.456,37.205,1069.350,-3.529
29000,05/18/26 09:10:53 PM,2.67,4.34,296.2,9.494,38.911,1069.350,-3.791
29001,05/18/26 09:20:53 PM,3.01,3.67,306.1,8.386,41.021,1069.350,-4.085
29002,05/18/26 09:30:53 PM,3.34,4.34,313.1,7.459,42.693,1069.350,-4.393
29003,05/18/26 09:40:53 PM,3.34,4.68,313.1,7.046,43.354,1069.350,-4.565
29004,05/18/26 09:50:53 PM,3.01,4.34,329.9,6.349,44.887,1069.350,-4.740
29005,05/18/26 10:00:53 PM,3.01,4.34,338.3,5.236,47.726,1069.350,-4.949
29006,05/18/26 10:10:53 PM,2.34,3.01,318.7,4.799,48.696,1069.350,-5.086
29007,05/18/26 10:20:53 PM,1.67,4.34,308.9,3.890,51.113,1069.350,-5.288
29008,05/18/26 10:30:53 PM,2.67,4.01,317.3,4.673,49.955,1069.350,-4.866
29009,05/18/26 10:40:53 PM,2.34,3.34,321.5,4.486,50.939,1069.350,-4.781
29010,05/18/26 10:50:53 PM,2.00,3.34,332.7,4.250,52.395,1069.350,-4.627
29011,05/18/26 11:00:53 PM,0.67,2.34,8.4,2.990,56.187,1069.350,-4.880
29012,05/18/26 11:10:53 PM,0.67,1.34,106.7,1.874,59.884,1069.350,-5.089
29013,05/18/26 11:20:53 PM,0.67,1.34,110.9,1.805,60.069,1069.350,-5.113
29014,05/18/26 11:30:53 PM,1.00,1.67,77.2,1.051,62.484,1069.350,-5.308
29015,05/18/26 11:40:53 PM,1.00,2.00,91.3,1.081,63.505,1069.350,-5.066
29016,05/18/26 11:50:53 PM,0.67,1.67,14.0,1.590,61.663,1069.350,-4.971
29017,05/19/26 12:00:53 AM,1.67,2.67,301.8,2.443,58.892,1069.350,-4.773
29018,05/19/26 12:10:53 AM,2.67,4.01,276.6,0.856,63.168,1069.350,-5.350
29019,05/19/26 12:20:53 AM,2.00,4.01,285.0,0.751,64.462,1069.350,-5.183
29020,05/19/26 12:30:53 AM,1.00,2.00,335.5,1.979,59.915,1069.350,-4.983
29021,05/19/26 12:40:53 AM,1.34,2.34,310.3,2.593,58.323,1069.350,-4.760
29022,05/19/26 12:50:53 AM,1.67,2.34,268.1,2.164,60.117,1069.350,-4.764
29023,05/19/26 01:00:53 AM,1.34,2.00,275.2,0.965,63.574,1069.350,-5.162
29024,05/19/26 01:10:53 AM,0.67,1.67,296.2,0.941,64.027,1069.350,-5.091
29025,05/19/26 01:20:53 AM,0.00,0.67,296.2,1.260,62.390,1069.350,-5.130
29026,05/19/26 01:30:53 AM,0.33,1.34,351.0,0.035,65.214,1069.350,-5.713
29027,05/19/26 01:40:53 AM,0.67,2.00,313.1,-0.372,66.775,1069.350,-5.792
29028,05/19/26 01:50:53 AM,1.34,1.67,304.7,-0.388,65.417,1069.350,-6.076
29029,05/19/26 02:00:53 AM,1.00,1.67,329.9,-0.088,64.431,1069.350,-5.989
29030,05/19/26 02:10:53 AM,0.67,1.34,22.5,0.459,62.811,1069.350,-5.802
29031,05/19/26 02:20:53 AM,0.00,0.67,22.5,-1.171,67.312,1069.350,-6.452
29032,05/19/26 02:30:53 AM,0.00,1.00,22.5,-1.866,70.266,1069.350,-6.560
29033,05/19/26 02:40:53 AM,0.33,1.00,22.5,-1.096,69.180,1069.350,-6.023
29034,05/19/26 02:50:53 AM,0.00,0.67,22.5,-0.791,68.467,1069.350,-5.865
29035,05/19/26 03:00:53 AM,0.00,0.00,22.5,-0.922,69.601,1069.350,-5.776
29036,05/19/26 03:10:53 AM,0.67,1.34,269.6,-2.212,69.929,1069.350,-6.955
29037,05/19/26 03:20:53 AM,1.34,1.67,286.4,-3.048,73.344,1069.350,-7.143
29038,05/19/26 03:30:53 AM,1.00,1.34,296.2,-1.643,71.112,1069.350,-6.189
29039,05/19/26 03:40:53 AM,1.34,1.67,331.3,-2.388,72.982,1069.350,-6.569
29040,05/19/26 03:50:53 AM,1.00,1.67,321.5,-2.107,72.120,1069.350,-6.453
29041,05/19/26 04:00:53 AM,1.34,1.67,304.7,-2.935,74.046,1069.350,-6.910
29042,05/19/26 04:10:53 AM,1.00,1.34,303.2,-2.077,72.932,1069.350,-6.278
29043,05/19/26 04:20:53 AM,1.67,2.34,282.2,-2.866,72.767,1069.350,-7.070
29044,05/19/26 04:30:53 AM,1.67,2.34,282.2,-3.145,76.316,1069.350,-6.722
29045,05/19/26 04:40:53 AM,1.34,2.00,299.0,-1.903,71.965,1069.350,-6.284
29046,05/19/26 04:50:53 AM,1.67,2.00,292.0,-3.254,75.293,1069.350,-7.003
29047,05/19/26 05:00:53 AM,1.67,2.00,293.4,-2.587,73.845,1069.350,-6.609
29048,05/19/26 05:10:53 AM,1.67,2.00,299.0,-2.528,73.748,1069.350,-6.569
29049,05/19/26 05:20:53 AM,1.34,2.00,321.5,-2.069,72.888,1069.350,-6.278
29050,05/19/26 05:30:53 AM,1.34,1.67,290.6,-2.035,72.238,1069.350,-6.362
29051,05/19/26 05:40:53 AM,1.34,1.67,282.2,-2.691,74.389,1069.350,-6.614
29052,05/19/26 05:50:53 AM,1.67,2.00,293.4,-2.340,73.249,1069.350,-6.476
29053,05/19/26 06:00:53 AM,1.00,2.00,275.2,-2.745,74.252,1069.350,-6.690
29054,05/19/26 06:10:53 AM,1.00,1.34,261.1,-3.699,76.434,1069.350,-7.240
29055,05/19/26 06:20:53 AM,1.00,1.34,259.7,-2.504,75.000,1069.350,-6.326
29056,05/19/26 06:30:53 AM,0.67,1.34,278.0,-2.289,71.592,1069.350,-6.724
29057,05/19/26 06:40:53 AM,0.33,1.00,286.4,-2.555,73.178,1069.350,-6.696
29058,05/19/26 06:50:53 AM,0.33,1.34,310.3,-1.855,70.858,1069.350,-6.440
29059,05/19/26 07:00:53 AM,0.33,1.34,345.4,-1.447,69.746,1069.350,-6.253
29060,05/19/26 07:10:53 AM,0.33,1.34,328.5,-0.338,66.439,1069.350,-5.825
29061,05/19/26 07:20:53 AM,0.33,1.34,315.9,-0.504,68.475,1069.350,-5.589
29062,05/19/26 07:30:53 AM,1.00,2.00,279.4,0.770,63.957,1069.350,-5.269
29063,05/19/26 07:40:53 AM,0.67,1.67,259.7,2.132,61.451,1069.350,-4.503
29064,05/19/26 07:50:53 AM,0.67,1.34,247.1,3.772,56.291,1069.350,-4.122
29065,05/19/26 08:00:53 AM,0.67,1.00,240.1,5.397,50.945,1069.350,-3.936
29066,05/19/26 08:10:53 AM,0.00,1.00,233.1,6.129,48.881,1069.350,-3.810
29067,05/19/26 08:20:53 AM,0.33,1.34,241.5,7.389,44.733,1069.350,-3.837
29068,05/19/26 08:30:53 AM,0.67,2.00,241.5,8.073,41.032,1069.350,-4.364
29069,05/19/26 08:40:53 AM,0.67,1.34,283.6,8.475,38.553,1069.350,-4.827
29070,05/19/26 08:50:53 AM,0.67,1.67,199.4,9.006,37.494,1069.350,-4.720
29071,05/19/26 09:00:53 AM,0.67,2.34,53.3,9.703,35.862,1069.350,-4.688
29072,05/19/26 09:10:53 AM,1.34,3.01,67.4,9.671,35.212,1069.350,-4.958
29073,05/19/26 09:20:53 AM,1.67,3.67,39.3,9.748,34.876,1069.350,-5.016
29074,05/19/26 09:30:53 AM,2.00,4.34,88.4,10.400,33.614,1069.350,-4.927
29075,05/19/26 09:40:53 AM,2.00,3.67,59.0,10.338,34.266,1069.350,-4.727
29076,05/19/26 09:50:53 AM,1.67,4.34,87.0,10.630,34.122,1069.350,-4.525
29077,05/19/26 10:00:53 AM,1.67,3.67,139.0,10.660,34.185,1069.350,-4.474
29078,05/19/26 10:10:53 AM,2.00,3.67,110.9,11.209,34.101,1069.350,-4.022
29079,05/19/26 10:20:53 AM,2.00,3.67,146.0,11.180,34.765,1069.350,-3.791
29080,05/19/26 10:30:53 AM,1.67,3.01,172.7,11.124,34.429,1069.350,-3.970
29081,05/19/26 10:40:53 AM,1.34,3.01,349.6,11.357,33.616,1069.350,-4.082
29082,05/19/26 10:50:53 AM,1.67,4.34,280.8,12.097,33.968,1069.350,-3.291
29083,05/19/26 11:00:53 AM,2.00,5.01,313.1,12.496,34.133,1069.350,-2.874
29084,05/19/26 11:10:53 AM,2.67,6.35,322.9,12.448,34.246,1069.350,-2.872
29085,05/19/26 11:20:53 AM,1.67,4.34,286.4,13.218,33.519,1069.350,-2.482
29086,05/19/26 11:30:53 AM,3.34,6.68,279.4,11.783,35.367,1069.350,-3.028
29087,05/19/26 11:40:53 AM,2.34,5.01,268.1,11.955,35.593,1069.350,-2.790
29088,05/19/26 11:50:53 AM,3.34,6.35,292.0,13.172,34.571,1069.350,-2.105
29089,05/19/26 12:00:53 PM,4.01,7.01,258.3,13.424,35.064,1069.350,-1.691
29090,05/19/26 12:10:53 PM,4.01,8.35,307.5,13.255,35.363,1069.350,-1.725
29091,05/19/26 12:20:53 PM,3.34,5.68,297.6,13.794,35.314,1069.350,-1.267
29092,05/19/26 12:30:53 PM,4.68,8.68,261.1,14.046,34.209,1069.350,-1.477
29093,05/19/26 12:40:53 PM,4.68,7.68,249.9,14.368,34.353,1069.350,-1.136
29094,05/19/26 12:50:53 PM,4.68,7.01,262.5,12.976,34.406,1069.350,-2.343
29095,05/19/26 01:00:53 PM,4.01,8.02,271.0,14.386,33.526,1069.350,-1.452
29096,05/19/26 01:10:53 PM,3.34,7.01,266.7,14.228,33.434,1069.350,-1.628
29097,05/19/26 01:20:53 PM,4.01,7.68,266.7,13.722,34.607,1069.350,-1.606
29098,05/19/26 01:30:53 PM,4.34,7.68,275.2,14.829,33.669,1069.350,-1.004
29099,05/19/26 01:40:53 PM,4.01,7.68,289.2,15.008,34.051,1069.350,-0.692
29100,05/19/26 01:50:53 PM,4.01,7.35,262.5,15.148,33.306,1069.350,-0.872
29101,05/19/26 02:00:53 PM,5.34,8.35,248.5,15.472,33.941,1069.350,-0.328
29102,05/19/26 02:10:53 PM,4.68,7.68,255.5,14.754,34.467,1069.350,-0.750
29103,05/19/26 02:20:53 PM,4.68,7.68,252.7,15.368,33.411,1069.350,-0.635
29104,05/19/26 02:30:53 PM,4.68,7.01,263.9,15.521,34.366,1069.350,-0.114
29105,05/19/26 02:40:53 PM,4.68,8.02,263.9,15.622,32.930,1069.350,-0.611
29106,05/19/26 02:50:53 PM,3.67,7.68,283.6,15.687,32.364,1069.350,-0.791
29107,05/19/26 03:00:53 PM,4.34,7.35,258.3,14.633,34.998,1069.350,-0.648
29108,05/19/26 03:10:53 PM,5.01,8.02,258.3,14.845,34.818,1069.350,-0.531
29109,05/19/26 03:20:53 PM,4.34,8.68,279.4,15.606,33.498,1069.350,-0.390
29110,05/19/26 03:30:53 PM,4.01,6.35,262.5,15.159,33.960,1069.350,-0.596
29111,05/19/26 03:40:53 PM,3.67,8.68,249.9,15.722,33.391,1069.350,-0.332
29112,05/19/26 03:50:53 PM,5.01,9.35,283.6,14.274,34.675,1069.350,-1.092
29113,05/19/26 04:00:53 PM,3.67,6.01,282.2,13.917,34.946,1069.350,-1.301
29114,05/19/26 04:10:53 PM,4.68,8.02,279.4,15.215,32.720,1069.350,-1.055
29115,05/19/26 04:20:53 PM,5.01,7.68,265.3,15.258,33.068,1069.350,-0.873
29116,05/19/26 04:30:53 PM,4.68,7.35,271.0,15.346,32.790,1069.350,-0.911
29117,05/19/26 04:40:53 PM,5.01,8.35,269.6,15.620,32.276,1069.350,-0.887
29118,05/19/26 04:50:53 PM,4.01,6.68,262.5,15.204,31.432,1069.350,-1.611
29119,05/19/26 05:00:53 PM,4.68,8.02,279.4,15.491,31.360,1069.350,-1.392
29120,05/19/26 05:10:53 PM,5.01,8.02,268.1,14.142,34.054,1069.350,-1.454
29121,05/19/26 05:20:53 PM,3.01,7.35,275.2,14.293,34.789,1069.350,-1.030
29122,05/19/26 05:30:53 PM,4.68,9.35,261.1,15.370,33.234,1069.350,-0.706
29123,05/19/26 05:40:53 PM,4.01,6.68,266.7,15.354,33.211,1069.350,-0.730
29124,05/19/26 05:50:53 PM,4.68,6.68,279.4,15.247,32.586,1069.350,-1.083
29125,05/19/26 06:00:53 PM,4.68,7.68,256.9,14.925,31.672,1069.350,-1.752
29126,05/19/26 06:10:53 PM,4.34,7.01,269.6,14.998,31.975,1069.350,-1.559
29127,05/19/26 06:20:53 PM,5.01,8.68,271.0,14.783,33.484,1069.350,-1.120
29128,05/19/26 06:30:53 PM,4.68,7.68,268.1,14.899,32.496,1069.350,-1.426
29129,05/19/26 06:40:53 PM,4.68,7.68,259.7,14.987,31.289,1069.350,-1.862
29130,05/19/26 06:50:53 PM,4.01,6.35,251.3,14.722,31.687,1069.350,-1.923
29131,05/19/26 07:00:53 PM,3.67,6.68,266.7,14.829,31.507,1069.350,-1.906
29132,05/19/26 07:10:53 PM,3.67,6.01,263.9,14.743,30.628,1069.350,-2.364
29133,05/19/26 07:20:53 PM,4.01,7.01,244.3,14.252,30.340,1069.350,-2.918
29134,05/19/26 07:30:53 PM,4.34,6.35,262.5,14.242,31.890,1069.350,-2.256
29135,05/19/26 07:40:53 PM,4.34,6.35,272.4,14.102,33.681,1069.350,-1.639
29136,05/19/26 07:50:53 PM,4.01,6.35,268.1,13.917,34.635,1069.350,-1.422
29137,05/19/26 08:00:53 PM,3.67,5.68,262.5,13.579,35.622,1069.350,-1.339
29138,05/19/26 08:10:53 PM,3.01,4.68,269.6,13.220,37.537,1069.350,-0.944
29139,05/19/26 08:20:53 PM,2.34,3.34,271.0,12.593,40.493,1069.350,-0.469
29140,05/19/26 08:30:53 PM,1.67,2.67,278.0,11.601,42.867,1069.350,-0.584
29141,05/19/26 08:40:53 PM,1.67,2.34,282.2,10.271,45.133,1069.350,-1.089
29142,05/19/26 08:50:53 PM,2.00,2.34,282.2,9.258,46.737,1069.350,-1.539
29143,05/19/26 09:00:53 PM,1.67,2.34,286.4,8.789,47.260,1069.350,-1.818
29144,05/19/26 09:10:53 PM,1.67,2.34,293.4,7.622,49.909,1069.350,-2.154
29145,05/19/26 09:20:53 PM,2.00,3.01,265.3,6.915,51.270,1069.350,-2.444
29146,05/19/26 09:30:53 PM,2.00,3.01,276.6,6.957,50.823,1069.350,-2.523
29147,05/19/26 09:40:53 PM,1.00,2.00,265.3,5.582,54.411,1069.350,-2.884
29148,05/19/26 09:50:53 PM,1.00,1.67,263.9,5.293,54.966,1069.350,-3.017
29149,05/19/26 10:00:53 PM,1.67,3.01,303.2,5.274,53.884,1069.350,-3.301
29150,05/19/26 10:10:53 PM,1.34,2.67,254.1,4.483,55.515,1069.350,-3.641
29151,05/19/26 10:20:53 PM,1.34,2.34,248.5,4.258,55.767,1069.350,-3.792
29152,05/19/26 10:30:53 PM,1.00,1.67,249.9,4.062,56.196,1069.350,-3.873
29153,05/19/26 10:40:53 PM,1.34,2.00,234.5,3.719,57.156,1069.350,-3.969
29154,05/19/26 10:50:53 PM,1.00,1.67,228.8,3.239,58.561,1069.350,-4.097
29155,05/19/26 11:00:53 PM,0.67,1.67,226.0,3.016,59.040,1069.350,-4.199
29156,05/19/26 11:10:53 PM,0.33,1.34,224.6,3.011,59.089,1069.350,-4.193
29157,05/19/26 11:20:53 PM,1.34,2.00,231.6,2.995,58.337,1069.350,-4.378
29158,05/19/26 11:30:53 PM,1.34,2.34,252.7,3.268,57.855,1069.350,-4.231
29159,05/19/26 11:40:53 PM,1.34,2.67,245.7,2.931,58.470,1069.350,-4.408
29160,05/19/26 11:50:53 PM,2.34,3.34,235.9,2.360,60.693,1069.350,-4.452
29161,05/20/26 12:00:53 AM,1.34,2.34,252.7,2.668,59.510,1069.350,-4.422
29162,05/20/26 12:10:53 AM,1.67,2.34,249.9,3.161,58.195,1069.350,-4.254
29163,05/20/26 12:20:53 AM,1.67,3.34,258.3,2.928,58.811,1069.350,-4.334
29164,05/20/26 12:30:53 AM,3.01,5.01,315.9,5.306,53.191,1069.350,-3.445
29165,05/20/26 12:40:53 AM,2.00,3.34,299.0,4.437,55.158,1069.350,-3.770
29166,05/20/26 12:50:53 AM,1.67,3.01,303.2,3.673,57.691,1069.350,-3.888
29167,05/20/26 01:00:53 AM,2.00,3.34,322.9,4.641,55.344,1069.350,-3.535
29168,05/20/26 01:10:53 AM,2.34,3.67,325.7,4.402,56.378,1069.350,-3.511
29169,05/20/26 01:20:53 AM,1.67,2.67,265.3,3.638,58.126,1069.350,-3.821
29170,05/20/26 01:30:53 AM,1.34,2.00,272.4,2.885,60.241,1069.350,-4.055
29171,05/20/26 01:40:53 AM,1.67,2.67,314.5,3.057,60.447,1069.350,-3.847
29172,05/20/26 01:50:53 AM,2.00,2.67,223.2,1.992,62.795,1069.350,-4.349
29173,05/20/26 02:00:53 AM,1.34,3.67,228.8,1.917,63.325,1069.350,-4.309
29174,05/20/26 02:10:53 AM,1.34,3.34,273.8,2.225,62.939,1069.350,-4.098
29175,05/20/26 02:20:53 AM,1.34,2.34,248.5,2.435,62.165,1069.350,-4.063
29176,05/20/26 02:30:53 AM,1.34,2.67,256.9,2.078,63.763,1069.350,-4.065
29177,05/20/26 02:40:53 AM,3.01,4.68,315.9,4.748,56.867,1069.350,-3.071
29178,05/20/26 02:50:53 AM,2.00,3.67,304.7,5.212,55.041,1069.350,-3.075
29179,05/20/26 03:00:53 AM,2.00,3.34,300.4,4.780,56.304,1069.350,-3.175
29180,05/20/26 03:10:53 AM,2.00,3.34,282.2,3.858,58.270,1069.350,-3.581
29181,05/20/26 03:20:53 AM,1.67,2.67,255.5,1.617,64.987,1069.350,-4.251
29182,05/20/26 03:30:53 AM,2.67,4.01,304.7,3.070,61.746,1069.350,-3.551
29183,05/20/26 03:40:53 AM,2.67,4.34,308.9,3.612,60.104,1069.350,-3.399
29184,05/20/26 03:50:53 AM,3.01,4.01,324.3,3.971,59.234,1069.350,-3.255
29185,05/20/26 04:00:53 AM,3.01,4.01,321.5,3.558,60.310,1069.350,-3.404
29186,05/20/26 04:10:53 AM,2.67,4.01,320.1,3.008,62.058,1069.350,-3.543
29187,05/20/26 04:20:53 AM,1.67,2.67,275.2,2.067,64.834,1069.350,-3.853
29188,05/20/26 04:30:53 AM,1.67,3.01,279.4,2.402,64.483,1069.350,-3.607
29189,05/20/26 04:40:53 AM,2.67,3.67,315.9,2.904,63.233,1069.350,-3.391
29190,05/20/26 04:50:53 AM,1.67,3.01,278.0,2.791,63.348,1069.350,-3.474
29191,05/20/26 05:00:53 AM,1.67,2.67,248.5,2.657,63.743,1069.350,-3.518
29192,05/20/26 05:10:53 AM,1.67,2.67,238.7,2.169,64.611,1069.350,-3.802
29193,05/20/26 05:20:53 AM,2.00,3.01,245.7,2.078,65.794,1069.350,-3.647
29194,05/20/26 05:30:53 AM,1.67,2.67,237.3,2.290,64.892,1069.350,-3.629
29195,05/20/26 05:40:53 AM,1.67,2.67,256.9,2.451,64.706,1069.350,-3.514
29196,05/20/26 05:50:53 AM,1.67,2.67,249.9,2.488,64.591,1069.350,-3.502
29197,05/20/26 06:00:53 AM,1.67,2.67,240.1,1.960,66.159,1069.350,-3.686
29198,05/20/26 06:10:53 AM,0.67,1.67,249.9,1.735,67.007,1069.350,-3.731
29199,05/20/26 06:20:53 AM,0.67,1.67,292.0,1.982,66.806,1069.350,-3.535
29200,05/20/26 06:30:53 AM,1.00,1.67,251.3,3.102,63.984,1069.350,-3.044
29201,05/20/26 06:40:53 AM,1.34,2.34,235.9,4.437,60.871,1069.350,-2.449
29202,05/20/26 06:50:53 AM,1.00,3.01,272.4,5.577,58.521,1069.350,-1.906
29203,05/20/26 07:00:53 AM,1.34,2.00,247.1,6.585,55.911,1069.350,-1.579
29204,05/20/26 07:10:53 AM,1.67,3.34,238.7,7.311,53.782,1069.350,-1.429
29205,05/20/26 07:20:53 AM,2.00,3.67,207.8,7.687,52.480,1069.350,-1.412
29206,05/20/26 07:30:53 AM,1.67,3.67,219.0,8.209,51.077,1069.350,-1.297
29207,05/20/26 07:40:53 AM,1.67,3.01,220.4,9.381,49.506,1069.350,-0.641
29208,05/20/26 07:50:53 AM,2.34,3.67,238.7,10.161,48.368,1069.350,-0.242
29209,05/20/26 08:00:53 AM,2.00,3.01,247.1,10.949,47.659,1069.350,0.278
29210,05/20/26 08:10:53 AM,2.00,3.34,289.2,11.491,46.975,1069.350,0.575
29211,05/20/26 08:20:53 AM,2.67,3.67,303.2,11.483,46.436,1069.350,0.409
29212,05/20/26 08:30:53 AM,2.34,3.34,303.2,12.038,46.416,1069.350,0.910
29213,05/20/26 08:40:53 AM,2.34,3.34,290.6,12.663,45.246,1069.350,1.126
29214,05/20/26 08:50:53 AM,2.34,3.67,283.6,13.148,43.780,1069.350,1.110
29215,05/20/26 09:00:53 AM,2.00,3.34,279.4,13.571,44.317,1069.350,1.664
29216,05/20/26 09:10:53 AM,2.00,3.34,293.4,13.786,43.275,1069.350,1.527
29217,05/20/26 09:20:53 AM,3.01,5.01,311.7,13.681,42.686,1069.350,1.241
29218,05/20/26 09:30:53 AM,3.01,4.68,299.0,13.695,43.256,1069.350,1.438
29219,05/20/26 09:40:53 AM,2.34,4.34,301.8,14.067,42.472,1069.350,1.520
29220,05/20/26 09:50:53 AM,2.67,5.01,318.7,13.885,42.350,1069.350,1.316
29221,05/20/26 10:00:53 AM,3.34,6.35,317.3,14.025,42.300,1069.350,1.426
29222,05/20/26 10:10:53 AM,3.01,6.35,318.7,14.199,42.417,1069.350,1.621
29223,05/20/26 10:20:53 AM,3.01,6.01,320.1,14.097,42.036,1069.350,1.403
29224,05/20/26 10:30:53 AM,3.67,6.68,329.9,14.630,41.816,1069.350,1.811
29225,05/20/26 10:40:53 AM,3.34,7.01,317.3,14.630,41.912,1069.350,1.843
29226,05/20/26 10:50:53 AM,3.01,6.01,294.8,14.432,41.662,1069.350,1.581
29227,05/20/26 11:00:53 AM,3.34,6.35,299.0,15.062,41.689,1069.350,2.158
29228,05/20/26 11:10:53 AM,4.68,7.01,315.9,14.880,40.578,1069.350,1.617
29229,05/20/26 11:20:53 AM,2.67,6.01,306.1,15.462,40.577,1069.350,2.140
29230,05/20/26 11:30:53 AM,3.01,5.34,315.9,15.279,40.339,1069.350,1.893
29231,05/20/26 11:40:53 AM,3.01,5.68,282.2,15.665,39.583,1069.350,1.975
29232,05/20/26 11:50:53 AM,4.34,7.68,279.4,14.789,40.002,1069.350,1.336
29233,05/20/26 12:00:53 PM,3.34,7.01,287.8,15.582,38.491,1069.350,1.510
29234,05/20/26 12:10:53 PM,3.34,6.35,285.0,16.094,39.097,1069.350,2.186
29235,05/20/26 12:20:53 PM,3.67,6.01,269.6,15.236,39.580,1069.350,1.589
29236,05/20/26 12:30:53 PM,2.67,6.01,255.5,16.614,37.153,1069.350,1.935
29237,05/20/26 12:40:53 PM,4.01,7.35,248.5,16.716,36.538,1069.350,1.793
29238,05/20/26 12:50:53 PM,3.34,6.01,259.7,17.478,37.081,1069.350,2.676
29239,05/20/26 01:00:53 PM,4.34,6.35,268.1,15.840,38.415,1069.350,1.713
29240,05/20/26 01:10:53 PM,3.34,6.68,241.5,16.759,36.533,1069.350,1.829
29241,05/20/26 01:20:53 PM,4.34,8.35,278.0,17.100,35.859,1069.350,1.871
29242,05/20/26 01:30:53 PM,3.34,6.35,242.9,16.952,35.840,1069.350,1.732
29243,05/20/26 01:40:53 PM,4.34,8.35,280.8,17.504,35.595,1069.350,2.125
29244,05/20/26 01:50:53 PM,4.34,8.68,252.7,17.319,34.540,1069.350,1.541
29245,05/20/26 02:00:53 PM,4.68,8.02,275.2,17.290,34.070,1069.350,1.325
29246,05/20/26 02:10:53 PM,4.34,7.01,273.8,17.137,35.543,1069.350,1.780
29247,05/20/26 02:20:53 PM,4.68,7.68,290.6,17.218,34.493,1069.350,1.433
29248,05/20/26 02:30:53 PM,3.34,6.01,280.8,17.480,35.825,1069.350,2.194
29249,05/20/26 02:40:53 PM,4.34,6.68,262.5,17.499,35.096,1069.350,1.923
29250,05/20/26 02:50:53 PM,4.34,8.02,279.4,17.697,33.739,1069.350,1.546
29251,05/20/26 03:00:53 PM,4.01,7.01,283.6,17.338,34.435,1069.350,1.515
29252,05/20/26 03:10:53 PM,3.67,7.68,271.0,17.783,34.755,1069.350,2.037
29253,05/20/26 03:20:53 PM,4.68,7.35,268.1,17.290,35.979,1069.350,2.086
29254,05/20/26 03:30:53 PM,4.34,7.35,273.8,17.939,34.760,1069.350,2.176
29255,05/20/26 03:40:53 PM,4.34,7.01,286.4,17.419,34.382,1069.350,1.565
29256,05/20/26 03:50:53 PM,3.67,6.35,272.4,17.306,36.094,1069.350,2.145
29257,05/20/26 04:00:53 PM,5.34,8.02,278.0,17.435,34.797,1069.350,1.747
29258,05/20/26 04:10:53 PM,5.01,8.02,276.6,16.866,36.014,1069.350,1.724
29259,05/20/26 04:20:53 PM,4.68,7.01,261.1,17.134,36.257,1069.350,2.055
29260,05/20/26 04:30:53 PM,5.01,7.01,278.0,17.671,34.391,1069.350,1.791
29261,05/20/26 04:40:53 PM,5.01,7.68,266.7,16.931,35.903,1069.350,1.738
29262,05/20/26 04:50:53 PM,5.68,9.35,283.6,17.740,34.868,1069.350,2.044
29263,05/20/26 05:00:53 PM,4.01,7.35,304.7,17.172,36.046,1069.350,2.007
29264,05/20/26 05:10:53 PM,4.68,10.02,293.4,17.480,35.618,1069.350,2.113
29265,05/20/26 05:20:53 PM,4.34,8.02,303.2,17.673,35.142,1069.350,2.095
29266,05/20/26 05:30:53 PM,4.68,8.02,279.4,17.534,32.630,1069.350,0.939
29267,05/20/26 05:40:53 PM,4.68,7.68,272.4,17.604,33.153,1069.350,1.221
29268,05/20/26 05:50:53 PM,6.01,9.35,289.2,17.915,33.347,1069.350,1.575
29269,05/20/26 06:00:53 PM,4.68,7.01,294.8,17.952,34.800,1069.350,2.204
29270,05/20/26 06:10:53 PM,4.34,7.01,275.2,18.199,33.736,1069.350,1.986
29271,05/20/26 06:20:53 PM,4.68,8.02,268.1,18.038,33.974,1069.350,1.943
29272,05/20/26 06:30:53 PM,5.34,7.68,266.7,17.920,34.621,1069.350,2.103
29273,05/20/26 06:40:53 PM,5.01,7.01,266.7,17.716,35.048,1069.350,2.095
29274,05/20/26 06:50:53 PM,5.01,8.68,280.8,17.630,32.781,1069.350,1.087
29275,05/20/26 07:00:53 PM,5.34,8.35,268.1,17.574,31.498,1069.350,0.485
29276,05/20/26 07:10:53 PM,5.68,8.02,275.2,17.129,31.264,1069.350,-0.006
29277,05/20/26 07:20:53 PM,4.68,8.02,278.0,17.129,31.914,1069.350,0.278
29278,05/20/26 07:30:53 PM,4.68,6.35,273.8,16.933,33.848,1069.350,0.920
29279,05/20/26 07:40:53 PM,4.34,7.35,275.2,16.746,34.199,1069.350,0.898
29280,05/20/26 07:50:53 PM,4.01,6.01,272.4,16.555,34.624,1069.350,0.901
29281,05/20/26 08:00:53 PM,3.67,5.68,276.6,16.191,36.272,1069.350,1.225
29282,05/20/26 08:10:53 PM,3.67,6.01,272.4,15.521,37.818,1069.350,1.210
29283,05/20/26 08:20:53 PM,2.67,4.34,272.4,14.539,40.975,1069.350,1.446
29284,05/20/26 08:30:53 PM,2.00,2.67,275.2,13.038,44.652,1069.350,1.284
29285,05/20/26 08:40:53 PM,2.00,2.67,282.2,11.882,47.298,1069.350,1.029
29286,05/20/26 08:50:53 PM,2.00,2.34,276.6,11.100,48.951,1069.350,0.787
29287,05/20/26 09:00:53 PM,2.34,3.34,293.4,10.705,49.934,1069.350,0.698
29288,05/20/26 09:10:53 PM,2.67,3.67,296.2,10.861,49.245,1069.350,0.650
29289,05/20/26 09:20:53 PM,2.67,3.34,293.4,10.579,49.908,1069.350,0.575
29290,05/20/26 09:30:53 PM,2.67,3.67,283.6,10.604,49.535,1069.350,0.494
29291,05/20/26 09:40:53 PM,2.67,3.67,280.8,10.520,48.896,1069.350,0.238
29292,05/20/26 09:50:53 PM,3.01,3.67,278.0,10.346,48.707,1069.350,0.024
29293,05/20/26 10:00:53 PM,2.67,3.34,289.2,9.915,50.120,1069.350,0.021
29294,05/20/26 10:10:53 PM,3.34,4.68,306.1,8.845,53.162,1069.350,-0.160
29295,05/20/26 10:20:53 PM,3.34,5.01,306.1,9.073,53.048,1069.350,0.022
29296,05/20/26 10:30:53 PM,3.01,4.01,314.5,8.864,53.928,1069.350,0.055
29297,05/20/26 10:40:53 PM,3.01,4.34,310.3,8.786,54.784,1069.350,0.199
29298,05/20/26 10:50:53 PM,3.01,4.34,303.2,8.960,55.180,1069.350,0.461
29299,05/20/26 11:00:53 PM,3.34,4.34,308.9,9.218,55.073,1069.350,0.675
29300,05/20/26 11:10:53 PM,3.34,4.34,308.9,9.606,54.372,1069.350,0.859
29301,05/20/26 11:20:53 PM,3.67,4.68,306.1,9.432,55.035,1069.350,0.865
29302,05/20/26 11:30:53 PM,3.67,4.68,304.7,9.330,55.618,1069.350,0.916
29303,05/20/26 11:40:53 PM,3.01,3.67,296.2,9.209,56.030,1069.350,0.905
29304,05/20/26 11:50:53 PM,3.01,4.01,303.2,9.373,55.177,1069.350,0.845
29305,05/21/26 12:00:53 AM,3.01,4.01,317.3,8.660,56.750,1069.350,0.568
29306,05/21/26 12:10:53 AM,3.01,3.67,311.7,7.936,58.628,1069.350,0.338
29307,05/21/26 12:20:53 AM,2.34,3.34,308.9,7.384,60.174,1069.350,0.177
29308,05/21/26 12:30:53 AM,2.67,3.34,318.7,7.054,61.094,1069.350,0.075
29309,05/21/26 12:40:53 AM,2.67,3.34,321.5,7.081,60.616,1069.350,-0.008
29310,05/21/26 12:50:53 AM,2.34,3.01,317.3,6.558,61.840,1069.350,-0.228
29311,05/21/26 01:00:53 AM,2.34,3.34,310.3,6.408,62.635,1069.350,-0.194
29312,05/21/26 01:10:53 AM,2.34,3.34,332.7,6.322,62.884,1069.350,-0.221
29313,05/21/26 01:20:53 AM,2.34,3.01,317.3,6.100,63.813,1069.350,-0.231
29314,05/21/26 01:30:53 AM,2.67,4.01,313.1,6.287,63.426,1069.350,-0.137
29315,05/21/26 01:40:53 AM,3.01,4.01,315.9,6.255,63.537,1069.350,-0.143
29316,05/21/26 01:50:53 AM,3.34,4.01,318.7,6.424,63.046,1069.350,-0.089
29317,05/21/26 02:00:53 AM,3.01,4.01,325.7,6.925,61.712,1069.350,0.091
29318,05/21/26 02:10:53 AM,3.34,4.01,318.7,6.923,61.534,1069.350,0.049
29319,05/21/26 02:20:53 AM,3.01,4.34,311.7,6.839,61.653,1069.350,-0.003
29320,05/21/26 02:30:53 AM,2.34,3.67,301.8,6.638,61.759,1069.350,-0.170
29321,05/21/26 02:40:53 AM,2.00,2.67,279.4,5.453,65.055,1069.350,-0.582
29322,05/21/26 02:50:53 AM,1.67,2.67,272.4,4.802,66.595,1069.350,-0.883
29323,05/21/26 03:00:53 AM,1.67,2.00,276.6,3.992,69.523,1069.350,-1.071
29324,05/21/26 03:10:53 AM,2.00,3.01,255.5,2.901,72.023,1069.350,-1.640
29325,05/21/26 03:20:53 AM,2.00,2.34,271.0,2.654,73.851,1069.350,-1.538
29326,05/21/26 03:30:53 AM,2.00,2.67,268.1,2.657,73.846,1069.350,-1.536
29327,05/21/26 03:40:53 AM,2.00,3.01,259.7,2.743,73.709,1069.350,-1.478
29328,05/21/26 03:50:53 AM,2.34,3.01,262.5,2.856,73.500,1069.350,-1.408
29329,05/21/26 04:00:53 AM,2.34,3.34,282.2,2.973,74.626,1069.350,-1.087
29330,05/21/26 04:10:53 AM,2.67,4.01,282.2,5.547,68.153,1069.350,0.147
29331,05/21/26 04:20:53 AM,2.34,3.67,283.6,5.767,66.851,1069.350,0.092
29332,05/21/26 04:30:53 AM,2.00,3.34,301.8,5.421,68.487,1069.350,0.094
29333,05/21/26 04:40:53 AM,1.00,1.67,328.5,4.226,71.954,1069.350,-0.376
29334,05/21/26 04:50:53 AM,0.00,1.00,327.1,2.939,75.390,1069.350,-0.981
29335,05/21/26 05:00:53 AM,0.00,1.00,278.0,2.633,76.692,1069.350,-1.044
29336,05/21/26 05:10:53 AM,0.67,1.67,271.0,1.963,77.824,1069.350,-1.496
29337,05/21/26 05:20:53 AM,1.00,1.67,311.7,1.971,78.608,1069.350,-1.352
29338,05/21/26 05:30:53 AM,1.00,1.67,2.8,2.786,76.002,1069.350,-1.019
29339,05/21/26 05:40:53 AM,2.00,3.01,338.3,2.957,75.602,1069.350,-0.925
29340,05/21/26 05:50:53 AM,2.34,3.34,318.7,2.882,75.540,1069.350,-1.009
29341,05/21/26 06:00:53 AM,2.67,3.34,311.7,2.437,75.856,1069.350,-1.384
29342,05/21/26 06:10:53 AM,3.34,4.68,327.1,4.314,67.951,1069.350,-1.074
29343,05/21/26 06:20:53 AM,3.34,5.34,317.3,4.652,64.918,1069.350,-1.373
29344,05/21/26 06:30:53 AM,4.01,5.34,327.1,6.059,60.487,1069.350,-1.002
29345,05/21/26 06:40:53 AM,4.34,5.34,328.5,5.971,60.784,1069.350,-1.019
29346,05/21/26 06:50:53 AM,3.34,4.68,318.7,6.341,60.160,1069.350,-0.810
29347,05/21/26 07:00:53 AM,3.34,5.01,325.7,6.475,60.302,1069.350,-0.652
29348,05/21/26 07:10:53 AM,1.00,3.01,130.6,5.821,63.618,1069.350,-0.538
29349,05/21/26 07:20:53 AM,0.33,1.67,146.0,7.287,59.866,1069.350,0.015
29350,05/21/26 07:30:53 AM,1.00,2.34,113.7,7.518,60.700,1069.350,0.424
29351,05/21/26 07:40:53 AM,1.34,2.00,210.6,8.054,59.025,1069.350,0.542
29352,05/21/26 07:50:53 AM,1.34,2.67,219.0,8.920,56.744,1069.350,0.810
29353,05/21/26 08:00:53 AM,1.34,2.00,227.4,9.301,55.720,1069.350,0.914
29354,05/21/26 08:10:53 AM,1.34,2.34,205.0,9.861,54.278,1069.350,1.073
29355,05/21/26 08:20:53 AM,1.00,2.00,238.7,10.716,52.110,1069.350,1.301
29356,05/21/26 08:30:53 AM,1.00,2.67,241.5,10.995,49.653,1069.350,0.888
29357,05/21/26 08:40:53 AM,0.67,2.00,303.2,11.389,47.135,1069.350,0.529
29358,05/21/26 08:50:53 AM,0.67,2.34,198.0,12.000,47.318,1069.350,1.143
29359,05/21/26 09:00:53 AM,1.34,3.34,205.0,12.016,44.863,1069.350,0.419
29360,05/21/26 09:10:53 AM,4.01,5.68,332.7,11.933,42.356,1069.350,-0.448
29361,05/21/26 09:20:53 AM,3.34,5.34,315.9,12.097,41.837,1069.350,-0.468
29362,05/21/26 09:30:53 AM,1.67,5.01,331.3,12.400,41.907,1069.350,-0.172
29363,05/21/26 09:40:53 AM,2.34,6.68,313.1,12.271,42.295,1069.350,-0.162
29364,05/21/26 09:50:53 AM,2.67,5.34,293.4,12.671,42.628,1069.350,0.308
29365,05/21/26 10:00:53 AM,2.34,6.01,308.9,12.990,40.221,1069.350,-0.204
29366,05/21/26 10:10:53 AM,3.01,6.01,300.4,12.960,39.545,1069.350,-0.464
29367,05/21/26 10:20:53 AM,3.01,11.69,276.6,13.145,39.496,1069.350,-0.315
29368,05/21/26 10:30:53 AM,3.01,6.01,282.2,13.263,38.140,1069.350,-0.688
29369,05/21/26 10:40:53 AM,2.67,4.68,282.2,13.585,37.525,1069.350,-0.623
29370,05/21/26 10:50:53 AM,2.67,5.34,262.5,13.917,36.460,1069.350,-0.722
29371,05/21/26 11:00:53 AM,3.01,7.35,327.1,14.153,35.210,1069.350,-0.990
29372,05/21/26 11:10:53 AM,3.34,6.01,303.2,14.416,34.441,1069.350,-1.059
29373,05/21/26 11:20:53 AM,2.67,5.68,322.9,14.293,33.410,1069.350,-1.581
29374,05/21/26 11:30:53 AM,3.34,6.35,297.6,14.920,33.265,1069.350,-1.089
29375,05/21/26 11:40:53 AM,2.67,6.01,293.4,14.714,32.308,1069.350,-1.666
29376,05/21/26 11:50:53 AM,3.34,5.68,301.8,14.716,31.937,1069.350,-1.821
29377,05/21/26 12:00:53 PM,2.34,5.01,276.6,15.413,31.240,1069.350,-1.512
29378,05/21/26 12:10:53 PM,4.34,8.02,292.0,15.188,30.936,1069.350,-1.841
29379,05/21/26 12:20:53 PM,3.67,7.01,294.8,15.579,31.154,1069.350,-1.405
29380,05/21/26 12:30:53 PM,3.67,7.01,280.8,16.121,29.517,1069.350,-1.667
29381,05/21/26 12:40:53 PM,4.34,8.68,293.4,16.148,28.542,1069.350,-2.099
29382,05/21/26 12:50:53 PM,3.67,7.68,327.1,15.848,28.301,1069.350,-2.472
29383,05/21/26 01:00:53 PM,3.67,7.01,269.6,16.378,29.360,1069.350,-1.517
29384,05/21/26 01:10:53 PM,5.01,9.68,294.8,16.521,27.411,1069.350,-2.324
29385,05/21/26 01:20:53 PM,5.01,8.02,271.0,16.773,26.891,1069.350,-2.367
29386,05/21/26 01:30:53 PM,4.01,9.02,289.2,17.218,27.903,1069.350,-1.484
29387,05/21/26 01:40:53 PM,5.01,9.02,293.4,16.917,28.627,1069.350,-1.395
29388,05/21/26 01:50:53 PM,4.34,7.35,297.6,17.134,27.967,1069.350,-1.526
29389,05/21/26 02:00:53 PM,4.01,6.35,271.0,17.612,26.961,1069.350,-1.613
29390,05/21/26 02:10:53 PM,4.01,7.01,268.1,17.427,26.786,1069.350,-1.860
29391,05/21/26 02:20:53 PM,3.67,6.68,263.9,17.566,26.624,1069.350,-1.823
29392,05/21/26 02:30:53 PM,4.01,7.01,278.0,17.778,27.616,1069.350,-1.144
29393,05/21/26 02:40:53 PM,3.67,7.68,297.6,18.196,25.698,1069.350,-1.765
29394,05/21/26 02:50:53 PM,5.34,8.02,317.3,18.110,25.336,1069.350,-2.031
29395,05/21/26 03:00:53 PM,4.01,8.35,308.9,18.260,26.036,1069.350,-1.533
29396,05/21/26 03:10:53 PM,3.34,6.01,269.6,18.167,26.453,1069.350,-1.397
29397,05/21/26 03:20:53 PM,2.67,6.35,310.3,18.596,26.389,1069.350,-1.064
29398,05/21/26 03:30:53 PM,3.01,7.01,341.2,18.807,23.935,1069.350,-2.209
29399,05/21/26 03:40:53 PM,3.67,8.35,292.0,18.995,25.119,1069.350,-1.396
29400,05/21/26 03:50:53 PM,5.01,8.68,266.7,18.861,27.633,1069.350,-0.206
29401,05/21/26 04:00:53 PM,4.68,9.68,268.1,19.121,25.359,1069.350,-1.159
29402,05/21/26 04:10:53 PM,4.68,8.68,292.0,18.818,24.207,1069.350,-2.047
29403,05/21/26 04:20:53 PM,4.34,8.02,280.8,19.033,25.791,1069.350,-1.004
29404,05/21/26 04:30:53 PM,4.01,9.35,301.8,19.472,25.129,1069.350,-0.986
29405,05/21/26 04:40:53 PM,4.68,9.02,268.1,19.504,25.103,1069.350,-0.973
29406,05/21/26 04:50:53 PM,5.34,9.68,241.5,19.336,26.822,1069.350,-0.209
29407,05/21/26 05:00:53 PM,5.68,8.35,259.7,19.405,24.877,1069.350,-1.180
29408,05/21/26 05:10:53 PM,5.34,8.35,293.4,19.376,23.929,1069.350,-1.733
29409,05/21/26 05:20:53 PM,5.34,10.35,258.3,19.322,26.659,1069.350,-0.304
29410,05/21/26 05:30:53 PM,5.01,8.02,258.3,19.478,26.613,1069.350,-0.195
29411,05/21/26 05:40:53 PM,5.68,9.35,252.7,19.338,26.261,1069.350,-0.497
29412,05/21/26 05:50:53 PM,5.34,8.35,256.9,19.317,26.650,1069.350,-0.313
29413,05/21/26 06:00:53 PM,5.34,8.02,255.5,19.092,26.616,1069.350,-0.523
29414,05/21/26 06:10:53 PM,5.68,9.02,259.7,19.129,27.066,1069.350,-0.261
29415,05/21/26 06:20:53 PM,4.68,7.01,252.7,19.075,28.386,1069.350,0.348
29416,05/21/26 06:30:53 PM,5.34,8.35,265.3,19.022,27.356,1069.350,-0.206
29417,05/21/26 06:40:53 PM,5.68,7.68,262.5,18.807,27.230,1069.350,-0.454
29418,05/21/26 06:50:53 PM,5.01,8.02,263.9,18.754,28.411,1069.350,0.084
29419,05/21/26 07:00:53 PM,5.68,9.35,265.3,18.523,28.795,1069.350,0.070
29420,05/21/26 07:10:53 PM,5.34,8.68,254.1,18.269,28.798,1069.350,-0.148
29421,05/21/26 07:20:53 PM,5.34,7.68,251.3,18.113,28.801,1069.350,-0.281
29422,05/21/26 07:30:53 PM,4.68,7.35,258.3,17.949,28.824,1069.350,-0.411
29423,05/21/26 07:40:53 PM,4.34,7.01,258.3,17.309,30.614,1069.350,-0.138
29424,05/21/26 07:50:53 PM,4.01,6.01,254.1,15.746,34.403,1069.350,0.099
29425,05/21/26 08:00:53 PM,3.67,5.68,256.9,15.462,35.123,1069.350,0.134
29426,05/21/26 08:10:53 PM,3.34,5.34,263.9,15.094,36.037,1069.350,0.162
29427,05/21/26 08:20:53 PM,3.01,4.01,275.2,14.502,38.499,1069.350,0.548
29428,05/21/26 08:30:53 PM,3.34,4.68,273.8,14.086,39.321,1069.350,0.467
29429,05/21/26 08:40:53 PM,3.34,4.68,278.0,13.520,40.044,1069.350,0.211
29430,05/21/26 08:50:53 PM,3.67,5.01,278.0,13.041,40.119,1069.350,-0.193
29431,05/21/26 09:00:53 PM,3.34,5.34,275.2,12.515,40.714,1069.350,-0.464
29432,05/21/26 09:10:53 PM,4.01,6.01,276.6,12.236,40.691,1069.350,-0.723
29433,05/21/26 09:20:53 PM,4.34,6.35,273.8,11.928,40.705,1069.350,-0.996
29434,05/21/26 09:30:53 PM,4.01,5.34,275.2,11.587,41.067,1069.350,-1.183
29435,05/21/26 09:40:53 PM,4.01,6.01,283.6,11.746,40.606,1069.350,-1.193
29436,05/21/26 09:50:53 PM,3.67,5.34,300.4,11.140,41.895,1069.350,-1.314
29437,05/21/26 10:00:53 PM,4.01,5.68,301.8,10.218,44.077,1069.350,-1.459
29438,05/21/26 10:10:53 PM,2.00,4.01,275.2,9.445,45.978,1069.350,-1.590
29439,05/21/26 10:20:53 PM,3.67,5.01,310.3,9.344,46.316,1069.350,-1.583
29440,05/21/26 10:30:53 PM,3.34,5.01,310.3,9.209,46.392,1069.350,-1.685
29441,05/21/26 10:40:53 PM,1.67,3.67,307.5,8.925,46.830,1069.350,-1.817
29442,05/21/26 10:50:53 PM,2.00,3.67,311.7,8.705,47.337,1069.350,-1.873
29443,05/21/26 11:00:53 PM,2.67,3.34,306.1,8.845,46.732,1069.350,-1.919
29444,05/21/26 11:10:53 PM,2.34,4.01,294.8,8.212,47.854,1069.350,-2.179
29445,05/21/26 11:20:53 PM,2.34,3.34,227.4,5.799,54.354,1069.350,-2.695
29446,05/21/26 11:30:53 PM,2.00,6.35,217.6,5.759,54.803,1069.350,-2.622
29447,05/21/26 11:40:53 PM,2.34,3.67,37.9,6.354,54.179,1069.350,-2.221
29448,05/21/26 11:50:53 PM,1.67,3.01,71.6,7.842,49.664,1069.350,-2.017
29449,05/22/26 12:00:53 AM,2.34,6.01,51.9,8.303,47.938,1069.350,-2.071
29450,05/22/26 12:10:53 AM,5.34,8.35,43.5,9.992,43.239,1069.350,-1.925
29451,05/22/26 12:20:53 AM,4.68,7.01,70.2,9.153,46.661,1069.350,-1.657
29452,05/22/26 12:30:53 AM,4.68,7.01,66.0,8.566,48.106,1069.350,-1.782
29453,05/22/26 12:40:53 AM,4.34,7.01,46.3,8.853,45.118,1069.350,-2.387
29454,05/22/26 12:50:53 AM,4.68,6.68,40.7,8.885,43.149,1069.350,-2.958
29455,05/22/26 01:00:53 AM,3.34,6.01,66.0,8.453,43.513,1069.350,-3.238
29456,05/22/26 01:10:53 AM,1.00,2.00,103.9,5.531,55.129,1069.350,-2.755
29457,05/22/26 01:20:53 AM,1.34,2.34,96.9,5.209,54.508,1069.350,-3.208
29458,05/22/26 01:30:53 AM,1.00,2.34,122.1,5.494,52.251,1069.350,-3.508
29459,05/22/26 01:40:53 AM,1.00,2.00,144.6,5.148,54.826,1069.350,-3.187
29460,05/22/26 01:50:53 AM,1.00,1.67,144.6,4.684,56.605,1069.350,-3.193
29461,05/22/26 02:00:53 AM,0.33,1.00,143.2,4.346,57.180,1069.350,-3.375
29462,05/22/26 02:10:53 AM,0.00,0.00,143.2,4.041,57.588,1069.350,-3.566
29463,05/22/26 02:20:53 AM,0.00,0.00,143.2,4.252,56.330,1069.350,-3.663
29464,05/22/26 02:30:53 AM,0.33,1.00,57.6,3.443,57.913,1069.350,-4.053
29465,05/22/26 02:40:53 AM,0.67,1.00,49.1,2.987,58.686,1069.350,-4.306
29466,05/22/26 02:50:53 AM,1.34,1.67,49.1,3.215,58.036,1069.350,-4.240
29467,05/22/26 03:00:53 AM,0.33,1.00,53.3,2.979,58.202,1069.350,-4.424
29468,05/22/26 03:10:53 AM,0.67,1.34,345.4,1.992,59.875,1069.350,-4.979
29469,05/22/26 03:20:53 AM,0.67,1.34,318.7,1.070,62.438,1069.350,-5.300
29470,05/22/26 03:30:53 AM,0.33,1.00,318.7,2.016,59.699,1069.350,-4.996
29471,05/22/26 03:40:53 AM,0.33,1.00,318.7,2.067,58.863,1069.350,-5.133
29472,05/22/26 03:50:53 AM,0.33,1.00,318.7,1.928,59.936,1069.350,-5.026
29473,05/22/26 04:00:53 AM,0.67,1.00,318.7,2.483,57.961,1069.350,-4.945
29474,05/22/26 04:10:53 AM,1.00,1.34,318.7,1.102,60.803,1069.350,-5.618
29475,05/22/26 04:20:53 AM,1.00,1.34,331.3,0.727,62.768,1069.350,-5.556
29476,05/22/26 04:30:53 AM,1.00,1.34,345.4,1.051,61.743,1069.350,-5.465
29477,05/22/26 04:40:53 AM,1.00,1.34,335.5,0.453,63.569,1069.350,-5.650
29478,05/22/26 04:50:53 AM,1.00,1.67,324.3,0.601,63.026,1069.350,-5.622
29479,05/22/26 05:00:53 AM,1.34,1.67,301.8,-0.469,66.311,1069.350,-5.976
29480,05/22/26 05:10:53 AM,0.33,1.00,341.2,1.177,62.240,1069.350,-5.240
29481,05/22/26 05:20:53 AM,0.67,1.34,341.2,1.097,61.642,1069.350,-5.443
29482,05/22/26 05:30:53 AM,1.34,2.00,335.5,-0.013,65.339,1069.350,-5.734
29483,05/22/26 05:40:53 AM,0.67,1.34,334.1,0.941,62.794,1069.350,-5.347
29484,05/22/26 05:50:53 AM,1.00,1.34,334.1,-0.380,66.070,1069.350,-5.938
29485,05/22/26 06:00:53 AM,0.67,1.00,334.1,-0.464,67.138,1069.350,-5.809
29486,05/22/26 06:10:53 AM,0.67,1.67,334.1,0.035,65.997,1069.350,-5.557
29487,05/22/26 06:20:53 AM,1.34,1.67,314.5,-0.273,67.063,1069.350,-5.641
29488,05/22/26 06:30:53 AM,1.34,1.67,311.7,-0.024,66.462,1069.350,-5.521
29489,05/22/26 06:40:53 AM,1.00,1.67,313.1,0.166,65.873,1069.350,-5.456
29490,05/22/26 06:50:53 AM,1.00,1.67,317.3,0.523,64.761,1069.350,-5.339
29491,05/22/26 07:00:53 AM,1.34,2.00,301.8,0.708,64.382,1069.350,-5.240
29492,05/22/26 07:10:53 AM,1.00,1.67,307.5,1.995,61.392,1069.350,-4.646
29493,05/22/26 07:20:53 AM,0.33,1.34,318.7,3.963,58.335,1069.350,-3.468
29494,05/22/26 07:30:53 AM,0.00,0.00,318.7,6.196,52.523,1069.350,-2.786
29495,05/22/26 07:40:53 AM,0.00,0.00,318.7,7.692,46.452,1069.350,-3.056
29496,05/22/26 07:50:53 AM,0.00,0.00,318.7,8.419,45.104,1069.350,-2.787
29497,05/22/26 08:00:53 AM,0.33,1.34,32.3,8.598,45.274,1069.350,-2.573
29498,05/22/26 08:10:53 AM,0.33,1.67,85.6,8.740,45.173,1069.350,-2.473
29499,05/22/26 08:20:53 AM,0.33,1.00,120.7,8.888,45.075,1069.350,-2.367
29500,05/22/26 08:30:53 AM,0.67,2.00,96.9,9.435,44.215,1069.350,-2.129
29501,05/22/26 08:40:53 AM,1.00,2.34,112.3,9.797,44.121,1069.350,-1.829
29502,05/22/26 08:50:53 AM,1.00,2.34,127.8,9.856,44.472,1069.350,-1.668
29503,05/22/26 09:00:53 AM,1.67,3.01,117.9,10.271,44.340,1069.350,-1.330
29504,05/22/26 09:10:53 AM,1.67,2.67,112.3,11.043,44.198,1069.350,-0.672
29505,05/22/26 09:20:53 AM,2.34,4.34,84.2,12.049,42.135,1069.350,-0.414
29506,05/22/26 09:30:53 AM,3.34,5.34,82.8,13.102,40.279,1069.350,-0.084
29507,05/22/26 09:40:53 AM,4.34,7.01,66.0,13.373,38.408,1069.350,-0.494
29508,05/22/26 09:50:53 AM,4.01,6.01,67.4,13.872,36.944,1069.350,-0.582
29509,05/22/26 10:00:53 AM,4.34,7.35,77.2,14.185,36.017,1069.350,-0.651
29510,05/22/26 10:10:53 AM,4.01,6.68,68.8,14.354,36.136,1069.350,-0.456
29511,05/22/26 10:20:53 AM,3.67,6.35,73.0,14.700,36.141,1069.350,-0.147
29512,05/22/26 10:30:53 AM,3.34,6.01,71.6,15.025,35.996,1069.350,0.085
29513,05/22/26 10:40:53 AM,2.67,5.34,61.8,15.258,35.369,1069.350,0.050
29514,05/22/26 10:50:53 AM,2.67,5.68,74.4,16.008,35.093,1069.350,0.605
29515,05/22/26 11:00:53 AM,2.00,6.01,63.2,15.689,34.253,1069.350,-0.011
29516,05/22/26 11:10:53 AM,1.67,3.34,40.7,15.558,34.063,1069.350,-0.203
29517,05/22/26 11:20:53 AM,1.67,4.68,40.7,16.384,34.258,1069.350,0.603
29518,05/22/26 11:30:53 AM,2.34,4.01,47.7,16.480,34.498,1069.350,0.785
29519,05/22/26 11:40:53 AM,1.34,3.67,73.0,16.963,33.538,1069.350,0.818
29520,05/22/26 11:50:53 AM,2.00,4.68,161.5,16.770,33.156,1069.350,0.491
29521,05/22/26 12:00:53 PM,2.00,3.34,130.6,16.837,33.690,1069.350,0.770
29522,05/22/26 12:10:53 PM,2.00,4.68,116.5,17.309,32.451,1069.350,0.666
29523,05/22/26 12:20:53 PM,1.00,3.01,154.4,17.606,31.189,1069.350,0.376
29524,05/22/26 12:30:53 PM,1.34,3.01,148.8,17.848,32.505,1069.350,1.160
29525,05/22/26 12:40:53 PM,1.67,4.01,147.4,17.496,31.298,1069.350,0.329
29526,05/22/26 12:50:53 PM,1.34,3.67,168.5,18.287,31.400,1069.350,1.063
29527,05/22/26 01:00:53 PM,1.34,3.34,119.3,18.344,31.600,1069.350,1.201
29528,05/22/26 01:10:53 PM,1.67,3.01,213.4,18.679,29.758,1069.350,0.659
29529,05/22/26 01:20:53 PM,2.00,4.01,310.3,18.845,29.049,1069.350,0.469
29530,05/22/26 01:30:53 PM,1.67,3.67,311.7,19.408,29.247,1069.350,1.049
29531,05/22/26 01:40:53 PM,2.67,5.34,252.7,19.073,29.656,1069.350,0.952
29532,05/22/26 01:50:53 PM,2.00,4.01,193.7,18.566,29.120,1069.350,0.262
29533,05/22/26 02:00:53 PM,2.34,4.01,231.6,19.011,29.256,1069.350,0.710
29534,05/22/26 02:10:53 PM,1.00,3.34,287.8,19.478,28.956,1069.350,0.970
29535,05/22/26 02:20:53 PM,3.34,6.68,271.0,19.789,30.349,1069.350,1.894
29536,05/22/26 02:30:53 PM,3.34,7.01,280.8,19.148,29.717,1069.350,1.045
29537,05/22/26 02:40:53 PM,2.00,4.68,289.2,19.510,29.200,1069.350,1.115
29538,05/22/26 02:50:53 PM,3.34,6.35,327.1,19.545,29.134,1069.350,1.113
29539,05/22/26 03:00:53 PM,4.01,7.35,306.1,19.494,30.762,1069.350,1.827
29540,05/22/26 03:10:53 PM,3.01,6.68,240.1,20.078,30.417,1069.350,2.176
29541,05/22/26 03:20:53 PM,3.01,7.01,205.0,20.094,29.895,1069.350,1.947
29542,05/22/26 03:30:53 PM,4.01,6.68,217.6,20.148,30.391,1069.350,2.225
29543,05/22/26 03:40:53 PM,3.01,6.68,282.2,20.633,28.930,1069.350,1.954
29544,05/22/26 03:50:53 PM,3.34,7.01,283.6,20.403,29.709,1069.350,2.127
29545,05/22/26 04:00:53 PM,4.01,8.35,261.1,20.748,29.358,1069.350,2.259
29546,05/22/26 04:10:53 PM,3.34,7.01,255.5,20.378,29.726,1069.350,2.114
29547,05/22/26 04:20:53 PM,4.34,7.01,268.1,20.708,29.285,1069.350,2.189
29548,05/22/26 04:30:53 PM,2.67,5.68,283.6,20.169,28.795,1069.350,1.489
29549,05/22/26 04:40:53 PM,3.01,6.35,292.0,20.534,28.492,1069.350,1.655
29550,05/22/26 04:50:53 PM,3.67,8.02,261.1,20.558,28.003,1069.350,1.435
29551,05/22/26 05:00:53 PM,3.01,6.01,286.4,20.657,27.735,1069.350,1.386
29552,05/22/26 05:10:53 PM,3.01,7.01,301.8,20.405,28.005,1069.350,1.304
29553,05/22/26 05:20:53 PM,3.34,5.68,286.4,20.706,27.367,1069.350,1.242
29554,05/22/26 05:30:53 PM,3.67,6.35,251.3,20.547,27.024,1069.350,0.930
29555,05/22/26 05:40:53 PM,3.01,6.68,234.5,20.427,26.589,1069.350,0.603
29556,05/22/26 05:50:53 PM,3.34,5.68,287.8,20.577,26.600,1069.350,0.737
29557,05/22/26 06:00:53 PM,3.01,4.68,303.2,20.593,26.136,1069.350,0.507
29558,05/22/26 06:10:53 PM,2.67,5.01,262.5,20.630,25.539,1069.350,0.219
29559,05/22/26 06:20:53 PM,2.00,4.34,275.2,20.858,25.742,1069.350,0.523
29560,05/22/26 06:30:53 PM,3.01,5.68,273.8,20.770,27.288,1069.350,1.256
29561,05/22/26 06:40:53 PM,4.34,6.68,296.2,20.073,27.395,1069.350,0.714
29562,05/22/26 06:50:53 PM,3.67,6.35,294.8,20.019,27.448,1069.350,0.694
29563,05/22/26 07:00:53 PM,4.01,6.01,262.5,20.019,27.391,1069.350,0.665
29564,05/22/26 07:10:53 PM,3.67,6.68,271.0,19.781,27.294,1069.350,0.413
29565,05/22/26 07:20:53 PM,3.34,5.01,275.2,19.719,27.430,1069.350,0.428
29566,05/22/26 07:30:53 PM,3.67,6.01,280.8,19.362,27.318,1069.350,0.066
29567,05/22/26 07:40:53 PM,3.67,5.68,262.5,19.097,26.937,1069.350,-0.354
29568,05/22/26 07:50:53 PM,3.01,5.01,271.0,18.874,27.561,1069.350,-0.231
29569,05/22/26 08:00:53 PM,2.67,4.01,278.0,18.451,28.698,1069.350,-0.039
29570,05/22/26 08:10:53 PM,2.34,3.67,283.6,17.638,30.047,1069.350,-0.110
29571,05/22/26 08:20:53 PM,2.34,3.34,289.2,16.762,31.437,1069.350,-0.250
29572,05/22/26 08:30:53 PM,2.34,3.34,289.2,15.684,32.810,1069.350,-0.606
29573,05/22/26 08:40:53 PM,2.34,3.34,286.4,14.722,33.498,1069.350,-1.168
29574,05/22/26 08:50:53 PM,1.34,2.00,297.6,13.196,36.455,1069.350,-1.365
29575,05/22/26 09:00:53 PM,2.67,4.34,325.7,12.518,38.157,1069.350,-1.348
29576,05/22/26 09:10:53 PM,3.34,4.34,327.1,12.939,36.301,1069.350,-1.650
29577,05/22/26 09:20:53 PM,3.01,4.01,315.9,12.443,36.622,1069.350,-1.972
29578,05/22/26 09:30:53 PM,2.00,2.67,251.3,10.218,41.767,1069.350,-2.189
29579,05/22/26 09:40:53 PM,2.67,3.67,238.7,8.839,45.060,1069.350,-2.417
29580,05/22/26 09:50:53 PM,1.67,2.67,273.8,8.322,46.395,1069.350,-2.495
29581,05/22/26 10:00:53 PM,2.00,3.01,266.7,9.488,42.786,1069.350,-2.524
29582,05/22/26 10:10:53 PM,1.67,3.01,233.1,7.429,47.706,1069.350,-2.940
29583,05/22/26 10:20:53 PM,1.00,2.34,262.5,7.866,46.700,1069.350,-2.825
29584,05/22/26 10:30:53 PM,1.00,2.00,265.3,8.625,44.834,1069.350,-2.680
29585,05/22/26 10:40:53 PM,1.67,3.01,271.0,8.515,44.880,1069.350,-2.766
29586,05/22/26 10:50:53 PM,1.67,2.34,227.4,7.108,48.203,1069.350,-3.096
29587,05/22/26 11:00:53 PM,1.00,1.67,237.3,6.510,50.137,1069.350,-3.119
29588,05/22/26 11:10:53 PM,1.34,2.00,324.3,6.486,50.018,1069.350,-3.174
29589,05/22/26 11:20:53 PM,1.00,2.00,299.0,6.885,48.750,1069.350,-3.150
29590,05/22/26 11:30:53 PM,1.34,2.34,310.3,7.518,46.752,1069.350,-3.129
29591,05/22/26 11:40:53 PM,1.34,3.34,249.9,7.287,47.639,1069.350,-3.089
29592,05/22/26 11:50:53 PM,1.00,2.67,273.8,7.727,47.456,1069.350,-2.736
29593,05/23/26 12:00:53 AM,2.67,4.34,320.1,7.920,48.048,1069.350,-2.392
29594,05/23/26 12:10:53 AM,3.01,4.01,324.3,8.137,48.022,1069.350,-2.200
29595,05/23/26 12:20:53 AM,1.34,3.01,301.8,6.944,51.467,1069.350,-2.366
29596,05/23/26 12:30:53 AM,0.67,1.34,198.0,6.185,53.429,1069.350,-2.566
29597,05/23/26 12:40:53 AM,0.67,2.34,155.8,6.180,53.684,1069.350,-2.507
29598,05/23/26 12:50:53 AM,0.33,1.34,181.1,5.912,54.202,1069.350,-2.627
29599,05/23/26 01:00:53 AM,1.34,2.00,273.8,6.762,51.279,1069.350,-2.584
29600,05/23/26 01:10:53 AM,2.00,3.01,262.5,5.510,53.692,1069.350,-3.129
29601,05/23/26 01:20:53 AM,2.00,2.67,283.6,4.282,58.009,1069.350,-3.242
29602,05/23/26 01:30:53 AM,2.34,4.01,299.0,5.992,53.857,1069.350,-2.639
29603,05/23/26 01:40:53 AM,1.67,2.34,272.4,5.437,54.984,1069.350,-2.878
29604,05/23/26 01:50:53 AM,1.67,3.67,278.0,6.193,53.574,1069.350,-2.523
29605,05/23/26 02:00:53 AM,2.00,4.01,261.1,5.960,54.018,1069.350,-2.628
29606,05/23/26 02:10:53 AM,2.00,3.01,269.6,6.419,52.990,1069.350,-2.460
29607,05/23/26 02:20:53 AM,1.67,3.01,279.4,6.204,53.684,1069.350,-2.485
29608,05/23/26 02:30:53 AM,2.00,3.34,286.4,4.984,57.613,1069.350,-2.675
29609,05/23/26 02:40:53 AM,2.00,4.01,283.6,6.121,54.777,1069.350,-2.290
29610,05/23/26 02:50:53 AM,2.34,4.34,290.6,6.850,53.201,1069.350,-2.005
29611,05/23/26 03:00:53 AM,2.00,3.34,262.5,5.405,56.490,1069.350,-2.545
29612,05/23/26 03:10:53 AM,1.67,2.34,289.2,4.469,59.670,1069.350,-2.687
29613,05/23/26 03:20:53 AM,2.00,3.01,271.0,5.199,58.468,1069.350,-2.274
29614,05/23/26 03:30:53 AM,2.00,3.34,266.7,5.791,56.794,1069.350,-2.110
29615,05/23/26 03:40:53 AM,2.67,4.01,251.3,5.118,57.881,1069.350,-2.486
29616,05/23/26 03:50:53 AM,2.67,4.01,262.5,4.043,60.905,1069.350,-2.814
29617,05/23/26 04:00:53 AM,1.67,2.67,272.4,2.971,65.135,1069.350,-2.930
29618,05/23/26 04:10:53 AM,2.34,3.34,259.7,4.319,62.414,1069.350,-2.223
29619,05/23/26 04:20:53 AM,2.00,4.34,292.0,4.445,61.999,1069.350,-2.194
29620,05/23/26 04:30:53 AM,2.00,4.01,282.2,4.276,62.420,1069.350,-2.263
29621,05/23/26 04:40:53 AM,2.00,3.01,292.0,4.191,63.301,1069.350,-2.154
29622,05/23/26 04:50:53 AM,2.34,3.67,283.6,5.352,59.829,1069.350,-1.819
29623,05/23/26 05:00:53 AM,2.34,3.34,278.0,4.306,62.361,1069.350,-2.247
29624,05/23/26 05:10:53 AM,2.67,3.67,292.0,4.534,62.278,1069.350,-2.049
29625,05/23/26 05:20:53 AM,2.67,3.67,286.4,5.153,60.423,1069.350,-1.872
29626,05/23/26 05:30:53 AM,2.67,3.67,282.2,4.920,61.256,1069.350,-1.907
29627,05/23/26 05:40:53 AM,2.67,4.34,278.0,5.848,58.813,1069.350,-1.583
29628,05/23/26 05:50:53 AM,2.34,3.34,280.8,6.032,58.235,1069.350,-1.545
29629,05/23/26 06:00:53 AM,3.01,4.34,292.0,5.821,58.778,1069.350,-1.617
29630,05/23/26 06:10:53 AM,2.00,3.34,290.6,4.898,61.672,1069.350,-1.836
29631,05/23/26 06:20:53 AM,1.34,3.01,306.1,4.898,62.052,1069.350,-1.753
29632,05/23/26 06:30:53 AM,1.34,3.34,292.0,5.510,60.423,1069.350,-1.535
29633,05/23/26 06:40:53 AM,1.34,2.34,258.3,6.049,58.140,1069.350,-1.551
29634,05/23/26 06:50:53 AM,1.67,2.67,272.4,5.574,60.333,1069.350,-1.495
29635,05/23/26 07:00:53 AM,1.34,2.67,282.2,6.421,59.614,1069.350,-0.859
29636,05/23/26 07:10:53 AM,1.67,3.34,289.2,7.145,57.725,1069.350,-0.619
29637,05/23/26 07:20:53 AM,1.34,2.34,282.2,8.113,56.295,1069.350,-0.055
29638,05/23/26 07:30:53 AM,1.34,2.00,285.0,9.110,53.725,1069.350,0.232
29639,05/23/26 07:40:53 AM,1.34,2.67,296.2,9.917,53.027,1069.350,0.801
29640,05/23/26 07:50:53 AM,1.67,3.01,310.3,10.258,53.327,1069.350,1.197
29641,05/23/26 08:00:53 AM,1.67,2.67,315.9,11.365,51.859,1069.350,1.835
29642,05/23/26 08:10:53 AM,1.00,2.34,311.7,12.309,49.911,1069.350,2.171
29643,05/23/26 08:20:53 AM,0.00,1.00,256.9,13.574,46.186,1069.350,2.244
29644,05/23/26 08:30:53 AM,0.33,1.34,212.0,14.437,44.999,1069.350,2.665
29645,05/23/26 08:40:53 AM,0.67,1.67,171.3,14.786,45.689,1069.350,3.198
29646,05/23/26 08:50:53 AM,0.33,1.00,231.6,15.601,44.244,1069.350,3.484
29647,05/23/26 09:00:53 AM,0.67,1.67,143.2,16.250,43.990,1069.350,3.992
29648,05/23/26 09:10:53 AM,1.00,1.67,115.1,16.706,43.128,1069.350,4.123
29649,05/23/26 09:20:53 AM,0.33,1.67,130.6,17.314,41.303,1069.350,4.056
29650,05/23/26 09:30:53 AM,0.67,2.00,139.0,17.947,39.936,1069.350,4.145
29651,05/23/26 09:40:53 AM,1.00,2.00,115.1,18.252,38.473,1069.350,3.887
29652,05/23/26 09:50:53 AM,1.00,2.00,81.4,19.298,36.208,1069.350,3.953
29653,05/23/26 10:00:53 AM,1.34,2.00,147.4,19.333,35.831,1069.350,3.835
29654,05/23/26 10:10:53 AM,1.00,2.34,235.9,19.437,32.451,1069.350,2.526
29655,05/23/26 10:20:53 AM,1.00,2.67,261.1,20.210,32.688,1069.350,3.305
29656,05/23/26 10:30:53 AM,1.00,3.34,310.3,20.285,31.524,1069.350,2.858
29657,05/23/26 10:40:53 AM,1.67,4.34,249.9,20.470,30.991,1069.350,2.779
29658,05/23/26 10:50:53 AM,2.00,4.01,289.2,21.030,30.381,1069.350,2.984
29659,05/23/26 11:00:53 AM,2.00,3.67,249.9,20.923,29.189,1069.350,2.329
29660,05/23/26 11:10:53 AM,2.67,6.01,292.0,20.968,28.736,1069.350,2.148
29661,05/23/26 11:20:53 AM,3.01,5.01,280.8,21.043,29.429,1069.350,2.547
29662,05/23/26 11:30:53 AM,2.34,5.01,263.9,21.223,28.797,1069.350,2.397
29663,05/23/26 11:40:53 AM,2.34,4.68,283.6,21.247,29.102,1069.350,2.566
29664,05/23/26 11:50:53 AM,2.67,5.34,294.8,21.529,28.779,1069.350,2.652
29665,05/23/26 12:00:53 PM,3.01,6.01,292.0,21.944,28.905,1069.350,3.071
29666,05/23/26 12:10:53 PM,3.01,6.35,314.5,21.789,29.491,1069.350,3.221
29667,05/23/26 12:20:53 PM,3.34,6.35,282.2,21.786,28.812,1069.350,2.889
29668,05/23/26 12:30:53 PM,3.67,6.68,299.0,22.070,29.769,1069.350,3.596
29669,05/23/26 12:40:53 PM,3.67,8.02,310.3,21.429,30.932,1069.350,3.585
29670,05/23/26 12:50:53 PM,3.01,6.01,265.3,22.250,29.577,1069.350,3.660
29671,05/23/26 01:00:53 PM,3.34,7.01,272.4,22.333,29.487,1069.350,3.688
29672,05/23/26 01:10:53 PM,3.01,5.68,258.3,23.322,28.753,1069.350,4.182
29673,05/23/26 01:20:53 PM,3.01,6.35,230.2,22.228,29.302,1069.350,3.509
29674,05/23/26 01:30:53 PM,4.34,7.01,272.4,22.856,29.317,1069.350,4.057
29675,05/23/26 01:40:53 PM,4.34,7.35,286.4,22.228,29.007,1069.350,3.365
29676,05/23/26 01:50:53 PM,4.34,8.68,273.8,22.724,28.588,1069.350,3.586
29677,05/23/26 02:00:53 PM,3.01,7.01,275.2,23.172,28.704,1069.350,4.029
29678,05/23/26 02:10:53 PM,5.01,8.35,287.8,23.084,28.109,1069.350,3.655
29679,05/23/26 02:20:53 PM,4.68,7.68,276.6,23.427,28.519,1069.350,4.156
29680,05/23/26 02:30:53 PM,5.01,8.02,262.5,23.440,27.907,1069.350,3.858
29681,05/23/26 02:40:53 PM,4.68,7.68,265.3,23.472,28.222,1069.350,4.045
29682,05/23/26 02:50:53 PM,5.34,8.35,265.3,23.561,28.702,1069.350,4.362
29683,05/23/26 03:00:53 PM,4.34,7.01,269.6,23.880,28.492,1069.350,4.531
29684,05/23/26 03:10:53 PM,4.68,8.35,275.2,23.850,28.061,1069.350,4.288
29685,05/23/26 03:20:53 PM,5.01,8.68,280.8,23.660,28.099,1069.350,4.144
29686,05/23/26 03:30:53 PM,5.01,9.35,259.7,24.027,27.649,1069.350,4.228
29687,05/23/26 03:40:53 PM,4.34,7.35,249.9,24.051,27.471,1069.350,4.157
29688,05/23/26 03:50:53 PM,4.01,6.35,266.7,23.952,28.255,1069.350,4.474
29689,05/23/26 04:00:53 PM,3.67,7.01,297.6,24.180,28.763,1069.350,4.924
29690,05/23/26 04:10:53 PM,4.34,6.68,296.2,24.073,28.315,1069.350,4.608
29691,05/23/26 04:20:53 PM,5.01,8.68,315.9,23.252,29.181,1069.350,4.332
29692,05/23/26 04:30:53 PM,5.34,8.68,300.4,24.062,28.653,1069.350,4.768
29693,05/23/26 04:40:53 PM,4.68,9.02,294.8,23.815,29.041,1069.350,4.748
29694,05/23/26 04:50:53 PM,4.34,8.02,287.8,24.872,28.215,1069.350,5.242
29695,05/23/26 05:00:53 PM,4.34,7.35,299.0,24.590,28.116,1069.350,4.950
29696,05/23/26 05:10:53 PM,4.34,7.35,286.4,24.389,28.554,1069.350,4.999
29697,05/23/26 05:20:53 PM,4.34,8.02,301.8,24.330,28.086,1069.350,4.712
29698,05/23/26 05:30:53 PM,4.01,6.35,285.0,24.126,27.752,1069.350,4.366
29699,05/23/26 05:40:53 PM,3.67,6.35,286.4,24.110,28.444,1069.350,4.704
29700,05/23/26 05:50:53 PM,3.67,6.35,293.4,23.711,28.794,1069.350,4.537
29701,05/23/26 06:00:53 PM,3.67,6.35,289.2,23.848,29.178,1069.350,4.844
29702,05/23/26 06:10:53 PM,3.67,6.01,299.0,24.108,28.933,1069.350,4.947
29703,05/23/26 06:20:53 PM,4.01,6.35,289.2,23.832,28.635,1069.350,4.561
29704,05/23/26 06:30:53 PM,3.67,7.01,280.8,23.920,28.428,1069.350,4.533
29705,05/23/26 06:40:53 PM,3.34,6.35,307.5,23.215,28.540,1069.350,3.984
29706,05/23/26 06:50:53 PM,3.67,6.68,310.3,22.703,29.201,1069.350,3.869
29707,05/23/26 07:00:53 PM,3.01,6.01,313.1,22.966,30.152,1069.350,4.553
29708,05/23/26 07:10:53 PM,3.34,5.34,327.1,23.076,30.202,1069.350,4.672
29709,05/23/26 07:20:53 PM,3.67,6.01,336.9,22.689,29.900,1069.350,4.194
29710,05/23/26 07:30:53 PM,3.01,4.34,335.5,22.400,30.491,1069.350,4.223
29711,05/23/26 07:40:53 PM,2.34,3.34,328.5,22.620,30.883,1069.350,4.596
29712,05/23/26 07:50:53 PM,2.00,3.34,321.5,21.679,31.719,1069.350,4.159
29713,05/23/26 08:00:53 PM,1.34,2.34,311.7,21.169,33.787,1069.350,4.615
29714,05/23/26 08:10:53 PM,1.34,2.00,317.3,20.357,37.484,1069.350,5.388
29715,05/23/26 08:20:53 PM,1.34,2.00,318.7,19.025,40.754,1069.350,5.402
29716,05/23/26 08:30:53 PM,1.00,1.67,292.0,17.759,43.845,1069.350,5.313
29717,05/23/26 08:40:53 PM,1.00,1.67,272.4,16.577,47.019,1069.350,5.242
29718,05/23/26 08:50:53 PM,1.34,1.67,279.4,16.097,45.292,1069.350,4.268
29719,05/23/26 09:00:53 PM,1.67,2.00,287.8,15.909,44.034,1069.350,3.697
29720,05/23/26 09:10:53 PM,1.67,2.34,282.2,15.955,43.977,1069.350,3.720
29721,05/23/26 09:20:53 PM,1.67,2.00,296.2,15.998,44.408,1069.350,3.897
29722,05/23/26 09:30:53 PM,1.34,2.00,297.6,15.899,45.277,1069.350,4.083
29723,05/23/26 09:40:53 PM,1.34,2.67,306.1,16.051,45.220,1069.350,4.204
29724,05/23/26 09:50:53 PM,1.00,2.34,278.0,15.901,46.407,1069.350,4.437
29725,05/23/26 10:00:53 PM,1.34,2.00,251.3,14.982,49.139,1069.350,4.412
29726,05/23/26 10:10:53 PM,2.34,4.01,311.7,15.333,46.632,1069.350,3.987
29727,05/23/26 10:20:53 PM,3.01,4.01,321.5,15.550,45.882,1069.350,3.954
29728,05/23/26 10:30:53 PM,2.34,3.67,320.1,15.502,45.728,1069.350,3.863
29729,05/23/26 10:40:53 PM,2.67,4.68,317.3,15.628,45.956,1069.350,4.048
29730,05/23/26 10:50:53 PM,1.67,3.67,303.2,15.183,47.825,1069.350,4.209
29731,05/23/26 11:00:53 PM,1.67,2.34,226.0,14.384,49.790,1069.350,4.049
29732,05/23/26 11:10:53 PM,1.00,1.67,282.2,13.941,51.510,1069.350,4.124
29733,05/23/26 11:20:53 PM,1.34,2.00,268.1,14.027,51.545,1069.350,4.213
29734,05/23/26 11:30:53 PM,0.67,2.00,276.6,13.821,52.631,1069.350,4.320
29735,05/23/26 11:40:53 PM,0.67,1.00,165.7,13.408,54.264,1069.350,4.372
29736,05/23/26 11:50:53 PM,1.34,2.00,294.8,13.566,54.092,1069.350,4.474
29737,05/24/26 12:00:53 AM,1.34,2.34,282.2,13.124,56.551,1069.350,4.697
29738,05/24/26 12:10:53 AM,1.34,2.00,299.0,13.389,55.241,1069.350,4.609
29739,05/24/26 12:20:53 AM,1.00,1.67,327.1,14.346,51.931,1069.350,4.615
29740,05/24/26 12:30:53 AM,1.34,1.67,327.1,14.336,52.468,1069.350,4.753
29741,05/24/26 12:40:53 AM,0.67,1.67,308.9,14.110,53.503,1069.350,4.823
29742,05/24/26 12:50:53 AM,1.67,2.34,290.6,13.874,54.376,1069.350,4.835
29743,05/24/26 01:00:53 AM,1.34,3.01,306.1,14.102,52.467,1069.350,4.535
29744,05/24/26 01:10:53 AM,1.34,3.01,292.0,14.196,52.250,1069.350,4.563
29745,05/24/26 01:20:53 AM,1.00,2.67,268.1,13.944,52.874,1069.350,4.499
29746,05/24/26 01:30:53 AM,1.00,1.67,339.7,14.070,52.033,1069.350,4.387
29747,05/24/26 01:40:53 AM,0.67,1.67,349.6,14.196,51.991,1069.350,4.492
29748,05/24/26 01:50:53 AM,1.34,2.67,289.2,13.754,53.545,1069.350,4.503
29749,05/24/26 02:00:53 AM,1.67,3.01,207.8,12.665,57.539,1069.350,4.515
29750,05/24/26 02:10:53 AM,2.00,3.01,280.8,11.724,60.230,1069.350,4.283
29751,05/24/26 02:20:53 AM,2.00,2.67,324.3,11.872,59.287,1069.350,4.197
29752,05/24/26 02:30:53 AM,2.00,3.01,299.0,12.598,56.001,1069.350,4.066
29753,05/24/26 02:40:53 AM,2.00,3.01,273.8,11.553,59.260,1069.350,3.891
29754,05/24/26 02:50:53 AM,1.67,3.01,293.4,12.453,56.439,1069.350,4.041
29755,05/24/26 03:00:53 AM,1.00,1.67,283.6,12.475,56.651,1069.350,4.115
29756,05/24/26 03:10:53 AM,0.67,2.67,300.4,13.183,54.405,1069.350,4.200
29757,05/24/26 03:20:53 AM,0.67,2.34,299.0,13.097,55.308,1069.350,4.354
29758,05/24/26 03:30:53 AM,1.34,4.01,263.9,12.293,58.036,1069.350,4.289
29759,05/24/26 03:40:53 AM,1.00,2.00,252.7,12.507,56.878,1069.350,4.202
29760,05/24/26 03:50:53 AM,1.34,2.34,268.1,11.974,58.358,1069.350,4.068
29761,05/24/26 04:00:53 AM,1.67,2.67,275.2,12.234,56.992,1069.350,3.975
29762,05/24/26 04:10:53 AM,1.67,3.34,261.1,11.976,57.479,1069.350,3.854
29763,05/24/26 04:20:53 AM,2.00,3.67,266.7,10.228,62.705,1069.350,3.442
29764,05/24/26 04:30:53 AM,1.67,3.01,279.4,9.971,63.429,1069.350,3.361
29765,05/24/26 04:40:53 AM,1.67,2.67,275.2,11.461,58.441,1069.350,3.607
29766,05/24/26 04:50:53 AM,1.67,2.67,280.8,10.746,60.494,1069.350,3.423
29767,05/24/26 05:00:53 AM,1.00,1.67,278.0,10.491,61.346,1069.350,3.380
29768,05/24/26 05:10:53 AM,1.00,1.34,287.8,10.175,62.348,1069.350,3.311
29769,05/24/26 05:20:53 AM,2.00,3.67,283.6,10.636,60.842,1069.350,3.400
29770,05/24/26 05:30:53 AM,2.00,3.01,259.7,8.059,68.322,1069.350,2.587
29771,05/24/26 05:40:53 AM,2.34,3.67,300.4,9.370,65.306,1069.350,3.202
29772,05/24/26 05:50:53 AM,2.00,3.34,276.6,9.990,63.799,1069.350,3.461
29773,05/24/26 06:00:53 AM,2.67,4.01,285.0,10.309,62.960,1069.350,3.576
29774,05/24/26 06:10:53 AM,2.34,4.01,263.9,9.885,63.365,1069.350,3.265
29775,05/24/26 06:20:53 AM,1.34,3.34,266.7,9.571,64.562,1069.350,3.231
29776,05/24/26 06:30:53 AM,1.00,2.00,285.0,9.740,64.382,1069.350,3.352
29777,05/24/26 06:40:53 AM,1.34,2.00,327.1,9.585,65.948,1069.350,3.545
29778,05/24/26 06:50:53 AM,2.00,3.01,325.7,9.770,66.365,1069.350,3.811
29779,05/24/26 07:00:53 AM,2.34,3.67,303.2,10.676,64.074,1069.350,4.174
29780,05/24/26 07:10:53 AM,1.34,3.34,286.4,11.990,61.207,1069.350,4.764
29781,05/24/26 07:20:53 AM,0.33,1.00,279.4,12.861,60.706,1069.350,5.468
29782,05/24/26 07:30:53 AM,0.67,1.34,282.2,13.467,59.199,1069.350,5.676
29783,05/24/26 07:40:53 AM,0.33,1.00,296.2,14.837,56.324,1069.350,6.241
29784,05/24/26 07:50:53 AM,0.33,1.00,263.9,16.255,52.691,1069.350,6.592
29785,05/24/26 08:00:53 AM,0.33,1.00,327.1,16.561,53.515,1069.350,7.102
29786,05/24/26 08:10:53 AM,1.34,2.67,283.6,16.735,53.446,1069.350,7.245
29787,05/24/26 08:20:53 AM,1.34,2.34,313.1,17.303,50.297,1069.350,6.884
29788,05/24/26 08:30:53 AM,1.00,2.00,290.6,18.311,45.922,1069.350,6.483
29789,05/24/26 08:40:53 AM,0.67,1.34,287.8,18.641,45.525,1069.350,6.657
29790,05/24/26 08:50:53 AM,1.34,2.34,286.4,18.067,47.651,1069.350,6.798
29791,05/24/26 09:00:53 AM,1.67,2.67,301.8,18.330,48.647,1069.350,7.341
29792,05/24/26 09:10:53 AM,1.34,2.34,262.5,18.681,48.128,1069.350,7.505
29793,05/24/26 09:20:53 AM,1.34,2.67,254.1,19.236,47.747,1069.350,7.897
29794,05/24/26 09:30:53 AM,1.34,2.67,271.0,20.590,44.617,1069.350,8.133
29795,05/24/26 09:40:53 AM,2.67,4.68,259.7,21.392,39.890,1069.350,7.213
29796,05/24/26 09:50:53 AM,4.01,6.01,283.6,21.639,38.381,1069.350,6.871
29797,05/24/26 10:00:53 AM,4.34,6.68,293.4,21.716,38.627,1069.350,7.033
29798,05/24/26 10:10:53 AM,4.34,6.01,296.2,20.663,40.439,1069.350,6.760
29799,05/24/26 10:20:53 AM,4.68,7.35,286.4,21.387,39.222,1069.350,6.962
29800,05/24/26 10:30:53 AM,4.34,6.68,278.0,21.950,38.550,1069.350,7.212
29801,05/24/26 10:40:53 AM,4.01,6.01,269.6,22.330,38.448,1069.350,7.512
29802,05/24/26 10:50:53 AM,4.34,6.35,265.3,22.711,37.922,1069.350,7.649
29803,05/24/26 11:00:53 AM,4.34,7.01,275.2,22.628,37.340,1069.350,7.349
29804,05/24/26 11:10:53 AM,4.01,7.35,262.5,22.837,36.419,1069.350,7.169
29805,05/24/26 11:20:53 AM,4.34,6.68,263.9,22.732,36.269,1069.350,7.016
29806,05/24/26 11:30:53 AM,4.01,6.35,283.6,22.765,35.909,1069.350,6.900
29807,05/24/26 11:40:53 AM,3.67,6.01,276.6,23.322,35.354,1069.350,7.164
29808,05/24/26 11:50:53 AM,4.01,6.68,263.9,23.226,34.261,1069.350,6.622
29809,05/24/26 12:00:53 PM,4.34,6.68,256.9,23.252,34.208,1069.350,6.622
29810,05/24/26 12:10:53 PM,4.01,6.35,272.4,23.336,34.516,1069.350,6.826
29811,05/24/26 12:20:53 PM,4.34,7.68,266.7,23.641,34.163,1069.350,6.944
29812,05/24/26 12:30:53 PM,4.34,8.02,262.5,23.558,33.458,1069.350,6.568
29813,05/24/26 12:40:53 PM,4.01,7.68,269.6,23.504,33.999,1069.350,6.754
29814,05/24/26 12:50:53 PM,4.68,8.35,271.0,23.740,33.922,1069.350,6.928
29815,05/24/26 01:00:53 PM,4.34,8.02,261.1,24.006,33.652,1069.350,7.044
29816,05/24/26 01:10:53 PM,4.68,7.35,280.8,23.998,33.722,1069.350,7.068
29817,05/24/26 01:20:53 PM,4.68,7.01,262.5,24.097,33.950,1069.350,7.253
29818,05/24/26 01:30:53 PM,5.01,8.02,275.2,24.025,33.394,1069.350,6.949
29819,05/24/26 01:40:53 PM,4.34,7.01,283.6,24.247,32.935,1069.350,6.941
29820,05/24/26 01:50:53 PM,4.01,7.35,273.8,24.202,33.211,1069.350,7.023
29821,05/24/26 02:00:53 PM,4.68,7.01,265.3,24.681,32.959,1069.350,7.331
29822,05/24/26 02:10:53 PM,5.01,8.02,275.2,24.290,33.236,1069.350,7.111
29823,05/24/26 02:20:53 PM,4.68,8.02,280.8,24.403,32.644,1069.350,6.948
29824,05/24/26 02:30:53 PM,4.34,8.02,261.1,24.899,33.034,1069.350,7.554
29825,05/24/26 02:40:53 PM,4.34,9.35,256.9,24.698,31.925,1069.350,6.880
29826,05/24/26 02:50:53 PM,5.01,10.02,296.2,24.454,33.036,1069.350,7.166
29827,05/24/26 03:00:53 PM,5.01,7.68,271.0,24.577,32.773,1069.350,7.157
29828,05/24/26 03:10:53 PM,5.01,8.35,282.2,24.633,32.547,1069.350,7.105
29829,05/24/26 03:20:53 PM,4.68,7.68,294.8,24.459,32.703,1069.350,7.023
29830,05/24/26 03:30:53 PM,4.34,7.35,287.8,24.462,32.186,1069.350,6.793
29831,05/24/26 03:40:53 PM,4.68,8.02,292.0,24.148,32.256,1069.350,6.551
29832,05/24/26 03:50:53 PM,4.68,7.35,293.4,24.687,32.683,1069.350,7.213
29833,05/24/26 04:00:53 PM,4.34,8.35,307.5,24.537,32.198,1069.350,6.864
29834,05/24/26 04:10:53 PM,5.68,8.35,289.2,25.156,31.218,1069.350,6.951
29835,05/24/26 04:20:53 PM,4.68,8.68,278.0,24.663,31.066,1069.350,6.453
29836,05/24/26 04:30:53 PM,5.68,8.68,314.5,24.437,32.273,1069.350,6.811
29837,05/24/26 04:40:53 PM,4.34,7.35,297.6,24.196,30.788,1069.350,5.918
29838,05/24/26 04:50:53 PM,4.34,10.02,303.2,24.094,31.124,1069.350,5.986
29839,05/24/26 05:00:53 PM,5.34,8.35,318.7,23.421,32.448,1069.350,6.004
29840,05/24/26 05:10:53 PM,4.34,7.01,313.1,24.226,31.800,1069.350,6.412
29841,05/24/26 05:20:53 PM,4.01,6.01,297.6,24.137,32.050,1069.350,6.449
29842,05/24/26 05:30:53 PM,5.01,7.35,313.1,23.783,32.007,1069.350,6.121
29843,05/24/26 05:40:53 PM,4.34,6.68,310.3,23.547,32.529,1069.350,6.150
29844,05/24/26 05:50:53 PM,3.67,6.68,301.8,23.349,33.190,1069.350,6.268
29845,05/24/26 06:00:53 PM,4.01,6.35,304.7,23.928,31.945,1069.350,6.219
29846,05/24/26 06:10:53 PM,3.67,7.35,308.9,24.824,30.472,1069.350,6.312
29847,05/24/26 06:20:53 PM,4.68,8.02,308.9,24.614,29.841,1069.350,5.828
29848,05/24/26 06:30:53 PM,5.01,7.68,301.8,24.448,29.775,1069.350,5.653
29849,05/24/26 06:40:53 PM,5.01,7.68,299.0,23.620,30.335,1069.350,5.205
29850,05/24/26 06:50:53 PM,3.67,6.35,282.2,23.118,31.336,1069.350,5.237
29851,05/24/26 07:00:53 PM,3.34,6.01,279.4,23.301,30.718,1069.350,5.109
29852,05/24/26 07:10:53 PM,3.34,6.01,296.2,22.815,32.129,1069.350,5.333
29853,05/24/26 07:20:53 PM,2.67,4.34,286.4,22.148,34.051,1069.350,5.586
29854,05/24/26 07:30:53 PM,2.34,4.01,263.9,22.601,33.263,1069.350,5.646
29855,05/24/26 07:40:53 PM,2.00,3.01,252.7,22.987,34.113,1069.350,6.349
29856,05/24/26 07:50:53 PM,1.34,2.34,259.7,22.105,36.011,1069.350,6.358
29857,05/24/26 08:00:53 PM,1.34,2.67,280.8,22.365,35.366,1069.350,6.325
29858,05/24/26 08:10:53 PM,1.00,2.00,282.2,22.092,36.144,1069.350,6.400
29859,05/24/26 08:20:53 PM,1.00,1.34,269.6,21.885,37.345,1069.350,6.691
29860,05/24/26 08:30:53 PM,1.34,2.00,265.3,21.046,40.143,1069.350,6.996
29861,05/24/26 08:40:53 PM,1.34,2.00,272.4,19.526,41.898,1069.350,6.253
29862,05/24/26 08:50:53 PM,1.34,2.00,276.6,18.145,44.082,1069.350,5.740
29863,05/24/26 09:00:53 PM,1.00,1.34,289.2,17.008,46.821,1069.350,5.575
29864,05/24/26 09:10:53 PM,1.00,1.34,296.2,16.963,45.495,1069.350,5.121
29865,05/24/26 09:20:53 PM,0.67,1.34,256.9,15.791,51.676,1069.350,5.881
29866,05/24/26 09:30:53 PM,1.00,1.67,272.4,14.046,57.690,1069.350,5.847
29867,05/24/26 09:40:53 PM,1.67,2.00,296.2,14.309,54.337,1069.350,5.230
29868,05/24/26 09:50:53 PM,1.34,1.67,301.8,14.665,50.417,1069.350,4.486
29869,05/24/26 10:00:53 PM,1.67,2.00,297.6,14.754,49.580,1069.350,4.329
29870,05/24/26 10:10:53 PM,1.67,2.34,303.2,15.116,48.391,1069.350,4.316
29871,05/24/26 10:20:53 PM,1.67,3.01,307.5,15.183,48.237,1069.350,4.332
29872,05/24/26 10:30:53 PM,1.34,3.67,280.8,15.065,49.674,1069.350,4.643
29873,05/24/26 10:40:53 PM,1.67,2.67,263.9,13.791,55.859,1069.350,5.144
29874,05/24/26 10:50:53 PM,1.67,2.00,299.0,13.941,53.787,1069.350,4.741
29875,05/24/26 11:00:53 PM,2.00,2.67,279.4,14.400,50.628,1069.350,4.302
29876,05/24/26 11:10:53 PM,1.00,2.00,266.7,14.218,51.539,1069.350,4.388
29877,05/24/26 11:20:53 PM,0.33,1.34,198.0,12.413,59.101,1069.350,4.661
29878,05/24/26 11:30:53 PM,0.00,0.00,196.5,11.987,60.710,1069.350,4.644
29879,05/24/26 11:40:53 PM,0.67,1.34,213.4,12.303,59.445,1069.350,4.641
29880,05/24/26 11:50:53 PM,1.67,2.34,296.2,12.890,54.308,1069.350,3.901
29881,05/25/26 12:00:53 AM,1.34,2.00,314.5,12.394,53.790,1069.350,3.304
29882,05/25/26 12:10:53 AM,1.67,2.34,301.8,12.110,53.619,1069.350,2.995
29883,05/25/26 12:20:53 AM,1.00,1.67,303.2,11.759,54.223,1069.350,2.826
29884,05/25/26 12:30:53 AM,0.67,1.67,355.2,11.373,55.624,1069.350,2.826
29885,05/25/26 12:40:53 AM,0.67,1.67,22.5,10.810,59.068,1069.350,3.146
29886,05/25/26 12:50:53 AM,0.00,1.00,35.1,10.979,58.787,1069.350,3.237
29887,05/25/26 01:00:53 AM,0.33,1.34,2.8,10.850,56.724,1069.350,2.612
29888,05/25/26 01:10:53 AM,0.33,1.67,322.9,10.716,56.828,1069.350,2.513
29889,05/25/26 01:20:53 AM,1.34,2.00,279.4,8.968,62.918,1069.350,2.295
29890,05/25/26 01:30:53 AM,0.67,1.34,303.2,9.898,59.455,1069.350,2.379
29891,05/25/26 01:40:53 AM,0.67,1.67,328.5,10.258,58.173,1069.350,2.412
29892,05/25/26 01:50:53 AM,0.67,1.67,101.1,8.542,65.136,1069.350,2.377
29893,05/25/26 02:00:53 AM,0.00,0.00,105.3,7.912,67.568,1069.350,2.290
29894,05/25/26 02:10:53 AM,0.00,0.00,105.3,8.102,67.454,1069.350,2.448
29895,05/25/26 02:20:53 AM,0.67,1.67,105.3,8.124,66.743,1069.350,2.321
29896,05/25/26 02:30:53 AM,1.34,1.67,318.7,7.880,66.355,1069.350,2.006
29897,05/25/26 02:40:53 AM,0.67,1.34,324.3,8.140,65.298,1069.350,2.029
29898,05/25/26 02:50:53 AM,1.00,1.34,314.5,7.716,66.723,1069.350,1.927
29899,05/25/26 03:00:53 AM,1.00,1.34,308.9,8.006,65.719,1069.350,1.991
29900,05/25/26 03:10:53 AM,1.00,1.34,308.9,7.968,65.745,1069.350,1.961
29901,05/25/26 03:20:53 AM,1.34,1.67,306.1,7.738,66.621,1069.350,1.926
29902,05/25/26 03:30:53 AM,1.00,2.00,303.2,8.057,65.454,1069.350,1.983
29903,05/25/26 03:40:53 AM,1.67,2.00,289.2,7.791,65.280,1069.350,1.693
29904,05/25/26 03:50:53 AM,1.67,2.00,285.0,7.810,65.170,1069.350,1.687
29905,05/25/26 04:00:53 AM,1.34,2.00,282.2,8.041,64.337,1069.350,1.727
29906,05/25/26 04:10:53 AM,1.00,1.67,292.0,8.035,64.234,1069.350,1.699
29907,05/25/26 04:20:53 AM,0.00,0.67,293.4,8.223,63.758,1069.350,1.774
29908,05/25/26 04:30:53 AM,1.00,1.67,254.1,7.325,66.308,1069.350,1.466
29909,05/25/26 04:40:53 AM,1.00,1.67,261.1,6.923,67.726,1069.350,1.377
29910,05/25/26 04:50:53 AM,0.67,1.34,285.0,6.778,68.830,1069.350,1.463
29911,05/25/26 05:00:53 AM,0.67,1.67,261.1,7.512,66.038,1069.350,1.588
29912,05/25/26 05:10:53 AM,1.34,2.00,283.6,6.054,70.936,1069.350,1.188
29913,05/25/26 05:20:53 AM,1.00,2.00,317.3,6.853,69.119,1069.350,1.594
29914,05/25/26 05:30:53 AM,1.34,2.34,2.8,8.035,64.903,1069.350,1.844
29915,05/25/26 05:40:53 AM,1.00,3.01,78.6,8.298,63.238,1069.350,1.731
29916,05/25/26 05:50:53 AM,1.34,2.00,240.1,5.762,71.171,1069.350,0.953
29917,05/25/26 06:00:53 AM,1.00,1.67,259.7,5.226,73.205,1069.350,0.827
29918,05/25/26 06:10:53 AM,1.67,2.00,290.6,5.078,74.374,1069.350,0.903
29919,05/25/26 06:20:53 AM,1.00,1.67,293.4,6.357,70.324,1069.350,1.358
29920,05/25/26 06:30:53 AM,0.67,1.67,294.8,6.823,68.681,1069.350,1.476
29921,05/25/26 06:40:53 AM,1.34,2.00,325.7,7.199,68.603,1069.350,1.821
29922,05/25/26 06:50:53 AM,0.67,2.00,321.5,8.341,66.374,1069.350,2.450
29923,05/25/26 07:00:53 AM,0.00,0.00,322.9,7.759,68.743,1069.350,2.386
29924,05/25/26 07:10:53 AM,0.00,0.00,322.9,7.912,69.627,1069.350,2.712
29925,05/25/26 07:20:53 AM,0.00,0.00,320.1,9.805,66.155,1069.350,3.799
29926,05/25/26 07:30:53 AM,0.00,0.00,202.2,8.746,70.259,1069.350,3.641
29927,05/25/26 07:40:53 AM,0.00,0.00,200.8,9.923,67.831,1069.350,4.268
29928,05/25/26 07:50:53 AM,0.00,0.00,199.4,11.917,64.338,1069.350,5.411
29929,05/25/26 08:00:53 AM,0.00,1.00,199.4,13.357,59.861,1069.350,5.733
29930,05/25/26 08:10:53 AM,0.33,1.67,129.2,14.250,55.051,1069.350,5.363
29931,05/25/26 08:20:53 AM,1.34,2.67,82.8,14.732,54.110,1069.350,5.563
29932,05/25/26 08:30:53 AM,1.67,3.01,99.7,14.861,54.122,1069.350,5.686
29933,05/25/26 08:40:53 AM,1.34,2.34,103.9,15.539,53.132,1069.350,6.049
29934,05/25/26 08:50:53 AM,1.00,2.00,119.3,15.955,54.379,1069.350,6.772
29935,05/25/26 09:00:53 AM,1.67,3.34,105.3,16.727,52.943,1069.350,7.099
29936,05/25/26 09:10:53 AM,2.00,3.67,98.3,17.612,49.612,1069.350,6.968
29937,05/25/26 09:20:53 AM,2.67,4.34,103.9,18.108,48.731,1069.350,7.162
29938,05/25/26 09:30:53 AM,3.01,4.68,94.1,18.328,49.490,1069.350,7.590
29939,05/25/26 09:40:53 AM,3.01,5.01,89.9,18.732,49.770,1069.350,8.045
29940,05/25/26 09:50:53 AM,3.01,4.34,94.1,19.636,46.824,1069.350,7.976
29941,05/25/26 10:00:53 AM,3.34,5.68,85.6,20.333,44.421,1069.350,7.836
29942,05/25/26 10:10:53 AM,4.34,6.35,82.8,21.204,43.357,1069.350,8.267
29943,05/25/26 10:20:53 AM,4.68,7.01,74.4,21.671,42.791,1069.350,8.495
29944,05/25/26 10:30:53 AM,5.34,7.35,61.8,21.799,41.849,1069.350,8.282
29945,05/25/26 10:40:53 AM,4.68,7.68,64.6,22.593,41.753,1069.350,8.962
29946,05/25/26 10:50:53 AM,4.68,7.35,68.8,23.274,40.587,1069.350,9.154
29947,05/25/26 11:00:53 AM,4.68,7.68,68.8,23.360,40.075,1069.350,9.042
29948,05/25/26 11:10:53 AM,4.68,6.68,67.4,23.590,38.892,1069.350,8.804
29949,05/25/26 11:20:53 AM,4.01,6.68,68.8,22.748,40.185,1069.350,8.535
29950,05/25/26 11:30:53 AM,4.34,7.01,81.4,24.783,37.961,1069.350,9.505
29951,05/25/26 11:40:53 AM,4.68,9.35,68.8,24.952,36.599,1069.350,9.112
29952,05/25/26 11:50:53 AM,3.67,5.68,122.1,23.896,36.216,1069.350,8.023
29953,05/25/26 12:00:53 PM,3.01,5.01,113.7,23.722,36.460,1069.350,7.968
29954,05/25/26 12:10:53 PM,2.67,4.01,136.2,24.081,36.381,1069.350,8.254
29955,05/25/26 12:20:53 PM,2.67,5.34,126.4,25.416,33.437,1069.350,8.184
29956,05/25/26 12:30:53 PM,4.34,7.01,140.4,25.692,33.065,1069.350,8.261
29957,05/25/26 12:40:53 PM,5.01,8.35,144.6,25.698,31.606,1069.350,7.602
29958,05/25/26 12:50:53 PM,4.68,7.35,136.2,25.563,32.854,1069.350,8.054
29959,05/25/26 01:00:53 PM,4.34,6.68,144.6,25.754,31.711,1069.350,7.700
29960,05/25/26 01:10:53 PM,3.01,5.68,162.9,25.631,31.057,1069.350,7.288
29961,05/25/26 01:20:53 PM,4.68,6.68,143.2,25.381,32.163,1069.350,7.583
29962,05/25/26 01:30:53 PM,2.67,4.68,133.4,25.105,31.858,1069.350,7.203
29963,05/25/26 01:40:53 PM,2.67,4.68,141.8,24.909,31.347,1069.350,6.797
29964,05/25/26 01:50:53 PM,2.00,3.67,167.1,24.909,29.923,1069.350,6.122
29965,05/25/26 02:00:53 PM,3.34,6.35,193.7,24.740,29.953,1069.350,5.991
29966,05/25/26 02:10:53 PM,3.67,7.01,174.1,24.416,28.544,1069.350,5.017
29967,05/25/26 02:20:53 PM,3.34,5.68,176.9,24.802,29.042,1069.350,5.598
29968,05/25/26 02:30:53 PM,7.68,16.36,178.3,23.944,32.799,1069.350,6.616
29969,05/25/26 02:40:53 PM,12.02,17.37,174.1,21.735,37.629,1069.350,6.668
29970,05/25/26 02:50:53 PM,9.35,15.03,182.5,21.569,38.996,1069.350,7.041
29971,05/25/26 03:00:53 PM,8.35,13.36,176.9,21.223,40.146,1069.350,7.156
29972,05/25/26 03:10:53 PM,9.02,12.69,164.3,21.118,40.114,1069.350,7.050
29973,05/25/26 03:20:53 PM,8.68,15.03,151.6,21.502,37.868,1069.350,6.553
29974,05/25/26 03:30:53 PM,5.34,8.68,148.8,22.073,36.434,1069.350,6.499
29975,05/25/26 03:40:53 PM,6.68,11.02,157.2,22.518,34.392,1069.350,6.055
29976,05/25/26 03:50:53 PM,4.01,6.35,185.3,24.309,30.787,1069.350,6.015
29977,05/25/26 04:00:53 PM,4.68,10.02,165.7,24.223,32.244,1069.350,6.611
29978,05/25/26 04:10:53 PM,6.01,9.68,179.7,23.751,31.957,1069.350,6.070
29979,05/25/26 04:20:53 PM,5.68,13.36,193.7,23.840,29.706,1069.350,5.095
29980,05/25/26 04:30:53 PM,5.34,7.68,209.2,23.968,30.762,1069.350,5.708
29981,05/25/26 04:40:53 PM,4.68,7.01,240.1,23.309,32.999,1069.350,6.150
29982,05/25/26 04:50:53 PM,4.01,6.68,228.8,23.164,34.221,1069.350,6.550
29983,05/25/26 05:00:53 PM,3.67,5.68,230.2,22.665,35.834,1069.350,6.781
29984,05/25/26 05:10:53 PM,2.67,3.67,249.9,22.539,36.054,1069.350,6.759
29985,05/25/26 05:20:53 PM,2.00,4.01,240.1,22.783,35.732,1069.350,6.843
29986,05/25/26 05:30:53 PM,2.34,3.67,254.1,23.515,33.748,1069.350,6.656
29987,05/25/26 05:40:53 PM,1.67,3.34,263.9,24.802,32.786,1069.350,7.359
29988,05/25/26 05:50:53 PM,1.00,2.67,255.5,24.620,31.281,1069.350,6.516
29989,05/25/26 06:00:53 PM,1.00,1.67,91.3,24.813,31.580,1069.350,6.822
29990,05/25/26 06:10:53 PM,0.33,1.34,84.2,23.907,32.477,1069.350,6.440
29991,05/25/26 06:20:53 PM,1.00,1.67,40.7,23.022,36.089,1069.350,7.200
29992,05/25/26 06:30:53 PM,1.00,1.67,32.3,22.368,40.618,1069.350,8.353
29993,05/25/26 06:40:53 PM,1.34,1.67,15.4,21.896,44.269,1069.350,9.201
29994,05/25/26 06:50:53 PM,2.00,3.01,14.0,22.491,42.232,1069.350,9.040
29995,05/25/26 07:00:53 PM,2.34,3.34,18.3,22.901,38.735,1069.350,8.130
29996,05/25/26 07:10:53 PM,2.00,3.34,30.9,23.558,37.613,1069.350,8.281
29997,05/25/26 07:20:53 PM,2.34,3.67,40.7,23.566,37.038,1069.350,8.061
29998,05/25/26 07:30:53 PM,2.34,3.67,37.9,23.547,38.874,1069.350,8.758
29999,05/25/26 07:40:53 PM,2.34,3.67,39.3,22.893,40.468,1069.350,8.769
30000,05/25/26 07:50:53 PM,2.00,3.34,18.3,21.663,42.019,1069.350,8.219
30001,05/25/26 08:00:53 PM,1.34,2.00,11.2,21.582,44.289,1069.350,8.924
30002,05/25/26 08:10:53 PM,1.34,2.67,29.5,20.547,46.567,1069.350,8.725
30003,05/25/26 08:20:53 PM,1.00,2.34,130.6,20.295,45.629,1069.350,8.196
30004,05/25/26 08:30:53 PM,0.33,0.67,102.5,20.159,46.195,1069.350,8.253
30005,05/25/26 08:40:53 PM,0.00,0.67,102.5,19.944,46.928,1069.350,8.289
30006,05/25/26 08:50:53 PM,0.00,1.00,102.5,19.381,48.132,1069.350,8.148
30007,05/25/26 09:00:53 PM,0.67,1.34,96.9,18.596,49.775,1069.350,7.921
30008,05/25/26 09:10:53 PM,0.33,1.00,35.1,17.896,49.291,1069.350,7.134
30009,05/25/26 09:20:53 PM,1.34,2.67,286.4,15.617,55.091,1069.350,6.647
30010,05/25/26 09:30:53 PM,1.34,3.01,331.3,15.059,55.300,1069.350,6.182
30011,05/25/26 09:40:53 PM,1.67,3.01,0.0,16.019,51.876,1069.350,6.147
30012,05/25/26 09:50:53 PM,2.00,3.34,25.3,17.269,47.613,1069.350,6.056
30013,05/25/26 10:00:53 PM,1.34,2.34,29.5,17.370,47.842,1069.350,6.218
30014,05/25/26 10:10:53 PM,0.00,1.34,94.1,17.110,48.888,1069.350,6.293
30015,05/25/26 10:20:53 PM,0.33,1.34,119.3,16.681,50.086,1069.350,6.250
30016,05/25/26 10:30:53 PM,1.00,3.01,101.1,16.416,50.983,1069.350,6.263
30017,05/25/26 10:40:53 PM,0.33,1.34,139.0,16.258,52.093,1069.350,6.429
30018,05/25/26 10:50:53 PM,0.67,1.34,96.9,16.244,52.154,1069.350,6.433
30019,05/25/26 11:00:53 PM,2.34,4.34,266.7,14.566,58.271,1069.350,6.480
30020,05/25/26 11:10:53 PM,1.67,5.01,136.2,16.397,49.795,1069.350,5.904
30021,05/25/26 11:20:53 PM,1.00,2.67,63.2,18.295,43.629,1069.350,5.727
30022,05/25/26 11:30:53 PM,1.67,3.01,117.9,17.925,44.900,1069.350,5.806
30023,05/25/26 11:40:53 PM,1.00,2.67,132.0,17.156,47.167,1069.350,5.817
30024,05/25/26 11:50:53 PM,1.00,3.01,109.5,17.247,46.340,1069.350,5.644
30025,05/26/26 12:00:53 AM,1.00,2.67,321.5,16.545,48.199,1069.350,5.569
30026,05/26/26 12:10:53 AM,1.67,2.34,265.3,15.451,51.176,1069.350,5.426
30027,05/26/26 12:20:53 AM,1.34,2.00,285.0,14.381,54.755,1069.350,5.407
30028,05/26/26 12:30:53 AM,2.00,3.67,47.7,15.773,50.729,1069.350,5.597
30029,05/26/26 12:40:53 AM,2.67,5.01,336.9,15.890,49.575,1069.350,5.373
30030,05/26/26 12:50:53 AM,1.67,3.67,81.4,18.293,41.035,1069.350,4.844
30031,05/26/26 01:00:53 AM,2.00,3.34,327.1,16.735,45.916,1069.350,5.045
30032,05/26/26 01:10:53 AM,2.67,3.67,16.8,17.295,43.920,1069.350,4.917
30033,05/26/26 01:20:53 AM,1.00,2.00,294.8,16.912,45.185,1069.350,4.976
30034,05/26/26 01:30:53 AM,1.34,2.67,28.1,16.770,46.029,1069.350,5.112
30035,05/26/26 01:40:53 AM,1.67,3.67,39.3,14.904,51.006,1069.350,4.873
30036,05/26/26 01:50:53 AM,1.00,3.01,37.9,15.298,49.905,1069.350,4.924
30037,05/26/26 02:00:53 AM,1.67,2.67,134.8,14.336,53.675,1069.350,5.079
30038,05/26/26 02:10:53 AM,1.67,2.67,172.7,13.638,56.826,1069.350,5.247
30039,05/26/26 02:20:53 AM,2.34,3.67,248.5,13.376,57.130,1069.350,5.079
30040,05/26/26 02:30:53 AM,2.00,3.34,271.0,13.799,55.192,1069.350,4.979
30041,05/26/26 02:40:53 AM,1.34,2.34,5.6,14.191,53.504,1069.350,4.898
30042,05/26/26 02:50:53 AM,1.00,2.34,155.8,12.813,57.642,1069.350,4.679
30043,05/26/26 03:00:53 AM,1.67,2.67,268.1,12.534,58.396,1069.350,4.603
30044,05/26/26 03:10:53 AM,1.00,1.67,268.1,12.480,58.692,1069.350,4.625
30045,05/26/26 03:20:53 AM,1.00,1.34,304.7,12.100,59.409,1069.350,4.441
30046,05/26/26 03:30:53 AM,2.00,3.01,275.2,11.451,61.344,1069.350,4.287
30047,05/26/26 03:40:53 AM,1.67,2.00,292.0,11.011,62.875,1069.350,4.222
30048,05/26/26 03:50:53 AM,2.00,3.01,285.0,11.974,60.111,1069.350,4.490
30049,05/26/26 04:00:53 AM,2.00,2.67,297.6,12.523,56.846,1069.350,4.209
30050,05/26/26 04:10:53 AM,1.67,2.67,275.2,14.008,49.052,1069.350,3.491
30051,05/26/26 04:20:53 AM,1.67,2.34,247.1,12.772,53.317,1069.350,3.530
30052,05/26/26 04:30:53 AM,1.34,2.00,245.7,12.022,55.720,1069.350,3.456
30053,05/26/26 04:40:53 AM,2.00,3.34,242.9,11.681,56.643,1069.350,3.370
30054,05/26/26 04:50:53 AM,3.34,5.68,286.4,13.236,50.854,1069.350,3.290
30055,05/26/26 05:00:53 AM,1.67,4.34,304.7,13.349,50.140,1069.350,3.194
30056,05/26/26 05:10:53 AM,2.34,4.34,190.9,11.435,58.085,1069.350,3.496
30057,05/26/26 05:20:53 AM,2.34,4.01,272.4,12.445,53.257,1069.350,3.210
30058,05/26/26 05:30:53 AM,1.34,2.67,293.4,11.772,55.714,1069.350,3.221
30059,05/26/26 05:40:53 AM,1.67,2.67,258.3,12.118,55.399,1069.350,3.464
30060,05/26/26 05:50:53 AM,2.00,4.01,289.2,12.043,56.149,1069.350,3.585
30061,05/26/26 06:00:53 AM,1.67,3.01,299.0,12.092,55.444,1069.350,3.451
30062,05/26/26 06:10:53 AM,2.00,3.34,286.4,11.848,55.613,1069.350,3.267
30063,05/26/26 06:20:53 AM,2.34,3.67,278.0,11.271,58.116,1069.350,3.349
30064,05/26/26 06:30:53 AM,1.67,2.34,280.8,11.207,58.782,1069.350,3.450
30065,05/26/26 06:40:53 AM,1.34,2.34,258.3,11.274,59.751,1069.350,3.745
30066,05/26/26 06:50:53 AM,1.00,1.67,259.7,11.094,61.823,1069.350,4.060
30067,05/26/26 07:00:53 AM,1.34,2.67,315.9,11.821,60.166,1069.350,4.359
30068,05/26/26 07:10:53 AM,1.67,2.67,273.8,12.295,59.666,1069.350,4.687
30069,05/26/26 07:20:53 AM,1.34,2.67,262.5,12.920,57.742,1069.350,4.804
30070,05/26/26 07:30:53 AM,0.67,1.67,238.7,12.504,62.161,1069.350,5.472
30071,05/26/26 07:40:53 AM,2.00,3.34,237.3,12.169,66.715,1069.350,6.175
30072,05/26/26 07:50:53 AM,2.34,4.01,262.5,12.872,62.708,1069.350,5.947
30073,05/26/26 08:00:53 AM,2.00,3.01,263.9,13.893,60.389,1069.350,6.365
30074,05/26/26 08:10:53 AM,1.67,2.67,280.8,15.397,55.810,1069.350,6.630
30075,05/26/26 08:20:53 AM,1.67,2.67,310.3,15.652,52.328,1069.350,5.933
30076,05/26/26 08:30:53 AM,1.00,2.67,314.5,16.258,50.927,1069.350,6.101
30077,05/26/26 08:40:53 AM,1.34,3.34,7.0,17.134,49.335,1069.350,6.447
30078,05/26/26 08:50:53 AM,2.67,4.01,60.4,17.327,48.180,1069.350,6.281
30079,05/26/26 09:00:53 AM,2.34,3.67,82.8,17.797,47.864,1069.350,6.616
30080,05/26/26 09:10:53 AM,2.34,5.68,66.0,17.488,48.791,1069.350,6.611
30081,05/26/26 09:20:53 AM,5.01,6.68,42.1,15.191,53.906,1069.350,5.935
30082,05/26/26 09:30:53 AM,4.01,6.01,39.3,14.700,56.706,1069.350,6.210
30083,05/26/26 09:40:53 AM,4.34,6.35,49.1,15.129,55.666,1069.350,6.343
30084,05/26/26 09:50:53 AM,4.01,5.68,68.8,15.933,55.790,1069.350,7.125
30085,05/26/26 10:00:53 AM,3.67,5.68,73.0,17.011,54.258,1069.350,7.722
30086,05/26/26 10:10:53 AM,3.01,5.01,71.6,17.748,50.042,1069.350,7.219
30087,05/26/26 10:20:53 AM,2.67,4.01,70.2,18.743,47.314,1069.350,7.313
30088,05/26/26 10:30:53 AM,2.67,4.68,92.7,18.314,47.860,1069.350,7.088
30089,05/26/26 10:40:53 AM,3.01,5.68,81.4,19.129,46.432,1069.350,7.390
30090,05/26/26 10:50:53 AM,2.67,5.68,78.6,19.992,43.760,1069.350,7.307
30091,05/26/26 11:00:53 AM,3.01,6.01,80.0,20.199,42.080,1069.350,6.922
30092,05/26/26 11:10:53 AM,2.67,5.34,82.8,20.333,40.560,1069.350,6.507
30093,05/26/26 11:20:53 AM,2.34,5.68,78.6,20.593,40.053,1069.350,6.558
30094,05/26/26 11:30:53 AM,2.34,4.34,110.9,21.124,40.064,1069.350,7.037
30095,05/26/26 11:40:53 AM,2.34,4.34,113.7,20.695,40.304,1069.350,6.740
30096,05/26/26 11:50:53 AM,4.01,6.68,132.0,20.084,44.152,1069.350,7.521
30097,05/26/26 12:00:53 PM,3.67,5.68,162.9,20.121,45.142,1069.350,7.880
30098,05/26/26 12:10:53 PM,6.01,9.68,158.6,19.695,45.269,1069.350,7.534
30099,05/26/26 12:20:53 PM,5.34,7.68,155.8,18.907,48.380,1069.350,7.789
30100,05/26/26 12:30:53 PM,4.68,7.68,147.4,19.148,48.562,1069.350,8.065
30101,05/26/26 12:40:53 PM,5.01,8.35,151.6,19.775,45.718,1069.350,7.751
30102,05/26/26 12:50:53 PM,4.68,7.68,143.2,20.963,44.833,1069.350,8.543
30103,05/26/26 01:00:53 PM,6.01,9.68,136.2,21.789,42.451,1069.350,8.484
30104,05/26/26 01:10:53 PM,6.35,9.68,134.8,21.995,41.816,1069.350,8.447
30105,05/26/26 01:20:53 PM,6.35,9.35,134.8,21.872,42.008,1069.350,8.404
30106,05/26/26 01:30:53 PM,5.68,9.02,129.2,21.748,43.291,1069.350,8.736
30107,05/26/26 01:40:53 PM,7.01,10.69,132.0,22.496,41.331,1069.350,8.725
30108,05/26/26 01:50:53 PM,7.68,12.36,129.2,22.105,40.763,1069.350,8.170
30109,05/26/26 02:00:53 PM,7.68,12.36,124.9,21.928,42.518,1069.350,8.632
30110,05/26/26 02:10:53 PM,7.68,12.36,124.9,21.397,45.208,1069.350,9.060
30111,05/26/26 02:20:53 PM,8.35,11.69,122.1,22.059,45.411,1069.350,9.728
30112,05/26/26 02:30:53 PM,7.35,10.69,119.3,21.832,45.141,1069.350,9.433
30113,05/26/26 02:40:53 PM,6.35,9.68,113.7,20.486,48.327,1069.350,9.220
30114,05/26/26 02:50:53 PM,6.35,9.68,108.1,20.330,51.336,1069.350,9.976
30115,05/26/26 03:00:53 PM,7.35,10.02,101.1,20.716,52.189,1069.350,10.579
30116,05/26/26 03:10:53 PM,5.01,11.69,56.2,17.199,66.700,1069.350,10.968
30117,05/26/26 03:20:53 PM,2.34,3.67,44.9,16.625,69.665,1069.350,11.075
30118,05/26/26 03:30:53 PM,8.02,14.69,116.5,13.676,80.949,1069.350,10.481
30119,05/26/26 03:40:53 PM,6.01,9.68,110.9,10.652,89.679,1069.350,9.038
30120,05/26/26 03:50:53 PM,4.68,7.01,74.4,10.566,88.142,1069.350,8.697
30121,05/26/26 04:00:53 PM,3.34,6.35,70.2,11.518,86.049,1069.350,9.278
30122,05/26/26 04:10:53 PM,3.34,5.01,73.0,12.142,86.996,1069.350,10.056
30123,05/26/26 04:20:53 PM,4.01,6.01,68.8,12.547,86.062,1069.350,10.293
30124,05/26/26 04:30:53 PM,3.34,6.01,68.8,12.617,86.818,1069.350,10.493
30125,05/26/26 04:40:53 PM,3.34,5.34,66.0,13.306,84.196,1069.350,10.709
30126,05/26/26 04:50:53 PM,2.34,4.01,42.1,13.955,84.454,1069.350,11.392
30127,05/26/26 05:00:53 PM,2.67,4.34,50.5,15.263,79.052,1069.350,11.670
30128,05/26/26 05:10:53 PM,3.34,6.35,80.0,16.006,76.904,1069.350,11.974
30129,05/26/26 05:20:53 PM,4.68,9.68,60.4,15.917,75.569,1069.350,11.622
30130,05/26/26 05:30:53 PM,4.68,7.68,59.0,15.523,71.843,1069.350,10.480
30131,05/26/26 05:40:53 PM,3.67,5.68,70.2,14.521,77.043,1069.350,10.561
30132,05/26/26 05:50:53 PM,3.34,6.35,75.8,14.392,80.137,1069.350,11.028
30133,05/26/26 06:00:53 PM,2.67,4.68,61.8,14.287,81.987,1069.350,11.269
30134,05/26/26 06:10:53 PM,3.01,4.68,88.4,13.665,82.242,1069.350,10.708
30135,05/26/26 06:20:53 PM,1.00,3.34,92.7,12.705,87.587,1069.350,10.712
30136,05/26/26 06:30:53 PM,0.00,2.00,74.4,12.478,89.160,1069.350,10.756
30137,05/26/26 06:40:53 PM,2.00,3.01,342.6,12.566,89.183,1069.350,10.846
30138,05/26/26 06:50:53 PM,3.34,5.01,234.5,12.277,92.827,1069.350,11.164
30139,05/26/26 07:00:53 PM,3.34,5.01,207.8,11.826,94.672,1069.350,11.012
30140,05/26/26 07:10:53 PM,2.34,3.67,266.7,11.268,97.102,1069.350,10.838
30141,05/26/26 07:20:53 PM,2.34,4.01,266.7,11.177,97.162,1069.350,10.756
30142,05/26/26 07:30:53 PM,2.00,4.01,311.7,11.247,95.784,1069.350,10.611
30143,05/26/26 07:40:53 PM,4.34,5.68,338.3,11.290,93.616,1069.350,10.311
30144,05/26/26 07:50:53 PM,4.68,7.01,334.1,11.311,92.653,1069.350,10.177
30145,05/26/26 08:00:53 PM,5.01,7.35,334.1,11.461,91.264,1069.350,10.099
30146,05/26/26 08:10:53 PM,3.67,6.35,348.2,11.443,92.236,1069.350,10.240
30147,05/26/26 08:20:53 PM,3.34,4.68,355.2,11.486,91.743,1069.350,10.203
30148,05/26/26 08:30:53 PM,3.67,5.68,5.6,11.561,89.921,1069.350,9.977
30149,05/26/26 08:40:53 PM,3.34,4.34,1.4,11.360,90.802,1069.350,9.924
30150,05/26/26 08:50:53 PM,1.67,2.67,352.4,11.309,91.043,1069.350,9.913
30151,05/26/26 09:00:53 PM,0.33,1.34,339.7,10.984,93.368,1069.350,9.967
30152,05/26/26 09:10:53 PM,0.67,2.00,139.0,10.754,94.365,1069.350,9.897
30153,05/26/26 09:20:53 PM,0.00,0.67,155.8,10.901,93.069,1069.350,9.837
30154,05/26/26 09:30:53 PM,0.00,0.00,46.3,10.740,94.197,1069.350,9.857
30155,05/26/26 09:40:53 PM,1.00,1.67,290.6,10.491,96.201,1069.350,9.923
30156,05/26/26 09:50:53 PM,1.00,2.34,279.4,10.558,96.664,1069.350,10.062
30157,05/26/26 10:00:53 PM,1.67,2.67,244.3,10.392,97.279,1069.350,9.991
30158,05/26/26 10:10:53 PM,1.34,2.34,292.0,10.411,98.100,1069.350,10.135
30159,05/26/26 10:20:53 PM,2.00,3.34,325.7,10.606,96.745,1069.350,10.122
30160,05/26/26 10:30:53 PM,1.67,2.67,327.1,10.668,96.181,1069.350,10.096
30161,05/26/26 10:40:53 PM,2.34,3.67,331.3,10.775,95.232,1069.350,10.055
30162,05/26/26 10:50:53 PM,1.34,2.00,275.2,10.555,96.095,1069.350,9.970
30163,05/26/26 11:00:53 PM,1.34,2.67,297.6,10.295,97.325,1069.350,9.901
30164,05/26/26 11:10:53 PM,0.33,1.67,335.5,10.218,96.884,1069.350,9.756
30165,05/26/26 11:20:53 PM,1.00,3.34,282.2,10.054,97.385,1069.350,9.670
30166,05/26/26 11:30:53 PM,1.00,2.00,227.4,10.193,96.925,1069.350,9.738
30167,05/26/26 11:40:53 PM,0.33,1.00,251.3,9.813,97.163,1069.350,9.395
30168,05/26/26 11:50:53 PM,0.33,2.00,279.4,9.285,98.415,1069.350,9.058
30169,05/27/26 12:00:53 AM,1.34,2.34,307.5,9.287,98.093,1069.350,9.011
30170,05/27/26 12:10:53 AM,1.34,3.67,345.4,9.341,96.652,1069.350,8.846
30171,05/27/26 12:20:53 AM,1.00,3.34,336.9,9.606,95.778,1069.350,8.975
30172,05/27/26 12:30:53 AM,0.00,1.00,164.3,9.341,96.648,1069.350,8.845
30173,05/27/26 12:40:53 AM,1.67,2.34,4.2,9.767,95.940,1069.350,9.161
30174,05/27/26 12:50:53 AM,2.00,3.01,4.2,10.223,93.870,1069.350,9.291
30175,05/27/26 01:00:53 AM,2.00,2.34,5.6,10.258,92.804,1069.350,9.156
30176,05/27/26 01:10:53 AM,0.67,2.00,84.2,9.628,93.912,1069.350,8.706
30177,05/27/26 01:20:53 AM,0.00,0.00,108.1,8.665,96.698,1069.350,8.178
30178,05/27/26 01:30:53 AM,0.00,0.00,108.1,8.545,98.578,1069.350,8.342
30179,05/27/26 01:40:53 AM,0.00,0.00,108.1,8.759,97.618,1069.350,8.412
30180,05/27/26 01:50:53 AM,0.67,1.34,2.8,8.553,97.913,1069.350,8.251
30181,05/27/26 02:00:53 AM,0.00,1.00,355.2,9.169,95.862,1069.350,8.553
30182,05/27/26 02:10:53 AM,0.33,1.00,0.0,9.105,95.767,1069.350,8.474
30183,05/27/26 02:20:53 AM,0.67,1.67,355.2,8.909,96.336,1069.350,8.366
30184,05/27/26 02:30:53 AM,1.34,2.34,43.5,9.132,95.854,1069.350,8.515
30185,05/27/26 02:40:53 AM,1.00,1.67,16.8,9.529,94.385,1069.350,8.682
30186,05/27/26 02:50:53 AM,1.67,2.67,19.7,9.333,95.233,1069.350,8.619
30187,05/27/26 03:00:53 AM,1.67,3.01,57.6,9.306,95.563,1069.350,8.643
30188,05/27/26 03:10:53 AM,3.01,5.01,40.7,9.333,95.763,1069.350,8.701
30189,05/27/26 03:20:53 AM,3.01,4.68,37.9,9.445,94.836,1069.350,8.669
30190,05/27/26 03:30:53 AM,1.67,3.67,117.9,8.528,96.046,1069.350,7.942
30191,05/27/26 03:40:53 AM,2.67,5.01,67.4,8.923,95.644,1069.350,8.274
30192,05/27/26 03:50:53 AM,2.00,4.34,64.6,8.805,95.302,1069.350,8.104
30193,05/27/26 04:00:53 AM,0.67,2.34,88.4,8.325,96.568,1069.350,7.819
30194,05/27/26 04:10:53 AM,2.67,5.01,54.8,8.998,93.597,1069.350,8.030
30195,05/27/26 04:20:53 AM,1.00,3.67,116.5,8.201,94.742,1069.350,7.416
30196,05/27/26 04:30:53 AM,0.33,1.34,134.8,7.644,96.561,1069.350,7.139
30197,05/27/26 04:40:53 AM,0.00,0.00,136.2,7.486,97.462,1069.350,7.117
30198,05/27/26 04:50:53 AM,0.00,0.00,136.2,7.306,98.044,1069.350,7.024
30199,05/27/26 05:00:53 AM,0.00,0.00,136.2,7.319,98.042,1069.350,7.037
30200,05/27/26 05:10:53 AM,0.00,0.00,136.2,7.574,97.728,1069.350,7.245
30201,05/27/26 05:20:53 AM,0.00,0.00,136.2,7.504,97.044,1069.350,7.072
30202,05/27/26 05:30:53 AM,0.00,1.00,136.2,6.856,97.955,1069.350,6.561
30203,05/27/26 05:40:53 AM,0.33,1.00,140.4,6.062,98.024,1069.350,5.778
30204,05/27/26 05:50:53 AM,0.00,0.00,261.1,5.585,99.048,1069.350,5.451
30205,05/27/26 06:00:53 AM,0.00,0.00,261.1,5.885,99.832,1069.350,5.865
30206,05/27/26 06:10:53 AM,0.00,0.00,261.1,6.191,99.785,1069.350,6.165
30207,05/27/26 06:20:53 AM,0.00,0.00,261.1,6.724,99.997,1069.350,6.729
30208,05/27/26 06:30:53 AM,0.00,0.00,261.1,5.939,98.738,1069.350,5.760
30209,05/27/26 06:40:53 AM,0.00,0.00,280.8,4.898,99.527,1069.350,4.833
30210,05/27/26 06:50:53 AM,0.33,1.34,304.7,5.542,99.989,1069.350,5.544
30211,05/27/26 07:00:53 AM,1.00,1.67,336.9,6.164,99.892,1069.350,6.153
30212,05/27/26 07:10:53 AM,0.00,0.67,336.9,6.893,99.327,1069.350,6.801
30213,05/27/26 07:20:53 AM,0.00,1.00,329.9,7.823,98.767,1069.350,7.648
30214,05/27/26 07:30:53 AM,1.00,1.67,227.4,7.995,97.313,1069.350,7.603
30215,05/27/26 07:40:53 AM,0.00,0.33,233.1,8.330,97.536,1069.350,7.971
30216,05/27/26 07:50:53 AM,0.00,0.00,233.1,9.306,94.794,1069.350,8.524
30217,05/27/26 08:00:53 AM,0.00,0.00,233.1,9.419,93.590,1069.350,8.447
30218,05/27/26 08:10:53 AM,0.00,0.00,233.1,10.113,92.757,1069.350,9.004
30219,05/27/26 08:20:53 AM,0.00,0.00,233.1,10.861,88.684,1069.350,9.079
30220,05/27/26 08:30:53 AM,0.00,0.00,233.1,11.461,88.571,1069.350,9.652
30221,05/27/26 08:40:53 AM,0.00,1.00,233.1,12.129,87.907,1069.350,10.199
30222,05/27/26 08:50:53 AM,0.33,1.67,214.8,12.309,86.984,1069.350,10.218
30223,05/27/26 09:00:53 AM,1.00,2.00,134.8,12.708,86.032,1069.350,10.446
30224,05/27/26 09:10:53 AM,0.67,2.00,120.7,12.896,84.222,1069.350,10.312
30225,05/27/26 09:20:53 AM,0.33,1.67,84.2,13.515,82.863,1069.350,10.674
30226,05/27/26 09:30:53 AM,0.33,1.67,67.4,14.196,81.698,1069.350,11.127
30227,05/27/26 09:40:53 AM,0.67,2.00,140.4,14.687,80.298,1069.350,11.346
30228,05/27/26 09:50:53 AM,1.00,2.67,119.3,15.440,77.810,1069.350,11.602
30229,05/27/26 10:00:53 AM,1.67,3.34,115.1,15.882,77.707,1069.350,12.011
30230,05/27/26 10:10:53 AM,1.34,3.01,108.1,16.102,76.596,1069.350,12.006
30231,05/27/26 10:20:53 AM,2.00,3.67,82.8,17.215,74.108,1069.350,12.580
30232,05/27/26 10:30:53 AM,2.00,4.68,75.8,18.027,71.531,1069.350,12.822
30233,05/27/26 10:40:53 AM,1.67,3.67,80.0,18.625,68.763,1069.350,12.792
30234,05/27/26 10:50:53 AM,3.01,5.01,71.6,19.671,66.783,1069.350,13.343
30235,05/27/26 11:00:53 AM,3.67,6.35,71.6,20.502,63.786,1069.350,13.427
30236,05/27/26 11:10:53 AM,6.01,10.02,66.0,20.590,59.603,1069.350,12.472
30237,05/27/26 11:20:53 AM,7.01,11.02,89.9,20.950,54.501,1069.350,11.449
30238,05/27/26 11:30:53 AM,7.68,11.69,92.7,20.845,51.281,1069.350,10.435
30239,05/27/26 11:40:53 AM,8.02,12.02,92.7,22.298,48.319,1069.350,10.876
30240,05/27/26 11:50:53 AM,8.35,13.02,99.7,22.639,46.891,1069.350,10.736
30241,05/27/26 12:00:53 PM,8.35,13.36,94.1,22.641,46.601,1069.350,10.645
30242,05/27/26 12:10:53 PM,8.35,13.02,105.3,22.679,46.546,1069.350,10.662
30243,05/27/26 12:20:53 PM,7.35,11.35,95.5,22.437,46.715,1069.350,10.496
30244,05/27/26 12:30:53 PM,8.02,11.69,102.5,22.129,46.761,1069.350,10.230
30245,05/27/26 12:40:53 PM,8.35,12.02,110.9,22.990,46.069,1069.350,10.790
30246,05/27/26 12:50:53 PM,8.68,12.36,123.5,23.183,47.300,1069.350,11.364
30247,05/27/26 01:00:53 PM,8.68,12.69,127.8,23.006,46.273,1069.350,10.871
30248,05/27/26 01:10:53 PM,8.68,13.36,124.9,23.204,45.560,1069.350,10.818
30249,05/27/26 01:20:53 PM,8.35,13.36,122.1,23.408,44.920,1069.350,10.790
30250,05/27/26 01:30:53 PM,7.68,13.36,126.4,23.569,44.681,1069.350,10.856
30251,05/27/26 01:40:53 PM,8.35,11.69,127.8,23.242,44.743,1069.350,10.580
30252,05/27/26 01:50:53 PM,7.35,10.02,117.9,23.333,44.016,1069.350,10.417
30253,05/27/26 02:00:53 PM,7.01,10.02,105.3,23.081,43.304,1069.350,9.945
30254,05/27/26 02:10:53 PM,6.01,10.35,85.6,22.786,42.689,1069.350,9.465
30255,05/27/26 02:20:53 PM,5.68,9.35,98.3,23.033,44.422,1069.350,10.283
30256,05/27/26 02:30:53 PM,7.35,10.69,117.9,23.151,43.828,1069.350,10.188
30257,05/27/26 02:40:53 PM,6.68,11.02,126.4,24.202,42.585,1069.350,10.705
30258,05/27/26 02:50:53 PM,7.68,12.02,123.5,24.234,41.822,1069.350,10.462
30259,05/27/26 03:00:53 PM,8.68,12.69,119.3,23.858,39.040,1069.350,9.099
30260,05/27/26 03:10:53 PM,9.02,13.36,126.4,23.856,39.237,1069.350,9.172
30261,05/27/26 03:20:53 PM,7.68,11.69,120.7,24.030,39.733,1069.350,9.514
30262,05/27/26 03:30:53 PM,7.68,11.35,119.3,24.100,37.122,1069.350,8.568
30263,05/27/26 03:40:53 PM,6.01,9.68,133.4,23.861,39.509,1069.350,9.279
30264,05/27/26 03:50:53 PM,7.35,11.35,117.9,24.824,36.597,1069.350,8.998
30265,05/27/26 04:00:53 PM,8.68,14.36,115.1,24.553,34.707,1069.350,7.976
30266,05/27/26 04:10:53 PM,8.02,11.35,123.5,23.639,35.325,1069.350,7.431
30267,05/27/26 04:20:53 PM,7.68,11.02,119.3,23.952,34.151,1069.350,7.212
30268,05/27/26 04:30:53 PM,8.35,12.36,120.7,24.531,32.572,1069.350,7.027
30269,05/27/26 04:40:53 PM,8.35,11.35,126.4,24.212,32.338,1069.350,6.644
30270,05/27/26 04:50:53 PM,7.01,11.35,124.9,24.566,31.870,1069.350,6.740
30271,05/27/26 05:00:53 PM,7.01,11.02,123.5,25.228,32.067,1069.350,7.406
30272,05/27/26 05:10:53 PM,7.01,10.69,129.2,24.220,34.229,1069.350,7.480
30273,05/27/26 05:20:53 PM,6.68,9.35,133.4,23.606,34.936,1069.350,7.240
30274,05/27/26 05:30:53 PM,5.34,8.02,129.2,24.073,35.308,1069.350,7.806
30275,05/27/26 05:40:53 PM,6.01,8.02,126.4,24.156,34.038,1069.350,7.342
30276,05/27/26 05:50:53 PM,6.01,10.02,134.8,24.789,33.596,1069.350,7.705
30277,05/27/26 06:00:53 PM,6.35,8.68,115.1,25.006,31.838,1069.350,7.108
30278,05/27/26 06:10:53 PM,5.68,8.68,120.7,24.708,31.394,1069.350,6.645
30279,05/27/26 06:20:53 PM,6.35,10.02,122.1,24.041,31.063,1069.350,5.912
30280,05/27/26 06:30:53 PM,5.34,8.35,120.7,24.684,30.491,1069.350,6.200
30281,05/27/26 06:40:53 PM,6.01,10.02,126.4,24.416,29.973,1069.350,5.721
30282,05/27/26 06:50:53 PM,5.34,8.35,119.3,24.480,30.216,1069.350,5.893
30283,05/27/26 07:00:53 PM,4.68,6.68,113.7,23.840,30.666,1069.350,5.552
30284,05/27/26 07:10:53 PM,4.68,7.01,119.3,23.877,31.470,1069.350,5.958
30285,05/27/26 07:20:53 PM,4.01,6.35,123.5,23.588,33.503,1069.350,6.614
30286,05/27/26 07:30:53 PM,4.01,6.01,126.4,22.582,34.171,1069.350,6.018
30287,05/27/26 07:40:53 PM,3.67,6.01,120.7,21.826,35.482,1069.350,5.897
30288,05/27/26 07:50:53 PM,2.00,3.34,123.5,20.344,42.460,1069.350,7.184
30289,05/27/26 08:00:53 PM,1.00,2.34,117.9,19.767,44.245,1069.350,7.264
30290,05/27/26 08:10:53 PM,0.67,2.00,116.5,19.601,44.327,1069.350,7.141
30291,05/27/26 08:20:53 PM,0.00,1.00,106.7,19.148,45.985,1069.350,7.266
30292,05/27/26 08:30:53 PM,0.00,0.00,106.7,18.614,46.569,1069.350,6.963
30293,05/27/26 08:40:53 PM,0.00,0.00,106.7,18.561,44.781,1069.350,6.345
30294,05/27/26 08:50:53 PM,0.33,1.34,106.7,18.397,45.367,1069.350,6.385
30295,05/27/26 09:00:53 PM,1.00,1.67,351.0,16.357,53.269,1069.350,6.845
30296,05/27/26 09:10:53 PM,1.34,2.00,344.0,15.861,53.288,1069.350,6.390
30297,05/27/26 09:20:53 PM,1.00,1.67,345.4,16.266,52.357,1069.350,6.510
30298,05/27/26 09:30:53 PM,1.00,1.34,345.4,16.344,51.673,1069.350,6.391
30299,05/27/26 09:40:53 PM,0.67,1.34,346.8,16.655,50.011,1069.350,6.204
30300,05/27/26 09:50:53 PM,1.00,2.00,352.4,16.982,49.755,1069.350,6.430
30301,05/27/26 10:00:53 PM,1.34,2.34,292.0,15.853,54.292,1069.350,6.654
30302,05/27/26 10:10:53 PM,1.67,2.00,282.2,15.569,56.538,1069.350,6.980
30303,05/27/26 10:20:53 PM,2.67,5.01,259.7,15.038,58.251,1069.350,6.918
30304,05/27/26 10:30:53 PM,1.67,3.01,328.5,15.617,54.688,1069.350,6.540
30305,05/27/26 10:40:53 PM,2.00,3.01,292.0,15.571,54.441,1069.350,6.432
30306,05/27/26 10:50:53 PM,2.00,4.01,314.5,15.333,55.589,1069.350,6.513
30307,05/27/26 11:00:53 PM,2.00,3.67,287.8,15.046,56.793,1069.350,6.556
30308,05/27/26 11:10:53 PM,3.34,6.35,324.3,15.553,53.498,1069.350,6.162
30309,05/27/26 11:20:53 PM,3.67,5.34,320.1,16.952,45.690,1069.350,5.172
30310,05/27/26 11:30:53 PM,2.67,4.34,304.7,16.298,47.413,1069.350,5.107
30311,05/27/26 11:40:53 PM,1.67,4.01,252.7,15.046,51.693,1069.350,5.196
30312,05/27/26 11:50:53 PM,2.34,4.01,240.1,14.440,54.545,1069.350,5.407
30313,05/28/26 12:00:53 AM,1.67,2.67,287.8,13.689,57.819,1069.350,5.545
30314,05/28/26 12:10:53 AM,3.01,4.01,329.9,13.888,56.507,1069.350,5.400
30315,05/28/26 12:20:53 AM,2.67,3.67,335.5,14.531,53.446,1069.350,5.198
30316,05/28/26 12:30:53 AM,2.34,4.01,327.1,14.365,54.391,1069.350,5.296
30317,05/28/26 12:40:53 AM,1.34,2.67,231.6,13.003,59.474,1069.350,5.307
30318,05/28/26 12:50:53 AM,1.00,2.00,214.8,12.663,60.589,1069.350,5.254
30319,05/28/26 01:00:53 AM,1.34,3.34,265.3,12.319,61.038,1069.350,5.035
30320,05/28/26 01:10:53 AM,1.67,3.34,278.0,12.306,61.723,1069.350,5.183
30321,05/28/26 01:20:53 AM,1.67,3.67,271.0,11.596,64.247,1069.350,5.086
30322,05/28/26 01:30:53 AM,1.34,2.67,299.0,12.183,61.399,1069.350,4.991
30323,05/28/26 01:40:53 AM,1.67,2.67,268.1,12.596,59.596,1069.350,4.953
30324,05/28/26 01:50:53 AM,1.34,2.67,223.2,11.537,63.406,1069.350,4.841
30325,05/28/26 02:00:53 AM,0.33,2.00,310.3,11.386,63.784,1069.350,4.783
30326,05/28/26 02:10:53 AM,0.67,2.34,266.7,11.459,63.227,1069.350,4.726
30327,05/28/26 02:20:53 AM,2.00,2.67,276.6,10.684,66.690,1069.350,4.753
30328,05/28/26 02:30:53 AM,1.67,2.67,275.2,10.126,69.342,1069.350,4.778
30329,05/28/26 02:40:53 AM,2.34,3.34,294.8,9.735,70.538,1069.350,4.647
30330,05/28/26 02:50:53 AM,2.34,3.67,287.8,10.352,67.668,1069.350,4.644
30331,05/28/26 03:00:53 AM,2.34,3.34,287.8,10.681,65.447,1069.350,4.481
30332,05/28/26 03:10:53 AM,2.00,3.67,304.7,10.078,67.153,1069.350,4.273
30333,05/28/26 03:20:53 AM,2.00,2.67,292.0,9.571,68.788,1069.350,4.131
30334,05/28/26 03:30:53 AM,2.00,2.67,307.5,8.931,71.426,1069.350,4.053
30335,05/28/26 03:40:53 AM,2.00,3.01,297.6,8.274,74.403,1069.350,4.000
30336,05/28/26 03:50:53 AM,2.00,3.01,289.2,8.478,73.422,1069.350,4.008
30337,05/28/26 04:00:53 AM,1.67,2.00,285.0,8.679,72.029,1069.350,3.930
30338,05/28/26 04:10:53 AM,1.67,2.34,293.4,8.486,72.416,1069.350,3.820
30339,05/28/26 04:20:53 AM,1.00,2.00,311.7,8.389,72.741,1069.350,3.790
30340,05/28/26 04:30:53 AM,1.34,2.34,304.7,8.558,71.670,1069.350,3.742
30341,05/28/26 04:40:53 AM,1.34,2.00,279.4,8.295,72.647,1069.350,3.681
30342,05/28/26 04:50:53 AM,0.67,1.67,261.1,7.923,73.741,1069.350,3.534
30343,05/28/26 05:00:53 AM,1.67,2.34,268.1,7.129,76.733,1069.350,3.328
30344,05/28/26 05:10:53 AM,1.67,2.34,320.1,7.038,77.382,1069.350,3.359
30345,05/28/26 05:20:53 AM,1.00,2.00,334.1,7.842,74.597,1069.350,3.619
30346,05/28/26 05:30:53 AM,1.00,2.00,324.3,8.137,74.482,1069.350,3.883
30347,05/28/26 05:40:53 AM,1.67,2.67,245.7,7.898,75.981,1069.350,3.935
30348,05/28/26 05:50:53 AM,1.34,1.67,286.4,8.185,74.978,1069.350,4.024
30349,05/28/26 06:00:53 AM,1.00,2.00,304.7,9.116,71.876,1069.350,4.320
30350,05/28/26 06:10:53 AM,0.67,1.67,289.2,9.740,70.536,1069.350,4.652
30351,05/28/26 06:20:53 AM,1.00,2.00,226.0,8.427,77.066,1069.350,4.650
30352,05/28/26 06:30:53 AM,0.67,1.34,235.9,8.537,77.789,1069.350,4.891
30353,05/28/26 06:40:53 AM,0.33,1.67,247.1,8.933,76.521,1069.350,5.040
30354,05/28/26 06:50:53 AM,0.33,1.34,64.6,8.724,78.410,1069.350,5.187
30355,05/28/26 07:00:53 AM,0.00,0.67,74.4,8.263,80.594,1069.350,5.132
30356,05/28/26 07:10:53 AM,0.00,0.00,74.4,9.049,76.936,1069.350,5.230
30357,05/28/26 07:20:53 AM,0.00,0.67,74.4,9.563,75.698,1069.350,5.495
30358,05/28/26 07:30:53 AM,0.00,1.00,85.6,9.711,79.808,1069.350,6.403
30359,05/28/26 07:40:53 AM,0.33,1.34,115.1,9.175,83.124,1069.350,6.470
30360,05/28/26 07:50:53 AM,1.34,2.00,144.6,8.974,85.856,1069.350,6.743
30361,05/28/26 08:00:53 AM,0.33,1.34,157.2,9.708,84.639,1069.350,7.256
30362,05/28/26 08:10:53 AM,0.33,1.34,130.6,10.764,80.995,1069.350,7.646
30363,05/28/26 08:20:53 AM,1.34,2.67,71.6,11.695,74.913,1069.350,7.407
30364,05/28/26 08:30:53 AM,1.67,2.67,70.2,12.159,72.459,1069.350,7.368
30365,05/28/26 08:40:53 AM,1.67,2.67,61.8,12.373,72.296,1069.350,7.541
30366,05/28/26 08:50:53 AM,1.67,3.01,87.0,13.016,69.114,1069.350,7.499
30367,05/28/26 09:00:53 AM,1.67,2.67,116.5,13.325,71.112,1069.350,8.214
30368,05/28/26 09:10:53 AM,2.34,3.34,99.7,13.923,69.570,1069.350,8.465
30369,05/28/26 09:20:53 AM,3.34,5.68,73.0,14.920,65.194,1069.350,8.458
30370,05/28/26 09:30:53 AM,4.34,7.35,73.0,15.655,61.407,1069.350,8.272
30371,05/28/26 09:40:53 AM,5.01,7.68,61.8,16.395,59.373,1069.350,8.472
30372,05/28/26 09:50:53 AM,6.01,9.35,56.2,17.274,56.692,1069.350,8.613
30373,05/28/26 10:00:53 AM,6.01,10.02,60.4,17.177,57.070,1069.350,8.621
30374,05/28/26 10:10:53 AM,5.68,8.35,57.6,17.129,58.393,1069.350,8.915
30375,05/28/26 10:20:53 AM,6.35,9.68,54.8,17.858,57.345,1069.350,9.329
30376,05/28/26 10:30:53 AM,7.01,9.68,50.5,18.132,56.277,1069.350,9.306
30377,05/28/26 10:40:53 AM,6.35,8.68,47.7,18.571,55.799,1069.350,9.588
30378,05/28/26 10:50:53 AM,6.68,9.68,50.5,18.236,56.391,1069.350,9.433
30379,05/28/26 11:00:53 AM,6.35,9.02,60.4,18.496,54.865,1069.350,9.267
30380,05/28/26 11:10:53 AM,6.35,9.02,60.4,18.413,54.282,1069.350,9.032
30381,05/28/26 11:20:53 AM,6.01,8.35,63.2,18.480,54.618,1069.350,9.185
30382,05/28/26 11:30:53 AM,6.01,8.35,63.2,18.815,54.170,1069.350,9.374
30383,05/28/26 11:40:53 AM,5.34,8.35,56.2,19.153,53.608,1069.350,9.533
30384,05/28/26 11:50:53 AM,5.68,8.68,49.1,19.228,52.955,1069.350,9.420
30385,05/28/26 12:00:53 PM,5.01,7.35,61.8,19.665,51.379,1069.350,9.375
30386,05/28/26 12:10:53 PM,5.01,8.02,68.8,19.958,49.830,1069.350,9.190
30387,05/28/26 12:20:53 PM,4.68,6.68,109.5,19.805,46.723,1069.350,8.098
30388,05/28/26 12:30:53 PM,4.34,6.68,112.3,19.622,47.344,1069.350,8.125
30389,05/28/26 12:40:53 PM,4.01,5.68,113.7,19.797,47.532,1069.350,8.344
30390,05/28/26 12:50:53 PM,4.34,6.01,119.3,19.874,46.644,1069.350,8.136
30391,05/28/26 01:00:53 PM,4.01,5.68,113.7,19.998,45.579,1069.350,7.909
30392,05/28/26 01:10:53 PM,4.01,5.68,120.7,20.212,44.892,1069.350,7.881
30393,05/28/26 01:20:53 PM,4.34,6.01,122.1,20.000,43.311,1069.350,7.163
30394,05/28/26 01:30:53 PM,3.67,5.34,127.8,19.746,43.626,1069.350,7.039
30395,05/28/26 01:40:53 PM,3.34,4.68,115.1,19.620,42.823,1069.350,6.655
30396,05/28/26 01:50:53 PM,3.01,4.34,102.5,19.665,42.947,1069.350,6.738
30397,05/28/26 02:00:53 PM,2.67,4.01,94.1,19.708,43.796,1069.350,7.062
30398,05/28/26 02:10:53 PM,2.67,4.34,94.1,20.274,44.250,1069.350,7.725
30399,05/28/26 02:20:53 PM,4.01,6.68,96.9,21.550,40.572,1069.350,7.603
30400,05/28/26 02:30:53 PM,5.01,8.02,101.1,23.322,36.333,1069.350,7.563
30401,05/28/26 02:40:53 PM,6.01,9.68,92.7,23.282,34.018,1069.350,6.567
30402,05/28/26 02:50:53 PM,6.01,11.02,95.5,23.837,33.497,1069.350,6.829
30403,05/28/26 03:00:53 PM,6.01,9.02,105.3,24.384,32.377,1069.350,6.811
30404,05/28/26 03:10:53 PM,7.01,11.69,106.7,23.689,31.957,1069.350,6.017
30405,05/28/26 03:20:53 PM,7.68,11.02,115.1,21.982,33.613,1069.350,5.254
30406,05/28/26 03:30:53 PM,7.01,10.02,122.1,21.832,35.654,1069.350,5.972
30407,05/28/26 03:40:53 PM,7.35,12.36,130.6,22.499,35.016,1069.350,6.299
30408,05/28/26 03:50:53 PM,9.02,13.36,143.2,23.799,31.160,1069.350,5.747
30409,05/28/26 04:00:53 PM,8.35,12.69,147.4,23.724,27.332,1069.350,3.805
30410,05/28/26 04:10:53 PM,8.35,12.02,155.8,22.298,25.075,1069.350,1.380
30411,05/28/26 04:20:53 PM,7.35,13.69,178.3,20.888,33.156,1069.350,4.100
30412,05/28/26 04:30:53 PM,7.35,12.36,227.4,18.287,44.073,1069.350,5.866
30413,05/28/26 04:40:53 PM,5.68,10.35,213.4,19.075,42.081,1069.350,5.910
30414,05/28/26 04:50:53 PM,5.68,8.68,219.0,19.515,43.221,1069.350,6.695
30415,05/28/26 05:00:53 PM,6.01,9.02,226.0,19.700,44.570,1069.350,7.310
30416,05/28/26 05:10:53 PM,5.01,8.68,219.0,19.823,42.934,1069.350,6.876
30417,05/28/26 05:20:53 PM,4.68,7.68,231.6,20.754,39.280,1069.350,6.419
30418,05/28/26 05:30:53 PM,4.01,7.01,220.4,20.882,38.006,1069.350,6.055
30419,05/28/26 05:40:53 PM,5.01,7.68,240.1,20.692,38.228,1069.350,5.970
30420,05/28/26 05:50:53 PM,4.01,6.35,280.8,20.277,42.614,1069.350,7.177
30421,05/28/26 06:00:53 PM,4.34,6.68,296.2,19.797,44.865,1069.350,7.495
30422,05/28/26 06:10:53 PM,4.01,6.01,289.2,19.260,44.831,1069.350,6.996
30423,05/28/26 06:20:53 PM,3.67,6.68,313.1,18.349,45.917,1069.350,6.516
30424,05/28/26 06:30:53 PM,3.34,6.35,308.9,18.829,45.112,1069.350,6.696
30425,05/28/26 06:40:53 PM,4.68,8.02,301.8,19.011,46.770,1069.350,7.388
30426,05/28/26 06:50:53 PM,4.34,6.68,322.9,19.086,46.950,1069.350,7.513
30427,05/28/26 07:00:53 PM,4.01,6.68,321.5,19.161,46.090,1069.350,7.311
30428,05/28/26 07:10:53 PM,3.01,5.34,297.6,19.140,46.671,1069.350,7.475
30429,05/28/26 07:20:53 PM,3.67,5.68,276.6,18.714,46.914,1069.350,7.162
30430,05/28/26 07:30:53 PM,3.67,5.34,280.8,18.220,48.614,1069.350,7.230
30431,05/28/26 07:40:53 PM,3.67,5.34,299.0,18.467,47.852,1069.350,7.225
30432,05/28/26 07:50:53 PM,3.67,5.34,311.7,18.089,48.060,1069.350,6.943
30433,05/28/26 08:00:53 PM,3.34,5.34,304.7,17.644,49.299,1069.350,6.905
30434,05/28/26 08:10:53 PM,3.01,4.34,304.7,17.580,50.468,1069.350,7.188
30435,05/28/26 08:20:53 PM,3.01,4.01,297.6,17.105,51.966,1069.350,7.177
30436,05/28/26 08:30:53 PM,2.34,3.34,296.2,16.368,53.822,1069.350,7.006
30437,05/28/26 08:40:53 PM,2.67,3.67,300.4,16.019,54.989,1069.350,6.994
30438,05/28/26 08:50:53 PM,2.67,3.67,293.4,15.250,57.162,1069.350,6.841
30439,05/28/26 09:00:53 PM,2.34,3.34,287.8,14.740,57.432,1069.350,6.432
30440,05/28/26 09:10:53 PM,2.00,3.01,276.6,13.856,59.591,1069.350,6.138
30441,05/28/26 09:20:53 PM,2.00,2.67,271.0,13.145,61.172,1069.350,5.846
30442,05/28/26 09:30:53 PM,1.34,2.67,290.6,12.201,64.109,1069.350,5.630
30443,05/28/26 09:40:53 PM,1.67,2.34,254.1,11.448,66.470,1069.350,5.434
30444,05/28/26 09:50:53 PM,2.34,3.34,252.7,11.467,66.540,1069.350,5.468
30445,05/28/26 10:00:53 PM,2.00,2.67,266.7,11.818,65.083,1069.350,5.483
30446,05/28/26 10:10:53 PM,2.00,2.67,255.5,9.802,71.205,1069.350,4.846
30447,05/28/26 10:20:53 PM,1.67,2.67,263.9,10.338,69.320,1069.350,4.976
30448,05/28/26 10:30:53 PM,2.00,3.01,241.5,8.630,74.047,1069.350,4.276
30449,05/28/26 10:40:53 PM,1.67,3.01,271.0,8.598,74.754,1069.350,4.381
30450,05/28/26 10:50:53 PM,2.67,4.01,308.9,10.907,66.020,1069.350,4.821
30451,05/28/26 11:00:53 PM,2.34,4.01,310.3,11.116,66.076,1069.350,5.032
30452,05/28/26 11:10:53 PM,1.34,3.34,275.2,10.295,68.161,1069.350,4.693
30453,05/28/26 11:20:53 PM,3.01,4.34,234.5,8.188,74.023,1069.350,3.844
30454,05/28/26 11:30:53 PM,2.67,4.01,235.9,8.555,73.512,1069.350,4.100
30455,05/28/26 11:40:53 PM,2.67,3.67,235.9,8.392,73.465,1069.350,3.934
30456,05/28/26 11:50:53 PM,2.00,3.01,258.3,8.523,72.914,1069.350,3.953
30457,05/29/26 12:00:53 AM,2.00,3.01,252.7,7.837,74.803,1069.350,3.653
30458,05/29/26 12:10:53 AM,2.00,3.67,252.7,7.502,75.064,1069.350,3.379
30459,05/29/26 12:20:53 AM,2.67,3.67,258.3,7.679,75.293,1069.350,3.593
30460,05/29/26 12:30:53 AM,2.34,3.67,268.1,7.805,74.829,1069.350,3.627
30461,05/29/26 12:40:53 AM,2.00,3.67,278.0,7.478,77.163,1069.350,3.746
30462,05/29/26 12:50:53 AM,2.34,4.34,265.3,8.695,72.706,1069.350,4.078
30463,05/29/26 01:00:53 AM,2.34,3.34,249.9,7.821,73.129,1069.350,3.317
30464,05/29/26 01:10:53 AM,2.34,3.67,269.6,7.386,74.482,1069.350,3.156
30465,05/29/26 01:20:53 AM,1.67,3.01,278.0,6.614,78.201,1069.350,3.096
30466,05/29/26 01:30:53 AM,2.67,4.01,273.8,6.547,78.706,1069.350,3.121
30467,05/29/26 01:40:53 AM,3.01,3.67,273.8,7.783,77.971,1069.350,4.191
30468,05/29/26 01:50:53 AM,3.67,5.34,269.6,9.365,72.329,1069.350,4.650
30469,05/29/26 02:00:53 AM,2.34,4.01,269.6,8.569,73.411,1069.350,4.094
30470,05/29/26 02:10:53 AM,2.34,4.01,258.3,7.515,77.514,1069.350,3.847
30471,05/29/26 02:20:53 AM,2.34,4.34,251.3,7.252,79.261,1069.350,3.908
30472,05/29/26 02:30:53 AM,2.67,3.67,247.1,7.510,78.030,1069.350,3.936
30473,05/29/26 02:40:53 AM,2.34,4.01,251.3,7.041,78.534,1069.350,3.571
30474,05/29/26 02:50:53 AM,2.34,3.34,242.9,6.732,79.188,1069.350,3.388
30475,05/29/26 03:00:53 AM,2.34,4.34,244.3,6.620,79.825,1069.350,3.392
30476,05/29/26 03:10:53 AM,2.67,4.34,251.3,7.134,77.104,1069.350,3.401
30477,05/29/26 03:20:53 AM,3.34,4.68,248.5,6.440,79.197,1069.350,3.105
30478,05/29/26 03:30:53 AM,2.67,3.67,256.9,6.003,80.223,1069.350,2.861
30479,05/29/26 03:40:53 AM,2.00,2.67,273.8,6.134,81.588,1069.350,3.227
30480,05/29/26 03:50:53 AM,2.00,4.01,252.7,7.515,76.240,1069.350,3.612
30481,05/29/26 04:00:53 AM,2.00,4.68,258.3,6.657,77.029,1069.350,2.924
30482,05/29/26 04:10:53 AM,1.67,3.67,273.8,5.585,81.268,1069.350,2.635
30483,05/29/26 04:20:53 AM,2.00,3.34,245.7,6.067,80.574,1069.350,2.985
30484,05/29/26 04:30:53 AM,2.34,4.01,240.1,5.435,81.804,1069.350,2.580
30485,05/29/26 04:40:53 AM,2.67,4.01,240.1,5.668,81.735,1069.350,2.796
30486,05/29/26 04:50:53 AM,2.34,4.34,276.6,4.767,82.670,1069.350,2.074
30487,05/29/26 05:00:53 AM,2.00,4.01,289.2,5.360,83.165,1069.350,2.739
30488,05/29/26 05:10:53 AM,3.67,5.01,320.1,5.877,82.580,1069.350,3.146
30489,05/29/26 05:20:53 AM,1.67,4.01,279.4,5.821,82.452,1069.350,3.069
30490,05/29/26 05:30:53 AM,1.67,2.67,255.5,5.317,83.499,1069.350,2.754
30491,05/29/26 05:40:53 AM,2.67,5.01,261.1,5.896,82.502,1069.350,3.151
30492,05/29/26 05:50:53 AM,2.67,4.34,271.0,6.035,81.376,1069.350,3.093
30493,05/29/26 06:00:53 AM,2.67,5.01,318.7,6.389,80.836,1069.350,3.345
30494,05/29/26 06:10:53 AM,2.34,4.68,313.1,6.411,80.522,1069.350,3.311
30495,05/29/26 06:20:53 AM,1.67,3.01,272.4,5.949,81.691,1069.350,3.064
30496,05/29/26 06:30:53 AM,2.34,4.01,306.1,6.126,81.384,1069.350,3.184
30497,05/29/26 06:40:53 AM,1.67,3.67,293.4,7.011,79.078,1069.350,3.640
30498,05/29/26 06:50:53 AM,2.00,4.01,300.4,6.826,79.339,1069.350,3.507
30499,05/29/26 07:00:53 AM,1.34,2.67,279.4,7.011,79.182,1069.350,3.659
30500,05/29/26 07:10:53 AM,3.34,5.01,307.5,8.019,76.103,1069.350,4.075
30501,05/29/26 07:20:53 AM,3.67,5.01,311.7,8.424,75.384,1069.350,4.332
30502,05/29/26 07:30:53 AM,2.67,4.34,303.2,9.542,73.031,1069.350,4.959
30503,05/29/26 07:40:53 AM,2.67,4.68,307.5,10.740,69.734,1069.350,5.447
30504,05/29/26 07:50:53 AM,3.34,5.01,310.3,10.802,68.875,1069.350,5.328
30505,05/29/26 08:00:53 AM,3.01,5.01,306.1,10.772,70.126,1069.350,5.559
30506,05/29/26 08:10:53 AM,3.01,4.01,308.9,11.290,69.754,1069.350,5.979
30507,05/29/26 08:20:53 AM,3.01,4.34,294.8,12.327,67.596,1069.350,6.516
30508,05/29/26 08:30:53 AM,3.01,4.68,283.6,13.523,62.472,1069.350,6.508
30509,05/29/26 08:40:53 AM,3.01,4.68,266.7,13.719,61.572,1069.350,6.483
30510,05/29/26 08:50:53 AM,3.01,5.01,266.7,13.802,61.183,1069.350,6.469
30511,05/29/26 09:00:53 AM,2.34,4.01,292.0,14.606,59.835,1069.350,6.903
30512,05/29/26 09:10:53 AM,2.34,3.34,292.0,15.086,57.812,1069.350,6.852
30513,05/29/26 09:20:53 AM,2.67,4.34,269.6,15.327,55.401,1069.350,6.458
30514,05/29/26 09:30:53 AM,2.67,4.34,278.0,15.491,55.087,1069.350,6.528
30515,05/29/26 09:40:53 AM,2.67,4.01,269.6,15.904,53.719,1069.350,6.547
30516,05/29/26 09:50:53 AM,3.01,4.34,255.5,16.427,52.361,1069.350,6.660
30517,05/29/26 10:00:53 AM,2.67,4.34,268.1,16.842,51.440,1069.350,6.786
30518,05/29/26 10:10:53 AM,2.67,5.01,259.7,17.124,50.777,1069.350,6.857
30519,05/29/26 10:20:53 AM,3.01,5.68,262.5,17.295,51.112,1069.350,7.111
30520,05/29/26 10:30:53 AM,3.01,5.01,262.5,17.392,50.506,1069.350,7.026
30521,05/29/26 10:40:53 AM,3.01,4.68,261.1,17.488,50.648,1069.350,7.156
30522,05/29/26 10:50:53 AM,2.34,4.01,254.1,17.706,49.787,1069.350,7.106
30523,05/29/26 11:00:53 AM,2.34,4.01,266.7,17.754,47.324,1069.350,6.411
30524,05/29/26 11:10:53 AM,2.00,3.67,265.3,18.328,46.722,1069.350,6.750
30525,05/29/26 11:20:53 AM,1.67,3.34,244.3,18.655,44.050,1069.350,6.192
30526,05/29/26 11:30:53 AM,1.34,2.67,185.3,19.269,43.041,1069.350,6.412
30527,05/29/26 11:40:53 AM,1.67,4.34,188.1,19.454,39.463,1069.350,5.324
30528,05/29/26 11:50:53 AM,2.00,3.34,193.7,19.344,39.225,1069.350,5.138
30529,05/29/26 12:00:53 PM,1.67,4.34,214.8,19.714,38.415,1069.350,5.169
30530,05/29/26 12:10:53 PM,2.00,6.68,193.7,19.644,38.344,1069.350,5.080
30531,05/29/26 12:20:53 PM,2.34,4.34,202.2,19.743,37.693,1069.350,4.922
30532,05/29/26 12:30:53 PM,1.67,4.01,235.9,20.011,37.548,1069.350,5.105
30533,05/29/26 12:40:53 PM,1.67,3.67,321.5,20.159,37.780,1069.350,5.325
30534,05/29/26 12:50:53 PM,1.67,3.01,327.1,20.212,37.708,1069.350,5.345
30535,05/29/26 01:00:53 PM,2.67,5.34,261.1,20.861,39.504,1069.350,6.597
30536,05/29/26 01:10:53 PM,3.67,7.01,244.3,20.695,39.275,1069.350,6.364
30537,05/29/26 01:20:53 PM,1.67,4.01,158.6,21.167,38.248,1069.350,6.400
30538,05/29/26 01:30:53 PM,2.67,5.34,258.3,22.089,37.258,1069.350,6.839
30539,05/29/26 01:40:53 PM,3.67,6.01,266.7,21.698,37.244,1069.350,6.486
30540,05/29/26 01:50:53 PM,4.01,8.35,248.5,21.049,37.456,1069.350,5.992
30541,05/29/26 02:00:53 PM,3.34,5.68,273.8,21.475,37.493,1069.350,6.385
30542,05/29/26 02:10:53 PM,3.67,6.01,242.9,21.153,38.555,1069.350,6.504
30543,05/29/26 02:20:53 PM,3.34,7.68,228.8,21.011,37.449,1069.350,5.956
30544,05/29/26 02:30:53 PM,3.34,6.01,234.5,21.810,36.089,1069.350,6.128
30545,05/29/26 02:40:53 PM,4.68,8.02,254.1,21.915,36.689,1069.350,6.460
30546,05/29/26 02:50:53 PM,4.01,7.01,255.5,22.014,36.153,1069.350,6.334
30547,05/29/26 03:00:53 PM,4.34,7.68,262.5,22.145,35.767,1069.350,6.294
30548,05/29/26 03:10:53 PM,2.67,7.35,318.7,21.891,35.172,1069.350,5.828
30549,05/29/26 03:20:53 PM,4.34,8.02,263.9,22.081,34.946,1069.350,5.902
30550,05/29/26 03:30:53 PM,4.34,7.35,255.5,21.907,34.566,1069.350,5.591
30551,05/29/26 03:40:53 PM,4.01,7.01,271.0,22.006,34.037,1069.350,5.456
30552,05/29/26 03:50:53 PM,4.01,6.35,275.2,21.829,33.916,1069.350,5.249
30553,05/29/26 04:00:53 PM,4.01,7.35,303.2,21.563,34.003,1069.350,5.052
30554,05/29/26 04:10:53 PM,3.34,7.01,296.2,21.689,33.140,1069.350,4.794
30555,05/29/26 04:20:53 PM,4.01,7.01,240.1,21.880,32.747,1069.350,4.790
30556,05/29/26 04:30:53 PM,2.67,4.68,249.9,20.695,33.156,1069.350,3.931
30557,05/29/26 04:40:53 PM,3.01,5.68,231.6,21.193,33.252,1069.350,4.408
30558,05/29/26 04:50:53 PM,3.01,5.68,245.7,20.703,32.877,1069.350,3.818
30559,05/29/26 05:00:53 PM,4.01,7.01,247.1,22.244,32.035,1069.350,4.793
30560,05/29/26 05:10:53 PM,5.01,8.02,251.3,21.821,32.900,1069.350,4.805
30561,05/29/26 05:20:53 PM,5.68,7.68,258.3,20.695,33.732,1069.350,4.176
30562,05/29/26 05:30:53 PM,6.01,9.68,263.9,21.660,33.289,1069.350,4.833
30563,05/29/26 05:40:53 PM,6.68,9.35,259.7,21.188,34.414,1069.350,4.895
30564,05/29/26 05:50:53 PM,7.35,11.35,262.5,20.639,36.159,1069.350,5.121
30565,05/29/26 06:00:53 PM,7.35,10.35,258.3,19.880,37.350,1069.350,4.913
30566,05/29/26 06:10:53 PM,7.35,11.02,261.1,19.840,37.450,1069.350,4.916
30567,05/29/26 06:20:53 PM,8.02,11.35,263.9,19.848,37.754,1069.350,5.039
30568,05/29/26 06:30:53 PM,7.35,11.02,262.5,19.840,39.501,1069.350,5.683
30569,05/29/26 06:40:53 PM,7.68,10.69,265.3,19.545,40.552,1069.350,5.798
30570,05/29/26 06:50:53 PM,7.35,11.69,265.3,19.443,41.463,1069.350,6.027
30571,05/29/26 07:00:53 PM,8.02,11.35,268.1,18.893,42.933,1069.350,6.035
30572,05/29/26 07:10:53 PM,6.68,11.02,268.1,18.939,43.169,1069.350,6.156
30573,05/29/26 07:20:53 PM,6.68,10.02,271.0,18.770,43.116,1069.350,5.986
30574,05/29/26 07:30:53 PM,6.68,10.35,265.3,17.842,43.644,1069.350,5.322
30575,05/29/26 07:40:53 PM,6.01,8.68,268.1,17.478,44.134,1069.350,5.152
30576,05/29/26 07:50:53 PM,6.01,10.35,273.8,17.799,43.323,1069.350,5.177
30577,05/29/26 08:00:53 PM,6.01,9.35,268.1,17.065,44.231,1069.350,4.809
30578,05/29/26 08:10:53 PM,5.01,7.68,269.6,16.507,47.323,1069.350,5.271
30579,05/29/26 08:20:53 PM,4.68,6.68,268.1,16.180,50.089,1069.350,5.789
30580,05/29/26 08:30:53 PM,5.01,7.68,268.1,15.979,51.019,1069.350,5.869
30581,05/29/26 08:40:53 PM,5.68,8.02,271.0,15.896,51.373,1069.350,5.893
30582,05/29/26 08:50:53 PM,6.01,9.35,268.1,15.427,51.991,1069.350,5.632
30583,05/29/26 09:00:53 PM,6.01,9.02,272.4,14.968,52.473,1069.350,5.340
30584,05/29/26 09:10:53 PM,5.01,7.68,271.0,14.483,53.797,1069.350,5.248
30585,05/29/26 09:20:53 PM,5.01,8.02,273.8,14.062,55.084,1069.350,5.196
30586,05/29/26 09:30:53 PM,4.68,6.35,275.2,13.622,56.442,1069.350,5.135
30587,05/29/26 09:40:53 PM,4.01,5.68,279.4,13.389,56.944,1069.350,5.044
30588,05/29/26 09:50:53 PM,4.01,6.01,276.6,13.218,57.330,1069.350,4.981
30589,05/29/26 10:00:53 PM,4.68,7.01,275.2,13.231,57.063,1069.350,4.926
30590,05/29/26 10:10:53 PM,5.34,7.68,273.8,13.392,56.448,1069.350,4.922
30591,05/29/26 10:20:53 PM,5.68,8.35,275.2,13.437,56.301,1069.350,4.926
30592,05/29/26 10:30:53 PM,5.68,8.35,273.8,13.319,56.809,1069.350,4.945
30593,05/29/26 10:40:53 PM,5.34,7.35,282.2,13.352,56.866,1069.350,4.990
30594,05/29/26 10:50:53 PM,5.01,7.68,280.8,13.349,56.869,1069.350,4.988
30595,05/29/26 11:00:53 PM,4.01,6.35,279.4,13.030,57.951,1069.350,4.959
30596,05/29/26 11:10:53 PM,4.68,6.68,285.0,12.974,57.807,1069.350,4.871
30597,05/29/26 11:20:53 PM,5.01,7.01,289.2,12.982,57.490,1069.350,4.800
30598,05/29/26 11:30:53 PM,4.34,6.68,287.8,12.673,58.250,1069.350,4.698
30599,05/29/26 11:40:53 PM,4.01,5.68,285.0,12.352,58.946,1069.350,4.567
30600,05/29/26 11:50:53 PM,4.34,6.01,283.6,12.228,59.242,1069.350,4.521
30601,05/30/26 12:00:53 AM,4.68,7.01,287.8,12.234,59.228,1069.350,4.524
30602,05/30/26 12:10:53 AM,4.01,6.35,286.4,12.212,59.307,1069.350,4.522
30603,05/30/26 12:20:53 AM,3.67,5.01,287.8,11.928,60.159,1069.350,4.459
30604,05/30/26 12:30:53 AM,4.01,5.68,282.2,11.802,60.421,1069.350,4.402
30605,05/30/26 12:40:53 AM,3.67,5.68,282.2,11.778,60.525,1069.350,4.404
30606,05/30/26 12:50:53 AM,4.01,6.01,283.6,11.772,60.743,1069.350,4.449
30607,05/30/26 01:00:53 AM,4.01,6.01,286.4,11.684,61.122,1069.350,4.455
30608,05/30/26 01:10:53 AM,4.01,5.34,276.6,11.333,62.269,1069.350,4.389
30609,05/30/26 01:20:53 AM,3.67,5.01,271.0,10.786,64.039,1069.350,4.270
30610,05/30/26 01:30:53 AM,3.01,4.01,273.8,10.142,66.163,1069.350,4.123
30611,05/30/26 01:40:53 AM,3.34,5.01,275.2,10.145,67.172,1069.350,4.341
30612,05/30/26 01:50:53 AM,3.01,4.34,273.8,10.188,67.427,1069.350,4.436
30613,05/30/26 02:00:53 AM,2.67,4.01,271.0,9.711,69.122,1069.350,4.334
30614,05/30/26 02:10:53 AM,3.01,4.34,266.7,9.295,70.632,1069.350,4.243
30615,05/30/26 02:20:53 AM,3.67,4.68,268.1,9.309,71.151,1069.350,4.361
30616,05/30/26 02:30:53 AM,3.67,5.01,271.0,9.402,71.188,1069.350,4.458
30617,05/30/26 02:40:53 AM,3.34,5.34,279.4,9.370,71.296,1069.350,4.449
30618,05/30/26 02:50:53 AM,3.34,5.01,289.2,9.220,71.655,1069.350,4.376
30619,05/30/26 03:00:53 AM,4.01,6.01,283.6,9.212,71.820,1069.350,4.402
30620,05/30/26 03:10:53 AM,4.68,6.01,283.6,9.526,70.675,1069.350,4.474
30621,05/30/26 03:20:53 AM,4.34,5.68,294.8,8.861,72.671,1069.350,4.231
30622,05/30/26 03:30:53 AM,4.01,6.35,287.8,8.893,72.876,1069.350,4.302
30623,05/30/26 03:40:53 AM,4.68,7.01,286.4,8.941,72.802,1069.350,4.334
30624,05/30/26 03:50:53 AM,5.01,7.01,283.6,8.931,73.042,1069.350,4.372
30625,05/30/26 04:00:53 AM,5.68,7.68,282.2,9.016,72.892,1069.350,4.424
30626,05/30/26 04:10:53 AM,4.68,6.68,289.2,8.464,74.665,1069.350,4.234
30627,05/30/26 04:20:53 AM,4.68,6.35,292.0,8.212,76.088,1069.350,4.259
30628,05/30/26 04:30:53 AM,4.68,6.01,286.4,8.309,76.194,1069.350,4.373
30629,05/30/26 04:40:53 AM,4.34,6.35,294.8,8.319,76.600,1069.350,4.459
30630,05/30/26 04:50:53 AM,4.01,6.01,297.6,7.987,77.807,1069.350,4.359
30631,05/30/26 05:00:53 AM,3.67,5.68,297.6,7.472,80.024,1069.350,4.259
30632,05/30/26 05:10:53 AM,4.68,7.01,293.4,8.191,78.433,1069.350,4.672
30633,05/30/26 05:20:53 AM,5.01,7.01,294.8,8.416,77.916,1069.350,4.796
30634,05/30/26 05:30:53 AM,4.68,6.35,303.2,8.285,78.276,1069.350,4.735
30635,05/30/26 05:40:53 AM,4.34,6.35,297.6,8.014,79.498,1069.350,4.693
30636,05/30/26 05:50:53 AM,4.34,5.68,301.8,7.759,80.523,1069.350,4.627
30637,05/30/26 06:00:53 AM,4.34,6.68,292.0,8.000,80.780,1069.350,4.908
30638,05/30/26 06:10:53 AM,4.68,7.01,296.2,7.864,81.324,1069.350,4.872
30639,05/30/26 06:20:53 AM,4.68,6.68,294.8,7.837,81.886,1069.350,4.944
30640,05/30/26 06:30:53 AM,5.01,6.68,292.0,8.137,81.286,1069.350,5.132
30641,05/30/26 06:40:53 AM,4.68,6.35,300.4,8.443,80.484,1069.350,5.288
30642,05/30/26 06:50:53 AM,5.01,7.01,303.2,9.006,78.778,1069.350,5.529
30643,05/30/26 07:00:53 AM,5.34,8.02,299.0,9.740,76.352,1069.350,5.790
30644,05/30/26 07:10:53 AM,5.34,7.68,293.4,10.209,74.766,1069.350,5.941
30645,05/30/26 07:20:53 AM,4.34,6.35,282.2,10.716,73.628,1069.350,6.209
30646,05/30/26 07:30:53 AM,5.01,7.68,271.0,11.075,72.380,1069.350,6.308
30647,05/30/26 07:40:53 AM,6.01,8.68,271.0,11.065,72.049,1069.350,6.232
30648,05/30/26 07:50:53 AM,5.68,8.68,276.6,11.274,71.725,1069.350,6.367
30649,05/30/26 08:00:53 AM,6.01,8.35,275.2,11.456,71.191,1069.350,6.434
30650,05/30/26 08:10:53 AM,6.35,8.35,283.6,11.783,70.408,1069.350,6.588
30651,05/30/26 08:20:53 AM,6.01,9.02,282.2,11.907,70.375,1069.350,6.700
30652,05/30/26 08:30:53 AM,6.35,9.02,273.8,11.976,70.672,1069.350,6.827
30653,05/30/26 08:40:53 AM,7.01,9.68,278.0,12.148,70.367,1069.350,6.930
30654,05/30/26 08:50:53 AM,7.35,10.69,276.6,12.285,70.291,1069.350,7.045
30655,05/30/26 09:00:53 AM,7.35,11.02,272.4,12.470,70.201,1069.350,7.204
30656,05/30/26 09:10:53 AM,7.68,11.02,272.4,12.478,70.249,1069.350,7.222
30657,05/30/26 09:20:53 AM,7.01,10.35,268.1,12.912,69.723,1069.350,7.528
30658,05/30/26 09:30:53 AM,7.35,10.69,273.8,13.287,68.667,1069.350,7.664
30659,05/30/26 09:40:53 AM,7.68,11.02,276.6,13.365,68.023,1069.350,7.600
30660,05/30/26 09:50:53 AM,7.01,11.02,273.8,13.697,67.282,1069.350,7.757
30661,05/30/26 10:00:53 AM,7.35,11.35,275.2,13.714,67.140,1069.350,7.742
30662,05/30/26 10:10:53 AM,7.01,11.02,280.8,13.907,66.998,1069.350,7.895
30663,05/30/26 10:20:53 AM,7.35,11.35,279.4,14.038,66.166,1069.350,7.836
30664,05/30/26 10:30:53 AM,8.02,11.69,272.4,14.043,65.551,1069.350,7.704
30665,05/30/26 10:40:53 AM,7.68,11.69,275.2,14.330,64.596,1069.350,7.762
30666,05/30/26 10:50:53 AM,7.68,11.02,279.4,14.344,64.627,1069.350,7.782
30667,05/30/26 11:00:53 AM,8.35,11.02,269.6,14.459,64.085,1069.350,7.768
30668,05/30/26 11:10:53 AM,8.35,12.02,275.2,14.440,63.867,1069.350,7.700
30669,05/30/26 11:20:53 AM,7.68,11.02,272.4,14.475,63.743,1069.350,7.704
30670,05/30/26 11:30:53 AM,7.68,12.02,278.0,14.853,63.056,1069.350,7.903
30671,05/30/26 11:40:53 AM,7.01,11.02,276.6,15.322,61.895,1069.350,8.074
30672,05/30/26 11:50:53 AM,7.68,11.02,271.0,15.598,60.745,1069.350,8.058
30673,05/30/26 12:00:53 PM,7.35,10.35,271.0,16.169,59.541,1069.350,8.301
30674,05/30/26 12:10:53 PM,7.01,10.35,271.0,15.604,60.383,1069.350,7.976
30675,05/30/26 12:20:53 PM,7.35,11.35,276.6,16.008,59.513,1069.350,8.143
30676,05/30/26 12:30:53 PM,7.01,12.02,276.6,16.448,58.425,1069.350,8.284
30677,05/30/26 12:40:53 PM,6.68,10.02,275.2,16.620,56.947,1069.350,8.068
30678,05/30/26 12:50:53 PM,7.01,11.35,278.0,16.258,57.162,1069.350,7.785
30679,05/30/26 01:00:53 PM,7.01,11.02,283.6,16.864,56.222,1069.350,8.107
30680,05/30/26 01:10:53 PM,6.68,11.02,283.6,16.695,55.196,1069.350,7.679
30681,05/30/26 01:20:53 PM,7.01,11.69,282.2,16.598,55.653,1069.350,7.710
30682,05/30/26 01:30:53 PM,7.01,11.02,275.2,17.108,54.076,1069.350,7.763
